289 0 381 0 381 54.00000000000001 289 54.00000000000001 BIODEGRADABLE 0
287 7 376 7 376 125.99999999999999 287 125.99999999999999 BIODEGRADABLE 0
244 49 289 49 289 125 244 125 BIODEGRADABLE 0
310 114.00000000000001 405 114.00000000000001 405 179 310 179 BIODEGRADABLE 0
298 183 415 183 415 249 298 249 BIODEGRADABLE 0
293 159 333 159 333 193 293 193 BIODEGRADABLE 0
264 217 370 217 370 291 264 291 BIODEGRADABLE 0
318 252.99999999999997 354 252.99999999999997 354 327 318 327 BIODEGRADABLE 0
286 266 374 266 374 376 286 376 BIODEGRADABLE 0
284 286 341 286 341 394 284 394 BIODEGRADABLE 0
257 286 341 286 341 414 257 414 BIODEGRADABLE 0
51 0 295 0 295 72 51 72 BIODEGRADABLE 0
2 40 309 40 309 181 2 181 BIODEGRADABLE 0
42 118 318 118 318 225.99999999999997 42 225.99999999999997 BIODEGRADABLE 0
2 166 303 166 303 356 2 356 BIODEGRADABLE 0
26 250 304 250 304 414 26 414 BIODEGRADABLE 0