289 48 415 48 415 255.00000000000003 289 255.00000000000003 BIODEGRADABLE 0
300 2 407 2 407 52 300 52 BIODEGRADABLE 0
198 2 305 2 305 61 198 61 BIODEGRADABLE 0
228.00000000000003 56 339 56 339 191 228.00000000000003 191 BIODEGRADABLE 0
185 74 241.00000000000003 74 241.00000000000003 137 185 137 BIODEGRADABLE 0
152 104 218 104 218 172 152 172 BIODEGRADABLE 0
193 146 228.00000000000003 146 228.00000000000003 194 193 194 BIODEGRADABLE 0
215.00000000000003 146 251.99999999999997 146 251.99999999999997 174 215.00000000000003 174 BIODEGRADABLE 0
204 167 276 167 276 259 204 259 BIODEGRADABLE 0
131 180 211 180 211 278 131 278 BIODEGRADABLE 0
91 118 197 118 197 194 91 194 BIODEGRADABLE 0
89 59 172 59 172 133 89 133 BIODEGRADABLE 0
52 2 182 2 182 87 52 87 BIODEGRADABLE 0
1 1 52 1 52 17 1 17 BIODEGRADABLE 0
1 11 58 11 58 82 1 82 BIODEGRADABLE 0
21 58 85 58 85 124 21 124 BIODEGRADABLE 0
1 83 9 83 9 148 1 148 BIODEGRADABLE 0
1 146 58 146 58 211 1 211 BIODEGRADABLE 0
33 187 111 187 111 289 33 289 BIODEGRADABLE 0
302 244 415 244 415 335 302 335 BIODEGRADABLE 0
0 135 102 135 102 237 0 237 BIODEGRADABLE 0
37 198 150 198 150 326 37 326 BIODEGRADABLE 0
133 216.00000000000003 261 216.00000000000003 261 390 133 390 BIODEGRADABLE 0
255.00000000000003 206 314 206 314 291 255.00000000000003 291 BIODEGRADABLE 0
337 326 415 326 415 396 337 396 BIODEGRADABLE 0
229.00000000000003 292 305 292 305 338 229.00000000000003 338 BIODEGRADABLE 0
254.00000000000003 335 302 335 302 393 254.00000000000003 393 BIODEGRADABLE 0
219 344 265 344 265 396 219 396 BIODEGRADABLE 0
279 395 329 395 329 415 279 415 BIODEGRADABLE 0
323 379 363 379 363 415 323 415 BIODEGRADABLE 0
366 392 414 392 414 414 366 414 BIODEGRADABLE 0
306 340 346 340 346 392 306 392 BIODEGRADABLE 0
192 386 233 386 233 415 192 415 BIODEGRADABLE 0
233 390 280 390 280 415 233 415 BIODEGRADABLE 0
152 326 225.99999999999997 326 225.99999999999997 387 152 387 BIODEGRADABLE 0
141 377 163 377 163 407 141 407 BIODEGRADABLE 0
172 390 199 390 199 415 172 415 BIODEGRADABLE 0
159 408 196 408 196 415 159 415 BIODEGRADABLE 0
119.99999999999999 403 155 403 155 415 119.99999999999999 415 BIODEGRADABLE 0
106.99999999999999 385 133 385 133 413 106.99999999999999 413 BIODEGRADABLE 0
47 340 91 340 91 379 47 379 BIODEGRADABLE 0
70 316 125.99999999999999 316 125.99999999999999 350 70 350 BIODEGRADABLE 0
124 305 152 305 152 339 124 339 BIODEGRADABLE 0
2 292 45 292 45 331 2 331 BIODEGRADABLE 0
1 241.00000000000003 39 241.00000000000003 39 294 1 294 BIODEGRADABLE 0
1 341 39 341 39 381 1 381 BIODEGRADABLE 0
13 368 59 368 59 407 13 407 BIODEGRADABLE 0
37 401 84 401 84 415 37 415 BIODEGRADABLE 0
0 405 42 405 42 415 0 415 BIODEGRADABLE 0
1 1 415 1 415 415 1 415 BIODEGRADABLE 0