41 37 125.99999999999999 37 125.99999999999999 133 41 133 BIODEGRADABLE 0
10 35 74 35 74 57.00000000000001 10 57.00000000000001 BIODEGRADABLE 0
2 33 29 33 29 109 2 109 BIODEGRADABLE 0
123 37 184 37 184 74 123 74 BIODEGRADABLE 0
225.99999999999997 57.00000000000001 297 57.00000000000001 297 135 225.99999999999997 135 BIODEGRADABLE 0
249 50 315 50 315 92 249 92 BIODEGRADABLE 0
255.00000000000003 37 304 37 304 57.00000000000001 255.00000000000003 57.00000000000001 BIODEGRADABLE 0
181 33 244 33 244 77 181 77 BIODEGRADABLE 0
387 52 415 52 415 108.00000000000001 387 108.00000000000001 BIODEGRADABLE 0
323 181 381 181 381 257 323 257 BIODEGRADABLE 0
295 61 365 61 365 106.99999999999999 295 106.99999999999999 BIODEGRADABLE 0
323 102 385 102 385 170 323 170 BIODEGRADABLE 0
387 93 415 93 415 209 387 209 BIODEGRADABLE 0
370 185 415 185 415 247 370 247 BIODEGRADABLE 0
309 172 337 172 337 242.00000000000003 309 242.00000000000003 BIODEGRADABLE 0
230 116 326 116 326 239.99999999999997 230 239.99999999999997 BIODEGRADABLE 0
192 131 233 131 233 179 192 179 BIODEGRADABLE 0
134 94 219 94 219 218 134 218 BIODEGRADABLE 0
71 109 137 109 137 185 71 185 BIODEGRADABLE 0
16 112.99999999999999 71 112.99999999999999 71 179 16 179 BIODEGRADABLE 0
2 151 46 151 46 205 2 205 BIODEGRADABLE 0
2 207 57.00000000000001 207 57.00000000000001 309 2 309 BIODEGRADABLE 0
43 168 129 168 129 258 43 258 BIODEGRADABLE 0
22 301 70 301 70 336 22 336 BIODEGRADABLE 0
46 332 94 332 94 388 46 388 BIODEGRADABLE 0
74 368 123 368 123 394 74 394 BIODEGRADABLE 0
79 324 174 324 174 390 79 390 BIODEGRADABLE 0
88 320 139 320 139 366 88 366 BIODEGRADABLE 0
151 316 199 316 199 375 151 375 BIODEGRADABLE 0
204 340 245 340 245 388 204 388 BIODEGRADABLE 0
246 325 277 325 277 373 246 373 BIODEGRADABLE 0
263 312 323 312 323 375 263 375 BIODEGRADABLE 0
301 252.99999999999997 334 252.99999999999997 334 306 301 306 BIODEGRADABLE 0
318 272 364 272 364 338 318 338 BIODEGRADABLE 0
323 331 361 331 361 351 323 351 BIODEGRADABLE 0
356 279 410 279 410 359 356 359 BIODEGRADABLE 0
376 355 415 355 415 400 376 400 BIODEGRADABLE 0
405 291 415 291 415 360 405 360 BIODEGRADABLE 0
382 252.99999999999997 416 252.99999999999997 416 308 382 308 BIODEGRADABLE 0
395 244 415 244 415 291 395 291 BIODEGRADABLE 0
169 185 248 185 248 281 169 281 BIODEGRADABLE 0
136 224 170 224 170 266 136 266 BIODEGRADABLE 0
172 266 238 266 238 340 172 340 BIODEGRADABLE 0
221 283 261 283 261 342 221 342 BIODEGRADABLE 0
237 231 322 231 322 316 237 316 BIODEGRADABLE 0
329 336 361 336 361 349 329 349 BIODEGRADABLE 0
317 340 344 340 344 368 317 368 BIODEGRADABLE 0