229.00000000000003 144 286 144 286 181 229.00000000000003 181 BIODEGRADABLE 0
229.00000000000003 127.00000000000001 276 127.00000000000001 276 149 229.00000000000003 149 BIODEGRADABLE 0
212 111 244 111 244 151 212 151 BIODEGRADABLE 0
205 149 233 149 233 189 205 189 BIODEGRADABLE 0
179 109 205 109 205 146 179 146 BIODEGRADABLE 0
139 122 183 122 183 154 139 154 BIODEGRADABLE 0
132 149 178 149 178 176 132 176 BIODEGRADABLE 0
162 149 196 149 196 181 162 181 BIODEGRADABLE 0
139 171 157 171 157 193 139 193 BIODEGRADABLE 0
143 184 167 184 167 218 143 218 BIODEGRADABLE 0
168 191 190 191 190 223 168 223 BIODEGRADABLE 0
197 191 218 191 218 228.00000000000003 197 228.00000000000003 BIODEGRADABLE 0
114.00000000000001 233 132 233 132 270 114.00000000000001 270 BIODEGRADABLE 0
102 171 128 171 128 203 102 203 BIODEGRADABLE 0
115 141 136 141 136 166 115 166 BIODEGRADABLE 0
78 211 103 211 103 233 78 233 BIODEGRADABLE 0
71 238 93 238 93 258 71 258 BIODEGRADABLE 0
76 243 101 243 101 265 76 265 BIODEGRADABLE 0
92 263 118 263 118 288 92 288 BIODEGRADABLE 0
221 270 235 270 235 285 221 285 BIODEGRADABLE 0
261 263 281 263 281 290 261 290 BIODEGRADABLE 0
273 283 293 283 293 305 273 305 BIODEGRADABLE 0
296 273 322 273 322 295 296 295 BIODEGRADABLE 0
311 248 333 248 333 278 311 278 BIODEGRADABLE 0
314 225.99999999999997 332 225.99999999999997 332 248 314 248 BIODEGRADABLE 0
307 196 319 196 319 223 307 223 BIODEGRADABLE 0
264 191 286 191 286 225 264 225 BIODEGRADABLE 0
246 189 262 189 262 223 246 223 BIODEGRADABLE 0
280 156 296 156 296 186 280 186 BIODEGRADABLE 0
197 149 208 149 208 174 197 174 BIODEGRADABLE 0
201 122 219 122 219 137 201 137 BIODEGRADABLE 0
73 111 333 111 333 317 73 317 BIODEGRADABLE 0