18 251.99999999999997 184 251.99999999999997 184 361 18 361 BIODEGRADABLE 0
53 203 182 203 182 355 53 355 BIODEGRADABLE 0
89 125.99999999999999 147 125.99999999999999 147 218 89 218 BIODEGRADABLE 0
104 64 157 64 157 132 104 132 BIODEGRADABLE 0
158 67 212.99999999999997 67 212.99999999999997 137 158 137 BIODEGRADABLE 0
178 21 339 21 339 162 178 162 BIODEGRADABLE 0
181 94 326 94 326 207 181 207 BIODEGRADABLE 0
137 193 192 193 192 265 137 265 BIODEGRADABLE 0
136 119.99999999999999 178 119.99999999999999 178 194 136 194 BIODEGRADABLE 0
123 225.99999999999997 173 225.99999999999997 173 288 123 288 BIODEGRADABLE 0
171 243 277 243 277 363 171 363 BIODEGRADABLE 0
187 167 252.99999999999997 167 252.99999999999997 261 187 261 BIODEGRADABLE 0
181 137 241.00000000000003 137 241.00000000000003 195 181 195 BIODEGRADABLE 0
244 154 284 154 284 239.99999999999997 244 239.99999999999997 BIODEGRADABLE 0
244 137 292 137 292 156 244 156 BIODEGRADABLE 0
286 152 328 152 328 224 286 224 BIODEGRADABLE 0
266 224 318 224 318 290 266 290 BIODEGRADABLE 0
0 1 386 1 386 354 0 354 PAPER 0