327 328 415 328 415 414 327 414 BIODEGRADABLE 0
335 237 391 237 391 328 335 328 BIODEGRADABLE 0
388 262 415 262 415 330 388 330 BIODEGRADABLE 0
386 318 414 318 414 350 386 350 BIODEGRADABLE 0
377 191 415 191 415 266 377 266 BIODEGRADABLE 0
371 157 411 157 411 205 371 205 BIODEGRADABLE 0
404 139 414 139 414 196 404 196 BIODEGRADABLE 0
326 78 392 78 392 164 326 164 BIODEGRADABLE 0
369 125 403 125 403 171 369 171 BIODEGRADABLE 0
395 82 415 82 415 148 395 148 BIODEGRADABLE 0
360 59 407 59 407 127.00000000000001 360 127.00000000000001 BIODEGRADABLE 0
404 0 414 0 414 59 404 59 BIODEGRADABLE 0
318 68 359 68 359 102 318 102 BIODEGRADABLE 0
295 0 345 0 345 41 295 41 BIODEGRADABLE 0
235 0 297 0 297 75 235 75 BIODEGRADABLE 0
268 52 321 52 321 132 268 132 BIODEGRADABLE 0
301 112 339 112 339 178 301 178 BIODEGRADABLE 0
287 180 333 180 333 250 287 250 BIODEGRADABLE 0
328 164 378 164 378 244 328 244 BIODEGRADABLE 0
298 241.00000000000003 340 241.00000000000003 340 323 298 323 BIODEGRADABLE 0
299 316 339 316 339 386 299 386 BIODEGRADABLE 0
306 386 328 386 328 414 306 414 BIODEGRADABLE 0
262 323 312 323 312 401 262 401 BIODEGRADABLE 0
263 398 310 398 310 414 263 414 BIODEGRADABLE 0
266 307 298 307 298 335 266 335 BIODEGRADABLE 0
270 248 298 248 298 316 270 316 BIODEGRADABLE 0
245 203 291 203 291 275 245 275 BIODEGRADABLE 0
258 128 306 128 306 212 258 212 BIODEGRADABLE 0
250 118 285 118 285 164 250 164 BIODEGRADABLE 0
265 80 291 80 291 128 265 128 BIODEGRADABLE 0
209 69 262 69 262 137 209 137 BIODEGRADABLE 0
221 130 248 130 248 160 221 160 BIODEGRADABLE 0
212 159 262 159 262 250 212 250 BIODEGRADABLE 0
206 257 276 257 276 345 206 345 BIODEGRADABLE 0
225 334 271 334 271 409 225 409 BIODEGRADABLE 0
217 386 252.99999999999997 386 252.99999999999997 414 217 414 BIODEGRADABLE 0
191 330 232 330 232 392 191 392 BIODEGRADABLE 0
145 257 203 257 203 323 145 323 BIODEGRADABLE 0
173 219 226.99999999999997 219 226.99999999999997 305 173 305 BIODEGRADABLE 0
183 196 210 196 210 228.00000000000003 183 228.00000000000003 BIODEGRADABLE 0
180 132 228.00000000000003 132 228.00000000000003 200 180 200 BIODEGRADABLE 0
183 89 207 89 207 137 183 137 BIODEGRADABLE 0
176 23 246 23 246 91 176 91 BIODEGRADABLE 0
144 7 213.99999999999997 7 213.99999999999997 82 144 82 BIODEGRADABLE 0
154 0 194 0 194 12 154 12 BIODEGRADABLE 0
204 0 238 0 238 9 204 9 BIODEGRADABLE 0
109 0 155 0 155 32 109 32 BIODEGRADABLE 0
99 29.999999999999996 149 29.999999999999996 149 84 99 84 BIODEGRADABLE 0
112 73 164 73 164 161 112 161 BIODEGRADABLE 0
147 82 193 82 193 157 147 157 BIODEGRADABLE 0
121.00000000000001 153 186 153 186 257 121.00000000000001 257 BIODEGRADABLE 0
136 241.00000000000003 171 241.00000000000003 171 273 136 273 BIODEGRADABLE 0
103 268 149 268 149 332 103 332 BIODEGRADABLE 0
106 328 164 328 164 403 106 403 BIODEGRADABLE 0
152 362 213.99999999999997 362 213.99999999999997 414 152 414 BIODEGRADABLE 0
106 398 150 398 150 414 106 414 BIODEGRADABLE 0
59 344 111 344 111 414 59 414 BIODEGRADABLE 0
94 330 115 330 115 358 94 358 BIODEGRADABLE 0
4 328 58 328 58 403 4 403 BIODEGRADABLE 0
33 392 68 392 68 414 33 414 BIODEGRADABLE 0
0 314 12 314 12 382 0 382 BIODEGRADABLE 0
0 266 52 266 52 333 0 333 BIODEGRADABLE 0
80 273 114.00000000000001 273 114.00000000000001 332 80 332 BIODEGRADABLE 0
59.99999999999999 221 100 221 100 285 59.99999999999999 285 BIODEGRADABLE 0
89 198 136 198 136 266 89 266 BIODEGRADABLE 0
18 200 64 200 64 280 18 280 BIODEGRADABLE 0
61 123 115 123 115 207 61 207 BIODEGRADABLE 0
64 204 94 204 94 232 64 232 BIODEGRADABLE 0
37 141 65 141 65 207 37 207 BIODEGRADABLE 0
0 173 38 173 38 221 0 221 BIODEGRADABLE 0
0 218 12 218 12 264 0 264 BIODEGRADABLE 0
9 216.00000000000003 24 216.00000000000003 24 262 9 262 BIODEGRADABLE 0
0 114.00000000000001 21 114.00000000000001 21 173 0 173 BIODEGRADABLE 0
9 96 45 96 45 180 9 180 BIODEGRADABLE 0
38 89 58 89 58 155 38 155 BIODEGRADABLE 0
29.999999999999996 1 100 1 100 105 29.999999999999996 105 BIODEGRADABLE 0
76 73 118 73 118 111 76 111 BIODEGRADABLE 0
65 112 117 112 117 155 65 155 BIODEGRADABLE 0
28 0 112 0 112 41 28 41 BIODEGRADABLE 0
0 0 33 0 33 37 0 37 BIODEGRADABLE 0
0 25 44 25 44 116 0 116 BIODEGRADABLE 0