294 280 414 280 414 391 294 391 BIODEGRADABLE 0
339 379 414 379 414 415 339 415 BIODEGRADABLE 0
298 81 414 81 414 233 298 233 BIODEGRADABLE 0
392 228.00000000000003 414 228.00000000000003 414 294 392 294 BIODEGRADABLE 0
392 1 415 1 415 81 392 81 BIODEGRADABLE 0
155 239.99999999999997 260 239.99999999999997 260 320 155 320 BIODEGRADABLE 0
144 304 234 304 234 380 144 380 BIODEGRADABLE 0
191 359 292 359 292 415 191 415 BIODEGRADABLE 0
251 330 343 330 343 394 251 394 BIODEGRADABLE 0
251 254.00000000000003 337 254.00000000000003 337 328 251 328 BIODEGRADABLE 0
252.99999999999997 209 345 209 345 267 252.99999999999997 267 BIODEGRADABLE 0
358 249 401 249 401 286 358 286 BIODEGRADABLE 0
168 162 266 162 266 238 168 238 BIODEGRADABLE 0
247 116 315 116 315 202 247 202 BIODEGRADABLE 0
238 12 362 12 362 108.00000000000001 238 108.00000000000001 BIODEGRADABLE 0
339 1 398 1 398 56 339 56 BIODEGRADABLE 0
146 1 234 1 234 55 146 55 BIODEGRADABLE 0
233 1 299 1 299 21 233 21 BIODEGRADABLE 0
178 61 251 61 251 129 178 129 BIODEGRADABLE 0
152 127.00000000000001 239.99999999999997 127.00000000000001 239.99999999999997 183 152 183 BIODEGRADABLE 0
122 172 167 172 167 208 122 208 BIODEGRADABLE 0
73 204 174 204 174 281 73 281 BIODEGRADABLE 0
32 265 103 265 103 315 32 315 BIODEGRADABLE 0
45 307 139 307 139 384 45 384 BIODEGRADABLE 0
105 281 150 281 150 313 105 313 BIODEGRADABLE 0
18 371 114.00000000000001 371 114.00000000000001 415 18 415 BIODEGRADABLE 0
109 376 189 376 189 415 109 415 BIODEGRADABLE 0
0 304 54.00000000000001 304 54.00000000000001 357 0 357 BIODEGRADABLE 0
0 353 37 353 37 415 0 415 BIODEGRADABLE 0
1 235 41 235 41 309 1 309 BIODEGRADABLE 0
28 220 68 220 68 257 28 257 BIODEGRADABLE 0
28 171 118 171 118 233 28 233 BIODEGRADABLE 0
0 157 37 157 37 237 0 237 BIODEGRADABLE 0
0 88 20 88 20 167 0 167 BIODEGRADABLE 0
18 94 112 94 112 172 18 172 BIODEGRADABLE 0
78 42 176 42 176 127.00000000000001 78 127.00000000000001 BIODEGRADABLE 0
114.00000000000001 125 157 125 157 175 114.00000000000001 175 BIODEGRADABLE 0
45 1 142 1 142 45 45 45 BIODEGRADABLE 0
5 13 69 13 69 62.99999999999999 5 62.99999999999999 BIODEGRADABLE 0
11 48 86 48 86 106 11 106 BIODEGRADABLE 0