130 365 189 365 189 411 130 411 BIODEGRADABLE 0
164 344 228.00000000000003 344 228.00000000000003 385 164 385 BIODEGRADABLE 0
152 312 198 312 198 360 152 360 BIODEGRADABLE 0
100 309 159 309 159 361 100 361 BIODEGRADABLE 0
59 295 125 295 125 341 59 341 BIODEGRADABLE 0
134 254.00000000000003 184 254.00000000000003 184 292 134 292 BIODEGRADABLE 0
93 263 150 263 150 307 93 307 BIODEGRADABLE 0
159 266 216.00000000000003 266 216.00000000000003 306 159 306 BIODEGRADABLE 0
137 291 171 291 171 312 137 312 BIODEGRADABLE 0
175 297 226.99999999999997 297 226.99999999999997 324 175 324 BIODEGRADABLE 0
211 297 275 297 275 333 211 333 BIODEGRADABLE 0
246 260 294 260 294 298 246 298 BIODEGRADABLE 0
213.99999999999997 269 250 269 250 301 213.99999999999997 301 BIODEGRADABLE 0
189 232 238.99999999999997 232 238.99999999999997 286 189 286 BIODEGRADABLE 0
125 213.99999999999997 200 213.99999999999997 200 262 125 262 BIODEGRADABLE 0
75 209 132 209 132 255.00000000000003 75 255.00000000000003 BIODEGRADABLE 0
66 236 128 236 128 282 66 282 BIODEGRADABLE 0
25 217 95 217 95 270 25 270 BIODEGRADABLE 0
169 204 203 204 203 224 169 224 BIODEGRADABLE 0
125.99999999999999 197 164 197 164 223 125.99999999999999 223 BIODEGRADABLE 0
146 165 194 165 194 218 146 218 BIODEGRADABLE 0
82 159 162 159 162 209 82 209 BIODEGRADABLE 0
34 125.99999999999999 112 125.99999999999999 112 168 34 168 BIODEGRADABLE 0
105 125.99999999999999 155 125.99999999999999 155 168 105 168 BIODEGRADABLE 0
146 114.00000000000001 210 114.00000000000001 210 170 146 170 BIODEGRADABLE 0
29 1 415 1 415 355 29 355 BIODEGRADABLE 0