12 303 54.00000000000001 303 54.00000000000001 357 12 357 BIODEGRADABLE 0
2 357 12 357 12 395 2 395 BIODEGRADABLE 0
89 278 140 278 140 353 89 353 BIODEGRADABLE 0
53 213.99999999999997 99 213.99999999999997 99 268 53 268 BIODEGRADABLE 0
8 145 44 145 44 223 8 223 BIODEGRADABLE 0
2 100 85 100 85 178 2 178 BIODEGRADABLE 0
23 146 45 146 45 176 23 176 BIODEGRADABLE 0
36 139 62.99999999999999 139 62.99999999999999 226.99999999999997 36 226.99999999999997 BIODEGRADABLE 0
50 143 104 143 104 241.00000000000003 50 241.00000000000003 BIODEGRADABLE 0
29 64 106.99999999999999 64 106.99999999999999 155 29 155 BIODEGRADABLE 0
2 89 48 89 48 119 2 119 BIODEGRADABLE 0
2 37 94 37 94 105 2 105 BIODEGRADABLE 0
79 14 133 14 133 84 79 84 BIODEGRADABLE 0
98 69 137 69 137 157 98 157 BIODEGRADABLE 0
94 130 119.99999999999999 130 119.99999999999999 192 94 192 BIODEGRADABLE 0
103 177 143 177 143 257 103 257 BIODEGRADABLE 0
122 213.99999999999997 166 213.99999999999997 166 284 122 284 BIODEGRADABLE 0
151 189 196 189 196 277 151 277 BIODEGRADABLE 0
144 137 184 137 184 221 144 221 BIODEGRADABLE 0
133 94 161 94 161 187 133 187 BIODEGRADABLE 0
139 64 175 64 175 132 139 132 BIODEGRADABLE 0
136 106.99999999999999 208 106.99999999999999 208 166 136 166 BIODEGRADABLE 0
186 103 208 103 208 128 186 128 BIODEGRADABLE 0
202 41 256 41 256 98 202 98 BIODEGRADABLE 0
154 68 205 68 205 116 154 116 BIODEGRADABLE 0
141 43 175 43 175 75 141 75 BIODEGRADABLE 0
211 61 306 61 306 123 211 123 BIODEGRADABLE 0
262 89 315 89 315 123 262 123 BIODEGRADABLE 0
237 105 263 105 263 146 237 146 BIODEGRADABLE 0
187 106.99999999999999 252.99999999999997 106.99999999999999 252.99999999999997 164 187 164 BIODEGRADABLE 0
210 144 255.00000000000003 144 255.00000000000003 213.99999999999997 210 213.99999999999997 BIODEGRADABLE 0
187 169 219 169 219 203 187 203 BIODEGRADABLE 0
180 200 257 200 257 246 180 246 BIODEGRADABLE 0
151 205 191 205 191 277 151 277 BIODEGRADABLE 0
154 262 196 262 196 310 154 310 BIODEGRADABLE 0
186 228.00000000000003 225 228.00000000000003 225 316 186 316 BIODEGRADABLE 0
213.99999999999997 230 268 230 268 334 213.99999999999997 334 BIODEGRADABLE 0
281 284 385 284 385 346 281 346 BIODEGRADABLE 0
228.00000000000003 314 281 314 281 352 228.00000000000003 352 BIODEGRADABLE 0
199 339 389 339 389 409 199 409 BIODEGRADABLE 0
228.00000000000003 226.99999999999997 397 226.99999999999997 397 309 228.00000000000003 309 BIODEGRADABLE 0
382 250 415 250 415 309 382 309 BIODEGRADABLE 0
376 223 416 223 416 275 376 275 BIODEGRADABLE 0
276 175 404 175 404 241.00000000000003 276 241.00000000000003 BIODEGRADABLE 0
353 134 392 134 392 180 353 180 BIODEGRADABLE 0
363 169 413 169 413 221 363 221 BIODEGRADABLE 0
314 130 367 130 367 216.00000000000003 314 216.00000000000003 BIODEGRADABLE 0
300 161 321 161 321 207 300 207 BIODEGRADABLE 0
254.00000000000003 135 300 135 300 221 254.00000000000003 221 BIODEGRADABLE 0
282 112 314 112 314 162 282 162 BIODEGRADABLE 0
258 91 284 91 284 139 258 139 BIODEGRADABLE 0
192 106.99999999999999 228.00000000000003 106.99999999999999 228.00000000000003 150 192 150 BIODEGRADABLE 0