114.00000000000001 111 196 111 196 244 114.00000000000001 244 BIODEGRADABLE 0
85 135 125 135 125 190 85 190 BIODEGRADABLE 0
100 35 133 35 133 61 100 61 BIODEGRADABLE 0
166 64 234 64 234 144 166 144 BIODEGRADABLE 0
189 140 230 140 230 213.99999999999997 189 213.99999999999997 BIODEGRADABLE 0
175 205 224 205 224 247 175 247 BIODEGRADABLE 0
147 242.00000000000003 210 242.00000000000003 210 332 147 332 BIODEGRADABLE 0
202 220 262 220 262 316 202 316 BIODEGRADABLE 0
184 314 254.00000000000003 314 254.00000000000003 410 184 410 BIODEGRADABLE 0
237 308 281 308 281 364 237 364 BIODEGRADABLE 0
257 229.00000000000003 307 229.00000000000003 307 309 257 309 BIODEGRADABLE 0
268 213.99999999999997 348 213.99999999999997 348 286 268 286 BIODEGRADABLE 0
221 144 270 144 270 229.00000000000003 221 229.00000000000003 BIODEGRADABLE 0
233 37 312 37 312 183 233 183 BIODEGRADABLE 0
235 35 341 35 341 133 235 133 BIODEGRADABLE 0
322 50 416 50 416 168 322 168 BIODEGRADABLE 0
325 35 395 35 395 57.00000000000001 325 57.00000000000001 BIODEGRADABLE 0
389 37 415 37 415 75 389 75 BIODEGRADABLE 0
328 146 400 146 400 209 328 209 BIODEGRADABLE 0
317 131 331 131 331 164 317 164 BIODEGRADABLE 0
340 196 394 196 394 250 340 250 BIODEGRADABLE 0
306 238 360 238 360 325 306 325 BIODEGRADABLE 0
354 248 415 248 415 324 354 324 BIODEGRADABLE 0
384 222 415 222 415 255.00000000000003 384 255.00000000000003 BIODEGRADABLE 0
394 172 415 172 415 236 394 236 BIODEGRADABLE 0
17 153 44 153 44 181 17 181 BIODEGRADABLE 0
1 122 19 122 19 159 1 159 BIODEGRADABLE 0
2 155 16 155 16 199 2 199 BIODEGRADABLE 0
16 181 41 181 41 211 16 211 BIODEGRADABLE 0
2 198 29 198 29 233 2 233 BIODEGRADABLE 0
2 229.00000000000003 31 229.00000000000003 31 261 2 261 BIODEGRADABLE 0
1 261 19 261 19 281 1 281 BIODEGRADABLE 0
27.000000000000004 209 51 209 51 244 27.000000000000004 244 BIODEGRADABLE 0
38 198 62 198 62 242.00000000000003 38 242.00000000000003 BIODEGRADABLE 0
2 329 27.000000000000004 329 27.000000000000004 379 2 379 BIODEGRADABLE 0
17 355 49 355 49 401 17 401 BIODEGRADABLE 0
1 374 32 374 32 415 1 415 BIODEGRADABLE 0
43 319 85 319 85 351 43 351 BIODEGRADABLE 0
21 321 45 321 45 349 21 349 BIODEGRADABLE 0
49 349 89 349 89 388 49 388 BIODEGRADABLE 0
45 381 84 381 84 415 45 415 BIODEGRADABLE 0
72 394 100 394 100 415 72 415 BIODEGRADABLE 0
84 351 125 351 125 403 84 403 BIODEGRADABLE 0
79 325 112 325 112 357 79 357 BIODEGRADABLE 0
118 368 149 368 149 415 118 415 BIODEGRADABLE 0
95 398 127.00000000000001 398 127.00000000000001 415 95 415 BIODEGRADABLE 0
326 357 381 357 381 415 326 415 BIODEGRADABLE 0
293 377 328 377 328 415 293 415 BIODEGRADABLE 0
367 379 412 379 412 415 367 415 BIODEGRADABLE 0
382 327 416 327 416 383 382 383 BIODEGRADABLE 0
406 374 415 374 415 415 406 415 BIODEGRADABLE 0