332 380 385 380 385 414 332 414 BIODEGRADABLE 0
309 341 350 341 350 400 309 400 BIODEGRADABLE 0
318 287 370 287 370 351 318 351 BIODEGRADABLE 0
333 228.00000000000003 385 228.00000000000003 385 303 333 303 BIODEGRADABLE 0
379 178 415 178 415 250 379 250 BIODEGRADABLE 0
371 144 403 144 403 198 371 198 BIODEGRADABLE 0
339 192 379 192 379 230 339 230 BIODEGRADABLE 0
336 141 372 141 372 189 336 189 BIODEGRADABLE 0
333 100 373 100 373 141 333 141 BIODEGRADABLE 0
344 62 386 62 386 105 344 105 BIODEGRADABLE 0
309 166 344 166 344 221 309 221 BIODEGRADABLE 0
311 223 339 223 339 257 311 257 BIODEGRADABLE 0
295 282 329 282 329 336 295 336 BIODEGRADABLE 0
267 320 315 320 315 382 267 382 BIODEGRADABLE 0
285 382 317 382 317 414 285 414 BIODEGRADABLE 0
229.00000000000003 350 285 350 285 414 229.00000000000003 414 BIODEGRADABLE 0
225.99999999999997 323 267 323 267 371 225.99999999999997 371 BIODEGRADABLE 0
233 232 297 232 297 330 233 330 BIODEGRADABLE 0
273 162 315 162 315 237 273 237 BIODEGRADABLE 0
290 232 312 232 312 260 290 260 BIODEGRADABLE 0
237 191 277 191 277 237 237 237 BIODEGRADABLE 0
256 164 277 164 277 194 256 194 BIODEGRADABLE 0
262 102 303 102 303 166 262 166 BIODEGRADABLE 0
303 139 313 139 313 167 303 167 BIODEGRADABLE 0
310 130 337 130 337 169 310 169 BIODEGRADABLE 0
323 94 335 94 335 128 323 128 BIODEGRADABLE 0
277 71 324 71 324 137 277 137 BIODEGRADABLE 0
295 53 330 53 330 96 295 96 BIODEGRADABLE 0
309 39 337 39 337 78 309 78 BIODEGRADABLE 0
179 336 226.99999999999997 336 226.99999999999997 414 179 414 BIODEGRADABLE 0
191 280 239.99999999999997 280 239.99999999999997 352 191 352 BIODEGRADABLE 0
212 213.99999999999997 246 213.99999999999997 246 264 212 264 BIODEGRADABLE 0
189 157 241.00000000000003 157 241.00000000000003 226.99999999999997 189 226.99999999999997 BIODEGRADABLE 0
224 112 268 112 268 187 224 187 BIODEGRADABLE 0
192 96 233 96 233 153 192 153 BIODEGRADABLE 0
221 32 271 32 271 106.99999999999999 221 106.99999999999999 BIODEGRADABLE 0
264 21 300 21 300 69 264 69 BIODEGRADABLE 0
224 9 258 9 258 39 224 39 BIODEGRADABLE 0
189 16 229.00000000000003 16 229.00000000000003 70 189 70 BIODEGRADABLE 0
174 66 221 66 221 130 174 130 BIODEGRADABLE 0
157 16 191 16 191 59 157 59 BIODEGRADABLE 0
159 46 191 46 191 100 159 100 BIODEGRADABLE 0
145 98 177 98 177 123 145 123 BIODEGRADABLE 0
152 119 188 119 188 173 152 173 BIODEGRADABLE 0
109 121.00000000000001 155 121.00000000000001 155 191 109 191 BIODEGRADABLE 0
99 187 149 187 149 257 99 257 BIODEGRADABLE 0
132 232 167 232 167 280 132 280 BIODEGRADABLE 0
171 230 219 230 219 287 171 287 BIODEGRADABLE 0
141 175 191 175 191 243 141 243 BIODEGRADABLE 0
105 75 143 75 143 123 105 123 BIODEGRADABLE 0
119.99999999999999 32 156 32 156 82 119.99999999999999 82 BIODEGRADABLE 0
71 27.000000000000004 118 27.000000000000004 118 89 71 89 BIODEGRADABLE 0
33 62 82 62 82 119 33 119 BIODEGRADABLE 0
47 94 82 94 82 146 47 146 BIODEGRADABLE 0
77 109 115 109 115 164 77 164 BIODEGRADABLE 0
46 130 81 130 81 178 46 178 BIODEGRADABLE 0
1 118 44 118 44 180 1 180 BIODEGRADABLE 0
23 166 70 166 70 234 23 234 BIODEGRADABLE 0
71 166 115 166 115 228.00000000000003 71 228.00000000000003 BIODEGRADABLE 0
71 238.99999999999997 119.99999999999999 238.99999999999997 119.99999999999999 303 71 303 BIODEGRADABLE 0
35 237 73 237 73 284 35 284 BIODEGRADABLE 0
33 282 79 282 79 357 33 357 BIODEGRADABLE 0
71 303 123 303 123 387 71 387 BIODEGRADABLE 0
47 353 90 353 90 410 47 410 BIODEGRADABLE 0
70 386 123 386 123 414 70 414 BIODEGRADABLE 0
121.00000000000001 360 177 360 177 414 121.00000000000001 414 BIODEGRADABLE 0
121.00000000000001 284 171 284 171 362 121.00000000000001 362 BIODEGRADABLE 0
159 269 196 269 196 341 159 341 BIODEGRADABLE 0