154 162 232 162 232 245 154 245 BIODEGRADABLE 0
150 232 230 232 230 335 150 335 BIODEGRADABLE 0
189 252.99999999999997 275 252.99999999999997 275 339 189 339 BIODEGRADABLE 0
234 153 309 153 309 292 234 292 BIODEGRADABLE 0
273 251 325 251 325 304 273 304 BIODEGRADABLE 0
303 206 337 206 337 258 303 258 BIODEGRADABLE 0
262 165 371 165 371 224 262 224 BIODEGRADABLE 0
282 118 341 118 341 168 282 168 BIODEGRADABLE 0
243 92 323 92 323 168 243 168 BIODEGRADABLE 0
171 114.00000000000001 255.00000000000003 114.00000000000001 255.00000000000003 162 171 162 BIODEGRADABLE 0
71 133 180 133 180 207 71 207 BIODEGRADABLE 0
21 69 330 69 330 377 21 377 BIODEGRADABLE 0
102 0 314 0 314 76 102 76 BIODEGRADABLE 0
89 49 180 49 180 109 89 109 BIODEGRADABLE 0
65 1 137 1 137 106 65 106 BIODEGRADABLE 0
11 1 300 1 300 127.00000000000001 11 127.00000000000001 BIODEGRADABLE 0