33 66 117 66 117 129 33 129 BIODEGRADABLE 0
0 94 187 94 187 144 0 144 BIODEGRADABLE 0
26 142 218 142 218 215.00000000000003 26 215.00000000000003 BIODEGRADABLE 0
230 134 372 134 372 220 230 220 BIODEGRADABLE 0
295 176 414 176 414 298 295 298 BIODEGRADABLE 0
110 204 306 204 306 311 110 311 BIODEGRADABLE 0
0 198 96 198 96 286 0 286 BIODEGRADABLE 0
54.00000000000001 264 236 264 236 390 54.00000000000001 390 BIODEGRADABLE 0
248 276 414 276 414 378 248 378 BIODEGRADABLE 0
365 358 414 358 414 400 365 400 BIODEGRADABLE 0
189 336 353 336 353 416 189 416 BIODEGRADABLE 0
56 353 192 353 192 415 56 415 BIODEGRADABLE 0
0 301 73 301 73 387 0 387 BIODEGRADABLE 0