322 12 415 12 415 212.99999999999997 322 212.99999999999997 BIODEGRADABLE 0
241.00000000000003 3 327 3 327 237 241.00000000000003 237 BIODEGRADABLE 0
242.00000000000003 216.00000000000003 346 216.00000000000003 346 328 242.00000000000003 328 BIODEGRADABLE 0
205 226.99999999999997 271 226.99999999999997 271 356 205 356 BIODEGRADABLE 0
316 185 412 185 412 335 316 335 BIODEGRADABLE 0
344 14 415 14 415 257 344 257 BIODEGRADABLE 0
88 2 244 2 244 306 88 306 BIODEGRADABLE 0
136 266 290 266 290 416 136 416 BIODEGRADABLE 0
247 290 303 290 303 414 247 414 BIODEGRADABLE 0
88 301 137 301 137 368 88 368 BIODEGRADABLE 0
1 311 117 311 117 415 1 415 BIODEGRADABLE 0
1 3 125 3 125 388 1 388 BIODEGRADABLE 0