58 66 94 66 94 179 58 179 BIODEGRADABLE 0
98 176 134 176 134 306 98 306 BIODEGRADABLE 0
55 217 94 217 94 263 55 263 BIODEGRADABLE 0
39 184 86 184 86 271 39 271 BIODEGRADABLE 0
22 164 57.00000000000001 164 57.00000000000001 248 22 248 BIODEGRADABLE 0
17 56 59 56 59 166 17 166 BIODEGRADABLE 0
179 112 221 112 221 166 179 166 BIODEGRADABLE 0
348 207 374 207 374 291 348 291 BIODEGRADABLE 0
372 156 396 156 396 225 372 225 BIODEGRADABLE 0
329 82 380 82 380 154 329 154 BIODEGRADABLE 0
305 143 348 143 348 245 305 245 BIODEGRADABLE 0
290 146 317 146 317 204 290 204 BIODEGRADABLE 0
281 127.00000000000001 304 127.00000000000001 304 189 281 189 BIODEGRADABLE 0
291 209 321 209 321 273 291 273 BIODEGRADABLE 0
251 161 295 161 295 286 251 286 BIODEGRADABLE 0
221 150 259 150 259 314 221 314 BIODEGRADABLE 0
204 307 238.99999999999997 307 238.99999999999997 386 204 386 BIODEGRADABLE 0
9 291 70 291 70 388 9 388 BIODEGRADABLE 0
1 1 416 1 416 415 1 415 BIODEGRADABLE 0