29.999999999999996 36 72 36 72 146 29.999999999999996 146 BIODEGRADABLE 0
44 2 96 2 96 66 44 66 BIODEGRADABLE 0
28 3 47 3 47 47 28 47 BIODEGRADABLE 0
29 134 89 134 89 238 29 238 BIODEGRADABLE 0
29.999999999999996 200 82 200 82 268 29.999999999999996 268 BIODEGRADABLE 0
26 204 167 204 167 415 26 415 BIODEGRADABLE 0
72 3 170 3 170 231 72 231 BIODEGRADABLE 0
164 3 278 3 278 112.99999999999999 164 112.99999999999999 BIODEGRADABLE 0
196 3 317 3 317 257 196 257 BIODEGRADABLE 0
296 2 378 2 378 108.00000000000001 296 108.00000000000001 BIODEGRADABLE 0
270 3 328 3 328 36 270 36 BIODEGRADABLE 0
266 52 378 52 378 276 266 276 BIODEGRADABLE 0
381 2 415 2 415 133 381 133 BIODEGRADABLE 0
373 91 415 91 415 171 373 171 BIODEGRADABLE 0
398 133 415 133 415 184 398 184 BIODEGRADABLE 0
336 329 415 329 415 416 336 416 BIODEGRADABLE 0
315 291 410 291 410 415 315 415 BIODEGRADABLE 0
410 192 415 192 415 306 410 306 BIODEGRADABLE 0
255.00000000000003 169 411 169 411 415 255.00000000000003 415 BIODEGRADABLE 0
133 245 273 245 273 383 133 383 BIODEGRADABLE 0
168 359 260 359 260 415 168 415 BIODEGRADABLE 0
109 315 179 315 179 415 109 415 BIODEGRADABLE 0
53 390 116 390 116 415 53 415 BIODEGRADABLE 0