256 166 344 166 344 300 256 300 BIODEGRADABLE 0
251 51 386 51 386 355 251 355 BIODEGRADABLE 0
194 71 279 71 279 209 194 209 BIODEGRADABLE 0
168 3 245 3 245 96 168 96 BIODEGRADABLE 0
119.99999999999999 59 194 59 194 159 119.99999999999999 159 BIODEGRADABLE 0
117 137 193 137 193 255.00000000000003 117 255.00000000000003 BIODEGRADABLE 0
182 184 258 184 258 314 182 314 BIODEGRADABLE 0
236 282 311 282 311 415 236 415 BIODEGRADABLE 0
55 123 127.00000000000001 123 127.00000000000001 235 55 235 BIODEGRADABLE 0
83 230 127.00000000000001 230 127.00000000000001 318 83 318 BIODEGRADABLE 0
121.00000000000001 250 155 250 155 312 121.00000000000001 312 BIODEGRADABLE 0
156 255.00000000000003 165 255.00000000000003 165 273 156 273 BIODEGRADABLE 0
168 237 208 237 208 312 168 312 BIODEGRADABLE 0
141 273 184 273 184 337 141 337 BIODEGRADABLE 0
195 310 241.00000000000003 310 241.00000000000003 348 195 348 BIODEGRADABLE 0
237 345 265 345 265 407 237 407 BIODEGRADABLE 0
203 348 238 348 238 410 203 410 BIODEGRADABLE 0
177 332 212.99999999999997 332 212.99999999999997 400 177 400 BIODEGRADABLE 0
181 398 223 398 223 415 181 415 BIODEGRADABLE 0
222 402 255.00000000000003 402 255.00000000000003 415 222 415 BIODEGRADABLE 0
150 316 190 316 190 357 150 357 BIODEGRADABLE 0
136 348 177 348 177 410 136 410 BIODEGRADABLE 0
133 404 182 404 182 415 133 415 BIODEGRADABLE 0
91 362 135 362 135 414 91 414 BIODEGRADABLE 0
104 303 147 303 147 362 104 362 BIODEGRADABLE 0
94 282 125.99999999999999 282 125.99999999999999 320 94 320 BIODEGRADABLE 0
76 318 112.99999999999999 318 112.99999999999999 384 76 384 BIODEGRADABLE 0
53 268 85 268 85 330 53 330 BIODEGRADABLE 0
35 228.00000000000003 66 228.00000000000003 66 275 35 275 BIODEGRADABLE 0