210 2 336 2 336 94 210 94 BIODEGRADABLE 0
269 94 373 94 373 213.99999999999997 269 213.99999999999997 BIODEGRADABLE 0
258 81 336 81 336 141 258 141 BIODEGRADABLE 0
137 77 265 77 265 169 137 169 BIODEGRADABLE 0
141 14.999999999999998 215.00000000000003 14.999999999999998 215.00000000000003 81 141 81 BIODEGRADABLE 0
5 3 146 3 146 95 5 95 BIODEGRADABLE 0
52 59 169 59 169 165 52 165 BIODEGRADABLE 0
0 62 48 62 48 144 0 144 BIODEGRADABLE 0
0 142 85 142 85 252.99999999999997 0 252.99999999999997 BIODEGRADABLE 0
68 165 202 165 202 276 68 276 BIODEGRADABLE 0
173 143 297 143 297 238.99999999999997 173 238.99999999999997 BIODEGRADABLE 0
180 225.99999999999997 330 225.99999999999997 330 348 180 348 BIODEGRADABLE 0
319 218 375 218 375 336 319 336 BIODEGRADABLE 0
215.00000000000003 323 360 323 360 407 215.00000000000003 407 BIODEGRADABLE 0
134 370 257 370 257 415 134 415 BIODEGRADABLE 0
0 317 160 317 160 415 0 415 BIODEGRADABLE 0
0 252.99999999999997 106 252.99999999999997 106 320 0 320 BIODEGRADABLE 0