82 125 360 125 360 303 82 303 BIODEGRADABLE 0
50 2 296 2 296 64 50 64 BIODEGRADABLE 0
2 2 82 2 82 90 2 90 BIODEGRADABLE 0
2 94 98 94 98 248 2 248 BIODEGRADABLE 0
3 265 39 265 39 339 3 339 BIODEGRADABLE 0
25 225 177 225 177 339 25 339 BIODEGRADABLE 0
80 45 289 45 289 159 80 159 BIODEGRADABLE 0
152 284 383 284 383 415 152 415 BIODEGRADABLE 0
2 334 167 334 167 415 2 415 BIODEGRADABLE 0
273 1 415 1 415 185 273 185 BIODEGRADABLE 0
302 165 415 165 415 312 302 312 BIODEGRADABLE 0
346 308 415 308 415 416 346 416 BIODEGRADABLE 0