5 200 88 200 88 280 5 280 BIODEGRADABLE 0
2 122 59 122 59 204 2 204 BIODEGRADABLE 0
32 89 48 89 48 119.99999999999999 32 119.99999999999999 BIODEGRADABLE 0
2 91 34 91 34 125.99999999999999 2 125.99999999999999 BIODEGRADABLE 0
12 17 62 17 62 91 12 91 BIODEGRADABLE 0
44 19 182 19 182 174 44 174 BIODEGRADABLE 0
47 1 100 1 100 48 47 48 BIODEGRADABLE 0
62 0 140 0 140 21 62 21 BIODEGRADABLE 0
116 3 140 3 140 25 116 25 BIODEGRADABLE 0
136 1 265 1 265 99 136 99 BIODEGRADABLE 0
273 51 415 51 415 334 273 334 BIODEGRADABLE 0
195 276 381 276 381 379 195 379 BIODEGRADABLE 0
183 340 198 340 198 362 183 362 BIODEGRADABLE 0
178 301 196 301 196 319 178 319 BIODEGRADABLE 0
182 367 192 367 192 383 182 383 BIODEGRADABLE 0
147 375 163 375 163 383 147 383 BIODEGRADABLE 0
145 359 160 359 160 377 145 377 BIODEGRADABLE 0
125 361 140 361 140 381 125 381 BIODEGRADABLE 0
115 355 129 355 129 377 115 377 BIODEGRADABLE 0
75 351 89 351 89 367 75 367 BIODEGRADABLE 0
66 299 80 299 80 311 66 311 BIODEGRADABLE 0
21 276 37 276 37 288 21 288 BIODEGRADABLE 0
83 289 95 289 95 307 83 307 BIODEGRADABLE 0
130 287 138 287 138 295 130 295 BIODEGRADABLE 0
119.99999999999999 291 133 291 133 299 119.99999999999999 299 BIODEGRADABLE 0
130 307 146 307 146 321 130 321 BIODEGRADABLE 0
90 208 134 208 134 268 90 268 BIODEGRADABLE 0
92 179 138 179 138 213.99999999999997 92 213.99999999999997 BIODEGRADABLE 0
55 156 121.00000000000001 156 121.00000000000001 206 55 206 BIODEGRADABLE 0
122 147 250 147 250 299 122 299 BIODEGRADABLE 0
235 161 287 161 287 238.99999999999997 235 238.99999999999997 BIODEGRADABLE 0
186 31 343 31 343 198 186 198 BIODEGRADABLE 0
258 1 387 1 387 116 258 116 BIODEGRADABLE 0