49 74 122 74 122 252.99999999999997 49 252.99999999999997 BIODEGRADABLE 0
36 149 128 149 128 313 36 313 BIODEGRADABLE 0
22 193 106 193 106 337 22 337 BIODEGRADABLE 0
93 85 150 85 150 225.99999999999997 93 225.99999999999997 BIODEGRADABLE 0
123 122 159 122 159 270 123 270 BIODEGRADABLE 0
136 243 230 243 230 310 136 310 BIODEGRADABLE 0
109 295 277 295 277 367 109 367 BIODEGRADABLE 0
251.99999999999997 243 284 243 284 310 251.99999999999997 310 BIODEGRADABLE 0
177 183 276 183 276 307 177 307 BIODEGRADABLE 0
158 193 219 193 219 255.00000000000003 158 255.00000000000003 BIODEGRADABLE 0
155 161 177 161 177 198 155 198 BIODEGRADABLE 0
153 32 270 32 270 198 153 198 BIODEGRADABLE 0
264 69 288 69 288 109 264 109 BIODEGRADABLE 0
273 102 299 102 299 136 273 136 BIODEGRADABLE 0
229.00000000000003 117 277 117 277 194 229.00000000000003 194 BIODEGRADABLE 0
275 112 387 112 387 295 275 295 BIODEGRADABLE 0