378 2 416 2 416 80 378 80 BIODEGRADABLE 0
300 46 415 46 415 152 300 152 BIODEGRADABLE 0
335 2 408 2 408 90 335 90 BIODEGRADABLE 0
316 2 348 2 348 44 316 44 BIODEGRADABLE 0
371 109 415 109 415 187 371 187 BIODEGRADABLE 0
318 71 378 71 378 139 318 139 BIODEGRADABLE 0
287 55 399 55 399 193 287 193 BIODEGRADABLE 0
285 10 330 10 330 156 285 156 BIODEGRADABLE 0
242.00000000000003 18 326 18 326 152 242.00000000000003 152 BIODEGRADABLE 0
208 21 294 21 294 164 208 164 BIODEGRADABLE 0
225 35 275 35 275 93 225 93 BIODEGRADABLE 0
183 32 230 32 230 93 183 93 BIODEGRADABLE 0
159 47 251 47 251 150 159 150 BIODEGRADABLE 0
234 138 281 138 281 233 234 233 BIODEGRADABLE 0
155 68 247 68 247 206 155 206 BIODEGRADABLE 0
181 83 217 83 217 143 181 143 BIODEGRADABLE 0
144 103 200 103 200 161 144 161 BIODEGRADABLE 0
129 101 181 101 181 177 129 177 BIODEGRADABLE 0
97 94 153 94 153 156 97 156 BIODEGRADABLE 0
118 130 148 130 148 164 118 164 BIODEGRADABLE 0
90 130 165 130 165 190 90 190 BIODEGRADABLE 0
129 172 146 172 146 200 129 200 BIODEGRADABLE 0
122 171 142 171 142 217 122 217 BIODEGRADABLE 0
99 154 119 154 119 212 99 212 BIODEGRADABLE 0
56 115 96 115 96 169 56 169 BIODEGRADABLE 0
71 158 99 158 99 195 71 195 BIODEGRADABLE 0
93 190 99 190 99 212 93 212 BIODEGRADABLE 0
45 158 88 158 88 206 45 206 BIODEGRADABLE 0
52 164 76 164 76 216.00000000000003 52 216.00000000000003 BIODEGRADABLE 0
73 199 90 199 90 220 73 220 BIODEGRADABLE 0
264 117 415 117 415 415 264 415 BIODEGRADABLE 0
106.99999999999999 303 319 303 319 415 106.99999999999999 415 BIODEGRADABLE 0
35 241.00000000000003 273 241.00000000000003 273 392 35 392 BIODEGRADABLE 0
178 167 236 167 236 271 178 271 BIODEGRADABLE 0
138 191 185 191 185 260 138 260 BIODEGRADABLE 0
41 222 189 222 189 296 41 296 BIODEGRADABLE 0
14.999999999999998 169 47 169 47 229.00000000000003 14.999999999999998 229.00000000000003 BIODEGRADABLE 0
9 151 22 151 22 169 9 169 BIODEGRADABLE 0
2 2 28 2 28 54.00000000000001 2 54.00000000000001 BIODEGRADABLE 0