23 138 148 138 148 188 23 188 BIODEGRADABLE 0
39 144 96 144 96 185 39 185 BIODEGRADABLE 0
29.999999999999996 153 50 153 50 171 29.999999999999996 171 BIODEGRADABLE 0
52 117 84 117 84 139 52 139 BIODEGRADABLE 0
23 64 95 64 95 140 23 140 BIODEGRADABLE 0
98 119.99999999999999 112 119.99999999999999 112 141 98 141 BIODEGRADABLE 0
69 93 137 93 137 129 69 129 BIODEGRADABLE 0
77 82 118 82 118 110 77 110 BIODEGRADABLE 0
57.00000000000001 44 82 44 82 59 57.00000000000001 59 BIODEGRADABLE 0
28 186 48 186 48 200 28 200 BIODEGRADABLE 0
44 181 64 181 64 191 44 191 BIODEGRADABLE 0
28 198 46 198 46 210 28 210 BIODEGRADABLE 0
9 197 27.000000000000004 197 27.000000000000004 212.99999999999997 9 212.99999999999997 BIODEGRADABLE 0
10 188 29.999999999999996 188 29.999999999999996 198 10 198 BIODEGRADABLE 0
3 180 21 180 21 192 3 192 BIODEGRADABLE 0
2 170 18 170 18 180 2 180 BIODEGRADABLE 0
7 212 29 212 29 232 7 232 BIODEGRADABLE 0
2 223 14 223 14 238 2 238 BIODEGRADABLE 0
98 159 130 159 130 179 98 179 BIODEGRADABLE 0
121.00000000000001 149 151 149 151 161 121.00000000000001 161 BIODEGRADABLE 0
128 159 153 159 153 180 128 180 BIODEGRADABLE 0
271 2 353 2 353 22 271 22 BIODEGRADABLE 0
271 6 321 6 321 29.999999999999996 271 29.999999999999996 BIODEGRADABLE 0
232 14.999999999999998 310 14.999999999999998 310 50 232 50 BIODEGRADABLE 0
278 25 330 25 330 52 278 52 BIODEGRADABLE 0
300 29.999999999999996 378 29.999999999999996 378 62 300 62 BIODEGRADABLE 0
330 21 392 21 392 55 330 55 BIODEGRADABLE 0
362 17 403 17 403 47 362 47 BIODEGRADABLE 0
384 1 415 1 415 19 384 19 BIODEGRADABLE 0
355 2 385 2 385 11 355 11 BIODEGRADABLE 0
259 2 352 2 352 22 259 22 BIODEGRADABLE 0
218 2 266 2 266 24 218 24 BIODEGRADABLE 0
404 18 415 18 415 72 404 72 BIODEGRADABLE 0
320 225.99999999999997 382 225.99999999999997 382 267 320 267 BIODEGRADABLE 0
318 185 348 185 348 220 318 220 BIODEGRADABLE 0
348 168 382 168 382 216.00000000000003 348 216.00000000000003 BIODEGRADABLE 0
305 170 348 170 348 218 305 218 BIODEGRADABLE 0
323 340 382 340 382 377 323 377 BIODEGRADABLE 0
243 383 300 383 300 415 243 415 BIODEGRADABLE 0
279 396 312 396 312 415 279 415 BIODEGRADABLE 0
146 377 162 377 162 398 146 398 BIODEGRADABLE 0
106.99999999999999 372 142 372 142 415 106.99999999999999 415 BIODEGRADABLE 0
91 363 148 363 148 387 91 387 BIODEGRADABLE 0
96 381 128 381 128 390 96 390 BIODEGRADABLE 0
39 389 125 389 125 403 39 403 BIODEGRADABLE 0
18 399 85 399 85 415 18 415 BIODEGRADABLE 0
48 405 92 405 92 415 48 415 BIODEGRADABLE 0
3 377 25 377 25 395 3 395 BIODEGRADABLE 0
3 363 39 363 39 384 3 384 BIODEGRADABLE 0
2 393 23 393 23 415 2 415 BIODEGRADABLE 0
7 315 43 315 43 363 7 363 BIODEGRADABLE 0
2 301 50 301 50 337 2 337 BIODEGRADABLE 0
2 287 29.999999999999996 287 29.999999999999996 304 2 304 BIODEGRADABLE 0
21 293 53 293 53 309 21 309 BIODEGRADABLE 0
5 345 23 345 23 357 5 357 BIODEGRADABLE 0
5 333 23 333 23 347 5 347 BIODEGRADABLE 0
39 338 55 338 55 350 39 350 BIODEGRADABLE 0
50 330 68 330 68 345 50 345 BIODEGRADABLE 0
39 347 77 347 77 368 39 368 BIODEGRADABLE 0
64 344 123 344 123 359 64 359 BIODEGRADABLE 0
86 354 114.00000000000001 354 114.00000000000001 378 86 378 BIODEGRADABLE 0
100 351 128 351 128 365 100 365 BIODEGRADABLE 0
7 359 64 359 64 379 7 379 BIODEGRADABLE 0
155 321 177 321 177 339 155 339 BIODEGRADABLE 0
168 315 200 315 200 327 168 327 BIODEGRADABLE 0
157 301 198 301 198 319 157 319 BIODEGRADABLE 0
150 293 186 293 186 309 150 309 BIODEGRADABLE 0
80 289 105 289 105 313 80 313 BIODEGRADABLE 0
66 293 86 293 86 315 66 315 BIODEGRADABLE 0
46 300 64 300 64 328 46 328 BIODEGRADABLE 0
69 317 91 317 91 339 69 339 BIODEGRADABLE 0
96 330 121.00000000000001 330 121.00000000000001 344 96 344 BIODEGRADABLE 0
139 331 159 331 159 371 139 371 BIODEGRADABLE 0
162 342 180 342 180 372 162 372 BIODEGRADABLE 0
23 267 57.00000000000001 267 57.00000000000001 282 23 282 BIODEGRADABLE 0
25 248 53 248 53 268 25 268 BIODEGRADABLE 0
43 235 71 235 71 251 43 251 BIODEGRADABLE 0
55 244 91 244 91 266 55 266 BIODEGRADABLE 0
59.99999999999999 261 98 261 98 285 59.99999999999999 285 BIODEGRADABLE 0
66 280 96 280 96 295 66 295 BIODEGRADABLE 0
96 264 121.00000000000001 264 121.00000000000001 282 96 282 BIODEGRADABLE 0
100 280 125 280 125 301 100 301 BIODEGRADABLE 0
116 294 134 294 134 306 116 306 BIODEGRADABLE 0
125 280 159 280 159 295 125 295 BIODEGRADABLE 0
146 276 166 276 166 285 146 285 BIODEGRADABLE 0
142 262 164 262 164 276 142 276 BIODEGRADABLE 0
118 264 146 264 146 279 118 279 BIODEGRADABLE 0
157 262 182 262 182 282 157 282 BIODEGRADABLE 0
177 271 207 271 207 287 177 287 BIODEGRADABLE 0
196 290 210 290 210 306 196 306 BIODEGRADABLE 0
200 265 230 265 230 281 200 281 BIODEGRADABLE 0
216.00000000000003 256 248 256 248 271 216.00000000000003 271 BIODEGRADABLE 0
223 238.99999999999997 255.00000000000003 238.99999999999997 255.00000000000003 254.00000000000003 223 254.00000000000003 BIODEGRADABLE 0
216.00000000000003 224 246 224 246 242.00000000000003 216.00000000000003 242.00000000000003 BIODEGRADABLE 0
243 218 268 218 268 238 243 238 BIODEGRADABLE 0
246 209 268 209 268 219 246 219 BIODEGRADABLE 0
257 199 293 199 293 215.00000000000003 257 215.00000000000003 BIODEGRADABLE 0
251.99999999999997 192 280 192 280 200 251.99999999999997 200 BIODEGRADABLE 0
278 168 314 168 314 194 278 194 BIODEGRADABLE 0
238.99999999999997 176 277 176 277 192 238.99999999999997 192 BIODEGRADABLE 0
213.99999999999997 174 246 174 246 189 213.99999999999997 189 BIODEGRADABLE 0
184 158 213.99999999999997 158 213.99999999999997 179 184 179 BIODEGRADABLE 0
171 124 185 124 185 145 171 145 BIODEGRADABLE 0
177 168 191 168 191 183 177 183 BIODEGRADABLE 0
93 179 123 179 123 194 93 194 BIODEGRADABLE 0
93 194 125 194 125 208 93 208 BIODEGRADABLE 0
84 205 114.00000000000001 205 114.00000000000001 220 84 220 BIODEGRADABLE 0
80 192 98 192 98 206 80 206 BIODEGRADABLE 0
66 206 86 206 86 222 66 222 BIODEGRADABLE 0
55 221 89 221 89 242.00000000000003 55 242.00000000000003 BIODEGRADABLE 0
89 219 111 219 111 233 89 233 BIODEGRADABLE 0
91 230 125 230 125 250 91 250 BIODEGRADABLE 0
91 248 111 248 111 262 91 262 BIODEGRADABLE 0
114.00000000000001 242.00000000000003 144 242.00000000000003 144 262 114.00000000000001 262 BIODEGRADABLE 0
121.00000000000001 236 137 236 137 245 121.00000000000001 245 BIODEGRADABLE 0
121.00000000000001 223 143 223 143 235 121.00000000000001 235 BIODEGRADABLE 0
130 209 160 209 160 226.99999999999997 130 226.99999999999997 BIODEGRADABLE 0
114.00000000000001 203 139 203 139 218 114.00000000000001 218 BIODEGRADABLE 0
150 195 159 195 159 201 150 201 BIODEGRADABLE 0
171 195 201 195 201 212.99999999999997 171 212.99999999999997 BIODEGRADABLE 0
179 181 207 181 207 197 179 197 BIODEGRADABLE 0
198 185 228.00000000000003 185 228.00000000000003 203 198 203 BIODEGRADABLE 0
223 192 257 192 257 207 223 207 BIODEGRADABLE 0
213.99999999999997 209 246 209 246 225 213.99999999999997 225 BIODEGRADABLE 0
198 205 228.00000000000003 205 228.00000000000003 221 198 221 BIODEGRADABLE 0
198 221 218 221 218 238.99999999999997 198 238.99999999999997 BIODEGRADABLE 0
178 212 200 212 200 230 178 230 BIODEGRADABLE 0
173 231 203 231 203 247 173 247 BIODEGRADABLE 0
177 247 205 247 205 261 177 261 BIODEGRADABLE 0
205 245 217 245 217 254.00000000000003 205 254.00000000000003 BIODEGRADABLE 0
187 257 209 257 209 269 187 269 BIODEGRADABLE 0
157 221 182 221 182 236 157 236 BIODEGRADABLE 0
155 206 175 206 175 220 155 220 BIODEGRADABLE 0
136 229.00000000000003 164 229.00000000000003 164 245 136 245 BIODEGRADABLE 0
164 236 173 236 173 242.00000000000003 164 242.00000000000003 BIODEGRADABLE 0
148 241.00000000000003 176 241.00000000000003 176 259 148 259 BIODEGRADABLE 0
212 29.999999999999996 237 29.999999999999996 237 44 212 44 BIODEGRADABLE 0
232 37 254.00000000000003 37 254.00000000000003 49 232 49 BIODEGRADABLE 0
252.99999999999997 42 269 42 269 50 252.99999999999997 50 BIODEGRADABLE 0
200 24 218 24 218 33 200 33 BIODEGRADABLE 0
193 34 238.99999999999997 34 238.99999999999997 64 193 64 BIODEGRADABLE 0
196 47 213.99999999999997 47 213.99999999999997 59 196 59 BIODEGRADABLE 0
171 50 223 50 223 71 171 71 BIODEGRADABLE 0
173 80 198 80 198 106 173 106 BIODEGRADABLE 0
178 70 203 70 203 82 178 82 BIODEGRADABLE 0
180 112.99999999999999 212 112.99999999999999 212 147 180 147 BIODEGRADABLE 0
175 106 191 106 191 119.99999999999999 175 119.99999999999999 BIODEGRADABLE 0
196 377 237 377 237 389 196 389 BIODEGRADABLE 0
207 394 226.99999999999997 394 226.99999999999997 416 207 416 BIODEGRADABLE 0
159 398 208 398 208 415 159 415 BIODEGRADABLE 0
173 386 221 386 221 406 173 406 BIODEGRADABLE 0
193 357 241.00000000000003 357 241.00000000000003 387 193 387 BIODEGRADABLE 0
238.99999999999997 110 398 110 398 132 238.99999999999997 132 BIODEGRADABLE 0
200 73 398 73 398 115 200 115 BIODEGRADABLE 0
238.99999999999997 68 393 68 393 103 238.99999999999997 103 BIODEGRADABLE 0
250 45 384 45 384 79 250 79 BIODEGRADABLE 0
230 121.00000000000001 371 121.00000000000001 371 156 230 156 BIODEGRADABLE 0
305 123 362 123 362 138 305 138 BIODEGRADABLE 0
259 142 343 142 343 176 259 176 BIODEGRADABLE 0
180 140 305 140 305 188 180 188 BIODEGRADABLE 0
207 117 271 117 271 167 207 167 BIODEGRADABLE 0
394 86 416 86 416 121.00000000000001 394 121.00000000000001 BIODEGRADABLE 0
252.99999999999997 320 271 320 271 374 252.99999999999997 374 BIODEGRADABLE 0
262 273 305 273 305 283 262 283 BIODEGRADABLE 0
273 248 298 248 298 272 273 272 BIODEGRADABLE 0
291 229.00000000000003 323 229.00000000000003 323 238 291 238 BIODEGRADABLE 0
298 220 339 220 339 232 298 232 BIODEGRADABLE 0
396 324 410 324 410 336 396 336 BIODEGRADABLE 0
395 292 415 292 415 327 395 327 BIODEGRADABLE 0
382 258 415 258 415 293 382 293 BIODEGRADABLE 0
384 233 415 233 415 262 384 262 BIODEGRADABLE 0
364 307 396 307 396 353 364 353 BIODEGRADABLE 0
334 301 380 301 380 342 334 342 BIODEGRADABLE 0
327 267 375 267 375 312 327 312 BIODEGRADABLE 0
309 371 334 371 334 389 309 389 BIODEGRADABLE 0
282 321 323 321 323 380 282 380 BIODEGRADABLE 0
284 274 327 274 327 338 284 338 BIODEGRADABLE 0
284 267 359 267 359 303 284 303 BIODEGRADABLE 0
257 276 293 276 293 318 257 318 BIODEGRADABLE 0
264 248 300 248 300 275 264 275 BIODEGRADABLE 0
207 329 305 329 305 371 207 371 BIODEGRADABLE 0
228.00000000000003 292 271 292 271 340 228.00000000000003 340 BIODEGRADABLE 0
32 142 119.99999999999999 142 119.99999999999999 183 32 183 BIODEGRADABLE 0
41 145 91 145 91 180 41 180 BIODEGRADABLE 0
370 121.00000000000001 415 121.00000000000001 415 235 370 235 METAL 0
379 116 415 116 415 232 379 232 METAL 0