168 29.999999999999996 250 29.999999999999996 250 176 168 176 BIODEGRADABLE 0
108.00000000000001 80 176 80 176 228.00000000000003 108.00000000000001 228.00000000000003 BIODEGRADABLE 0
100 215.00000000000003 146 215.00000000000003 146 317 100 317 BIODEGRADABLE 0
129 151 222 151 222 285 129 285 BIODEGRADABLE 0
123 280 200 280 200 389 123 389 BIODEGRADABLE 0
172 270 213.99999999999997 270 213.99999999999997 330 172 330 BIODEGRADABLE 0
205 245 298 245 298 396 205 396 BIODEGRADABLE 0
224 124 303 124 303 260 224 260 BIODEGRADABLE 0
293 149 368 149 368 288 293 288 BIODEGRADABLE 0
265 255.00000000000003 309 255.00000000000003 309 322 265 322 BIODEGRADABLE 0
247 75 271 75 271 117 247 117 BIODEGRADABLE 0