112 304 180 304 180 376 112 376 BIODEGRADABLE 0
184 274 242.00000000000003 274 242.00000000000003 335 184 335 BIODEGRADABLE 0
98 137 212 137 212 294 98 294 BIODEGRADABLE 0
56 142 225 142 225 270 56 270 BIODEGRADABLE 0
147 168 319 168 319 340 147 340 BIODEGRADABLE 0
258 159 310 159 310 211 258 211 BIODEGRADABLE 0
323 133 379 133 379 189 323 189 BIODEGRADABLE 0
255.00000000000003 94 309 94 309 150 255.00000000000003 150 BIODEGRADABLE 0
192 111 255.00000000000003 111 255.00000000000003 169 192 169 BIODEGRADABLE 0
134 29.999999999999996 218 29.999999999999996 218 117 134 117 BIODEGRADABLE 0
87 85 149 85 149 148 87 148 BIODEGRADABLE 0
32 111 84 111 84 155 32 155 BIODEGRADABLE 0