338 311 415 311 415 383 338 383 BIODEGRADABLE 0
209 228.00000000000003 365 228.00000000000003 365 384 209 384 BIODEGRADABLE 0
380 210 414 210 414 313 380 313 BIODEGRADABLE 0
66 357 175 357 175 383 66 383 BIODEGRADABLE 0
0 225.99999999999997 59.99999999999999 225.99999999999997 59.99999999999999 383 0 383 BIODEGRADABLE 0
0 162 151 162 151 370 0 370 BIODEGRADABLE 0
119 81 281 81 281 293 119 293 BIODEGRADABLE 0
151 287 220 287 220 329 151 329 BIODEGRADABLE 0
50 0 165 0 165 147 50 147 BIODEGRADABLE 0
139 1 190 1 190 90 139 90 BIODEGRADABLE 0
182 1 264 1 264 83 182 83 BIODEGRADABLE 0
223 25 256 25 256 101 223 101 BIODEGRADABLE 0
265 9 283 9 283 83 265 83 BIODEGRADABLE 0
255.00000000000003 94 280 94 280 138 255.00000000000003 138 BIODEGRADABLE 0
278 51 414 51 414 259 278 259 BIODEGRADABLE 0
275 22 396 22 396 112 275 112 BIODEGRADABLE 0
298 1 324 1 324 83 298 83 BIODEGRADABLE 0
317 1 415 1 415 64 317 64 BIODEGRADABLE 0
1 1 62.99999999999999 1 62.99999999999999 70 1 70 BIODEGRADABLE 0
9 66 124 66 124 198 9 198 BIODEGRADABLE 0