116 233 218 233 218 302 116 302 BIODEGRADABLE 0
118 276 212 276 212 320 118 320 BIODEGRADABLE 0
186 307 254.00000000000003 307 254.00000000000003 325 186 325 BIODEGRADABLE 0
130 305 188 305 188 337 130 337 BIODEGRADABLE 0
203 292 269 292 269 312 203 312 BIODEGRADABLE 0
147 238 273 238 273 298 147 298 BIODEGRADABLE 0
262 287 286 287 286 315 262 315 BIODEGRADABLE 0
256 256 280 256 280 288 256 288 BIODEGRADABLE 0
220 213.99999999999997 274 213.99999999999997 274 260 220 260 BIODEGRADABLE 0
238.99999999999997 209 267 209 267 233 238.99999999999997 233 BIODEGRADABLE 0
257 206 265 206 265 224 257 224 BIODEGRADABLE 0
163 189 203 189 203 225 163 225 BIODEGRADABLE 0
175 221 222 221 222 259 175 259 BIODEGRADABLE 0
205 195 243 195 243 225 205 225 BIODEGRADABLE 0
192 169 222 169 222 199 192 199 BIODEGRADABLE 0
220 164 262 164 262 204 220 204 BIODEGRADABLE 0
203 133 257 133 257 167 203 167 BIODEGRADABLE 0
203 95 254.00000000000003 95 254.00000000000003 132 203 132 BIODEGRADABLE 0
160 124 196 124 196 168 160 168 BIODEGRADABLE 0
169 92 213.99999999999997 92 213.99999999999997 108.00000000000001 169 108.00000000000001 BIODEGRADABLE 0
160 74 177 74 177 100 160 100 BIODEGRADABLE 0
105 119 141 119 141 193 105 193 BIODEGRADABLE 0
122 129 156 129 156 209 122 209 BIODEGRADABLE 0
139 150 173 150 173 224 139 224 BIODEGRADABLE 0
164 151 190 151 190 191 164 191 BIODEGRADABLE 0
143 122 169 122 169 154 143 154 BIODEGRADABLE 0
133 106 165 106 165 132 133 132 BIODEGRADABLE 0