2 378 55 378 55 414 2 414 BIODEGRADABLE 0
2 362 14 362 14 384 2 384 BIODEGRADABLE 0
2 276 58 276 58 380 2 380 BIODEGRADABLE 0
27.000000000000004 225 68 225 68 275 27.000000000000004 275 BIODEGRADABLE 0
2 193 32 193 32 293 2 293 BIODEGRADABLE 0
57.00000000000001 228.00000000000003 119 228.00000000000003 119 319 57.00000000000001 319 BIODEGRADABLE 0
48 248 134 248 134 376 48 376 BIODEGRADABLE 0
109 264 168 264 168 336 109 336 BIODEGRADABLE 0
51 342 119 342 119 414 51 414 BIODEGRADABLE 0
57.00000000000001 394 95 394 95 414 57.00000000000001 414 BIODEGRADABLE 0
9 164 74 164 74 242.00000000000003 9 242.00000000000003 BIODEGRADABLE 0
2 168 26 168 26 196 2 196 BIODEGRADABLE 0
2 153 32 153 32 171 2 171 BIODEGRADABLE 0
33 155 48 155 48 167 33 167 BIODEGRADABLE 0
17 116 40 116 40 159 17 159 BIODEGRADABLE 0
2 111 19 111 19 157 2 157 BIODEGRADABLE 0
33 116 59.99999999999999 116 59.99999999999999 159 33 159 BIODEGRADABLE 0
36 98 62.99999999999999 98 62.99999999999999 116 36 116 BIODEGRADABLE 0
17 55 56 55 56 109 17 109 BIODEGRADABLE 0
2 70 23 70 23 116 2 116 BIODEGRADABLE 0
24 105 36 105 36 119 24 119 BIODEGRADABLE 0
70 41 106 41 106 123 70 123 BIODEGRADABLE 0
51 105 92 105 92 153 51 153 BIODEGRADABLE 0
51 135 128 135 128 287 51 287 BIODEGRADABLE 0
68 203 84 203 84 219 68 219 BIODEGRADABLE 0
59 218 74 218 74 232 59 232 BIODEGRADABLE 0
2 14 35 14 35 71 2 71 BIODEGRADABLE 0
1 1 16 1 16 16 1 16 BIODEGRADABLE 0
18 1 43 1 43 28 18 28 BIODEGRADABLE 0
62 1 86 1 86 12 62 12 BIODEGRADABLE 0
36 0 94 0 94 5 36 5 BIODEGRADABLE 0
44 4 97 4 97 32 44 32 BIODEGRADABLE 0
35 29.999999999999996 64 29.999999999999996 64 68 35 68 BIODEGRADABLE 0
65 23 83 23 83 51 65 51 BIODEGRADABLE 0
47 7 74 7 74 64 47 64 BIODEGRADABLE 0
99 1 123 1 123 32 99 32 BIODEGRADABLE 0
71 43 106.99999999999999 43 106.99999999999999 127.00000000000001 71 127.00000000000001 BIODEGRADABLE 0
83 64 105 64 105 123 83 123 BIODEGRADABLE 0
64 79 110 79 110 116 64 116 BIODEGRADABLE 0
64 68 85 68 85 84 64 84 BIODEGRADABLE 0
72 48 92 48 92 66 72 66 BIODEGRADABLE 0
102 151 142 151 142 221 102 221 BIODEGRADABLE 0
80 150 106.99999999999999 150 106.99999999999999 182 80 182 BIODEGRADABLE 0
103 150 115 150 115 168 103 168 BIODEGRADABLE 0
92 130 116 130 116 152 92 152 BIODEGRADABLE 0
109 116 130 116 130 141 109 141 BIODEGRADABLE 0
116 137 128 137 128 155 116 155 BIODEGRADABLE 0
100 94 122 94 122 116 100 116 BIODEGRADABLE 0
118 82 132 82 132 104 118 104 BIODEGRADABLE 0
130 87 142 87 142 106.99999999999999 130 106.99999999999999 BIODEGRADABLE 0
145 84 156 84 156 98 145 98 BIODEGRADABLE 0
156 73 166 73 166 87 156 87 BIODEGRADABLE 0
160 62 172 62 172 84 160 84 BIODEGRADABLE 0
122 23 167 23 167 85 122 85 BIODEGRADABLE 0
83 32 121.00000000000001 32 121.00000000000001 57.00000000000001 83 57.00000000000001 BIODEGRADABLE 0
106 55 122 55 122 73 106 73 BIODEGRADABLE 0
106 73 122 73 122 91 106 91 BIODEGRADABLE 0
118 14 180 14 180 36 118 36 BIODEGRADABLE 0
162 1 192 1 192 23 162 23 BIODEGRADABLE 0
136 1 178 1 178 21 136 21 BIODEGRADABLE 0
123 1 138 1 138 9 123 9 BIODEGRADABLE 0
130 118 170 118 170 150 130 150 BIODEGRADABLE 0
139 101 153 101 153 121.00000000000001 139 121.00000000000001 BIODEGRADABLE 0
154 87 201 87 201 119 154 119 BIODEGRADABLE 0
124 159 190 159 190 251.99999999999997 124 251.99999999999997 BIODEGRADABLE 0
148 237 194 237 194 287 148 287 BIODEGRADABLE 0
116 271 167 271 167 335 116 335 BIODEGRADABLE 0
47 316 112 316 112 373 47 373 BIODEGRADABLE 0
110 305 158 305 158 369 110 369 BIODEGRADABLE 0
109 389 168 389 168 414 109 414 BIODEGRADABLE 0
145 360 185 360 185 412 145 412 BIODEGRADABLE 0
124 364 150 364 150 392 124 392 BIODEGRADABLE 0
151 323 172 323 172 364 151 364 BIODEGRADABLE 0
158 276 223 276 223 396 158 396 BIODEGRADABLE 0
179 380 217 380 217 414 179 414 BIODEGRADABLE 0
208 316 249 316 249 414 208 414 BIODEGRADABLE 0
208 307 225 307 225 332 208 332 BIODEGRADABLE 0
171 273 201 273 201 295 171 295 BIODEGRADABLE 0
194 255.00000000000003 208 255.00000000000003 208 280 194 280 BIODEGRADABLE 0
189 200 223 200 223 257 189 257 BIODEGRADABLE 0
180 164 198 164 198 213.99999999999997 180 213.99999999999997 BIODEGRADABLE 0
249 357 298 357 298 414 249 414 BIODEGRADABLE 0
297 389 305 389 305 414 297 414 BIODEGRADABLE 0
279 325 324 325 324 389 279 389 BIODEGRADABLE 0
238 300 282 300 282 364 238 364 BIODEGRADABLE 0
210 266 251.99999999999997 266 251.99999999999997 316 210 316 BIODEGRADABLE 0
208 241.00000000000003 238 241.00000000000003 238 282 208 282 BIODEGRADABLE 0
222 223 238 223 238 255.00000000000003 222 255.00000000000003 BIODEGRADABLE 0
237 196 273 196 273 234 237 234 BIODEGRADABLE 0
237 228.00000000000003 290 228.00000000000003 290 278 237 278 BIODEGRADABLE 0
257 259 308 259 308 327 257 327 BIODEGRADABLE 0
307 357 347 357 347 414 307 414 BIODEGRADABLE 0
342 382 406 382 406 414 342 414 BIODEGRADABLE 0
340 325 394 325 394 400 340 400 BIODEGRADABLE 0
311 298 351 298 351 360 311 360 BIODEGRADABLE 0
286 236 336 236 336 314 286 314 BIODEGRADABLE 0
272 216.00000000000003 305 216.00000000000003 305 250 272 250 BIODEGRADABLE 0
306 205 327 205 327 238.99999999999997 306 238.99999999999997 BIODEGRADABLE 0
316 200 338 200 338 223 316 223 BIODEGRADABLE 0
327 166 348 166 348 202 327 202 BIODEGRADABLE 0
323 168 344 168 344 191 323 191 BIODEGRADABLE 0
343 180 397 180 397 238.99999999999997 343 238.99999999999997 BIODEGRADABLE 0
343 232 403 232 403 319 343 319 BIODEGRADABLE 0
338 248 374 248 374 307 338 307 BIODEGRADABLE 0
350 301 392 301 392 339 350 339 BIODEGRADABLE 0
392 345 415 345 415 403 392 403 BIODEGRADABLE 0
404 400 415 400 415 415 404 415 BIODEGRADABLE 0
388 318 416 318 416 359 388 359 BIODEGRADABLE 0
395 238.99999999999997 415 238.99999999999997 415 308 395 308 BIODEGRADABLE 0
386 236 398 236 398 248 386 248 BIODEGRADABLE 0
392 195 415 195 415 242.00000000000003 392 242.00000000000003 BIODEGRADABLE 0
345 77 415 77 415 192 345 192 BIODEGRADABLE 0
282 91 353 91 353 130 282 130 BIODEGRADABLE 0
223 68 261 68 261 96 223 96 BIODEGRADABLE 0
243 9 294 9 294 106.99999999999999 243 106.99999999999999 BIODEGRADABLE 0
251 118 273 118 273 180 251 180 BIODEGRADABLE 0
266 123 326 123 326 213.99999999999997 266 213.99999999999997 BIODEGRADABLE 0
202 136 255.00000000000003 136 255.00000000000003 216.00000000000003 202 216.00000000000003 BIODEGRADABLE 0
181 167 197 167 197 205 181 205 BIODEGRADABLE 0
175 130 213.99999999999997 130 213.99999999999997 164 175 164 BIODEGRADABLE 0
173 116 193 116 193 141 173 141 BIODEGRADABLE 0
154 104 184 104 184 132 154 132 BIODEGRADABLE 0
187 71 201 71 201 89 187 89 BIODEGRADABLE 0
171 41 187 41 187 71 171 71 BIODEGRADABLE 0
175 68 187 68 187 93 175 93 BIODEGRADABLE 0
212.99999999999997 19 247 19 247 71 212.99999999999997 71 BIODEGRADABLE 0
201 62 221 62 221 100 201 100 BIODEGRADABLE 0
186 29.999999999999996 210 29.999999999999996 210 71 186 71 BIODEGRADABLE 0
172 25 193 25 193 45 172 45 BIODEGRADABLE 0
191 1 223 1 223 34 191 34 BIODEGRADABLE 0
215.00000000000003 1 245 1 245 18 215.00000000000003 18 BIODEGRADABLE 0
332 14 370 14 370 71 332 71 BIODEGRADABLE 0
309 66 335 66 335 96 309 96 BIODEGRADABLE 0
323 95 347 95 347 116 323 116 BIODEGRADABLE 0
291 45 318 45 318 91 291 91 BIODEGRADABLE 0
313 32 335 32 335 62 313 62 BIODEGRADABLE 0
271 1 356 1 356 37 271 37 BIODEGRADABLE 0
241.00000000000003 1 276 1 276 23 241.00000000000003 23 BIODEGRADABLE 0
347 1 393 1 393 23 347 23 BIODEGRADABLE 0
374 12 407 12 407 55 374 55 BIODEGRADABLE 0
368 43 415 43 415 82 368 82 BIODEGRADABLE 0
337 61 415 61 415 188 337 188 BIODEGRADABLE 0
327 134 345 134 345 148 327 148 BIODEGRADABLE 0
320 146 346 146 346 169 320 169 BIODEGRADABLE 0
0 1 415 1 415 415 0 415 BIODEGRADABLE 0