256 384 303 384 303 415 256 415 BIODEGRADABLE 0
228.00000000000003 376 266 376 266 410 228.00000000000003 410 BIODEGRADABLE 0
208 397 244 397 244 415 208 415 BIODEGRADABLE 0
189 402 217 402 217 415 189 415 BIODEGRADABLE 0
181 370 217 370 217 410 181 410 BIODEGRADABLE 0
148 395 184 395 184 415 148 415 BIODEGRADABLE 0
206 349 252.99999999999997 349 252.99999999999997 394 206 394 BIODEGRADABLE 0
247 323 297 323 297 373 247 373 BIODEGRADABLE 0
256 352 303 352 303 380 256 380 BIODEGRADABLE 0
264 365 304 365 304 389 264 389 BIODEGRADABLE 0
292 379 307 379 307 415 292 415 BIODEGRADABLE 0
305 387 333 387 333 415 305 415 BIODEGRADABLE 0
228.00000000000003 304 264 304 264 349 228.00000000000003 349 BIODEGRADABLE 0
262 304 288 304 288 328 262 328 BIODEGRADABLE 0
273 289 320 289 320 329 273 329 BIODEGRADABLE 0
292 320 322 320 322 344 292 344 BIODEGRADABLE 0
252.99999999999997 263 281 263 281 307 252.99999999999997 307 BIODEGRADABLE 0
284 269 290 269 290 280 284 280 BIODEGRADABLE 0
260 238 273 238 273 264 260 264 BIODEGRADABLE 0
326 177 376 177 376 273 326 273 BIODEGRADABLE 0
296 175 343 175 343 255.00000000000003 296 255.00000000000003 BIODEGRADABLE 0
271 193 307 193 307 251 271 251 BIODEGRADABLE 0
273 248 309 248 309 288 273 288 BIODEGRADABLE 0
296 261 346 261 346 301 296 301 BIODEGRADABLE 0
322 296 358 296 358 328 322 328 BIODEGRADABLE 0
296 341 332 341 332 415 296 415 BIODEGRADABLE 0
213.99999999999997 0 298 0 298 59.99999999999999 213.99999999999997 59.99999999999999 BIODEGRADABLE 0
292 0 352 0 352 90 292 90 BIODEGRADABLE 0
174 62.99999999999999 284 62.99999999999999 284 108.00000000000001 174 108.00000000000001 BIODEGRADABLE 0
183 72 378 72 378 199 183 199 BIODEGRADABLE 0
174 217 212 217 212 261 174 261 BIODEGRADABLE 0
185 236 211 236 211 260 185 260 BIODEGRADABLE 0
159 262 195 262 195 300 159 300 BIODEGRADABLE 0
123 286 185 286 185 307 123 307 BIODEGRADABLE 0
187 307 241.00000000000003 307 241.00000000000003 321 187 321 BIODEGRADABLE 0
178 317 232 317 232 331 178 331 BIODEGRADABLE 0
148 311 213.99999999999997 311 213.99999999999997 341 148 341 BIODEGRADABLE 0
228.00000000000003 219 245 219 245 241.00000000000003 228.00000000000003 241.00000000000003 BIODEGRADABLE 0
228.00000000000003 190 275 190 275 228.00000000000003 228.00000000000003 228.00000000000003 BIODEGRADABLE 0
125 184 258 184 258 312 125 312 BIODEGRADABLE 0
154 308 234 308 234 384 154 384 BIODEGRADABLE 0
95 293 129 293 129 331 95 331 BIODEGRADABLE 0
80 268 116 268 116 296 80 296 BIODEGRADABLE 0
110 259 142 259 142 291 110 291 BIODEGRADABLE 0
80 243 127.00000000000001 243 127.00000000000001 272 80 272 BIODEGRADABLE 0
122 231 150 231 150 257 122 257 BIODEGRADABLE 0
125 211 159 211 159 233 125 233 BIODEGRADABLE 0
86 221 122 221 122 251 86 251 BIODEGRADABLE 0
77 218 101 218 101 238 77 238 BIODEGRADABLE 0
67 236 91 236 91 262 67 262 BIODEGRADABLE 0
58 217 75 217 75 251 58 251 BIODEGRADABLE 0
45 206 69 206 69 238 45 238 BIODEGRADABLE 0
56 190 92 190 92 219 56 219 BIODEGRADABLE 0
37 182 65 182 65 208 37 208 BIODEGRADABLE 0
54.00000000000001 164 71 164 71 180 54.00000000000001 180 BIODEGRADABLE 0
64 145 86 145 86 167 64 167 BIODEGRADABLE 0
65 151 105 151 105 195 65 195 BIODEGRADABLE 0
92 157 119.99999999999999 157 119.99999999999999 201 92 201 BIODEGRADABLE 0
92 203 116 203 116 219 92 219 BIODEGRADABLE 0
118 156 152 156 152 201 118 201 BIODEGRADABLE 0
110 198 140 198 140 220 110 220 BIODEGRADABLE 0
155 166 170 166 170 192 155 192 BIODEGRADABLE 0
137 191 167 191 167 217 137 217 BIODEGRADABLE 0
144 142 168 142 168 166 144 166 BIODEGRADABLE 0
67 116 93 116 93 145 67 145 BIODEGRADABLE 0
56 127.00000000000001 73 127.00000000000001 73 151 56 151 BIODEGRADABLE 0
41 99 73 99 73 127.00000000000001 41 127.00000000000001 BIODEGRADABLE 0
75 97 101 97 101 125.99999999999999 75 125.99999999999999 BIODEGRADABLE 0
93 112.99999999999999 133 112.99999999999999 133 139 93 139 BIODEGRADABLE 0
84 137 108.00000000000001 137 108.00000000000001 151 84 151 BIODEGRADABLE 0
105 138 139 138 139 156 105 156 BIODEGRADABLE 0
133 125.99999999999999 161 125.99999999999999 161 148 133 148 BIODEGRADABLE 0
112 103 150 103 150 131 112 131 BIODEGRADABLE 0
89 77 129 77 129 114.00000000000001 89 114.00000000000001 BIODEGRADABLE 0
142 68 170 68 170 86 142 86 BIODEGRADABLE 0
140 85 172 85 172 109 140 109 BIODEGRADABLE 0
157 103 181 103 181 131 157 131 BIODEGRADABLE 0
127.00000000000001 47 157 47 157 73 127.00000000000001 73 BIODEGRADABLE 0
56 49 119.99999999999999 49 119.99999999999999 89 56 89 BIODEGRADABLE 0
110 66 140 66 140 92 110 92 BIODEGRADABLE 0
131 14.999999999999998 151 14.999999999999998 151 49 131 49 BIODEGRADABLE 0
93 0 131 0 131 32 93 32 BIODEGRADABLE 0
62 1 112 1 112 31 62 31 BIODEGRADABLE 0
38 0 76 0 76 14.999999999999998 38 14.999999999999998 BIODEGRADABLE 0
27.000000000000004 0 75 0 75 44 27.000000000000004 44 BIODEGRADABLE 0
80 34 116 34 116 52 80 52 BIODEGRADABLE 0
17 29 67 29 67 74 17 74 BIODEGRADABLE 0
4 68 56 68 56 86 4 86 BIODEGRADABLE 0
2 84 73 84 73 97 2 97 BIODEGRADABLE 0
2 95 45 95 45 115 2 115 BIODEGRADABLE 0
2 100 47 100 47 134 2 134 BIODEGRADABLE 0
4 0 28 0 28 18 4 18 BIODEGRADABLE 0