164 279 194 279 194 300 164 300 BIODEGRADABLE 0
169 297 203 297 203 315 169 315 BIODEGRADABLE 0
150 306 180 306 180 327 150 327 BIODEGRADABLE 0
146 287 171 287 171 309 146 309 BIODEGRADABLE 0
193 277 209 277 209 295 193 295 BIODEGRADABLE 0
173 248 211 248 211 274 173 274 BIODEGRADABLE 0
150 259 178 259 178 286 150 286 BIODEGRADABLE 0
157 248 177 248 177 262 157 262 BIODEGRADABLE 0
203 229.00000000000003 241.00000000000003 229.00000000000003 241.00000000000003 277 203 277 BIODEGRADABLE 0
150 217 196 217 196 247 150 247 BIODEGRADABLE 0
137 187 191 187 191 226.99999999999997 137 226.99999999999997 BIODEGRADABLE 0
152 156 213.99999999999997 156 213.99999999999997 200 152 200 BIODEGRADABLE 0
132 170 160 170 160 188 132 188 BIODEGRADABLE 0
127.00000000000001 82 205 82 205 173 127.00000000000001 173 BIODEGRADABLE 0
34 49 152 49 152 76 34 76 BIODEGRADABLE 0
213.99999999999997 168 242.00000000000003 168 242.00000000000003 194 213.99999999999997 194 BIODEGRADABLE 0
191 130 225 130 225 170 191 170 BIODEGRADABLE 0
213.99999999999997 192 282 192 282 295 213.99999999999997 295 BIODEGRADABLE 0
205 259 255.00000000000003 259 255.00000000000003 391 205 391 BIODEGRADABLE 0
162 310 228.00000000000003 310 228.00000000000003 350 162 350 BIODEGRADABLE 0
123 221 155 221 155 285 123 285 BIODEGRADABLE 0
223 145 307 145 307 265 223 265 BIODEGRADABLE 0
207 11 238.99999999999997 11 238.99999999999997 147 207 147 BIODEGRADABLE 0
196 24 216.00000000000003 24 216.00000000000003 92 196 92 BIODEGRADABLE 0
189 49 219 49 219 167 189 167 BIODEGRADABLE 0
173 53 189 53 189 88 173 88 BIODEGRADABLE 0
237 25 344 25 344 170 237 170 BIODEGRADABLE 0