362 201 384 201 384 213.99999999999997 362 213.99999999999997 BIODEGRADABLE 0
361 215.00000000000003 378 215.00000000000003 378 228.00000000000003 361 228.00000000000003 BIODEGRADABLE 0
358 241.00000000000003 380 241.00000000000003 380 259 358 259 BIODEGRADABLE 0
352 257 374 257 374 275 352 275 BIODEGRADABLE 0
307 283 329 283 329 296 307 296 BIODEGRADABLE 0
317 299 337 299 337 310 317 310 BIODEGRADABLE 0
303 299 313 299 313 309 303 309 BIODEGRADABLE 0
313 257 343 257 343 275 313 275 BIODEGRADABLE 0
337 243 357 243 357 264 337 264 BIODEGRADABLE 0
346 213.99999999999997 363 213.99999999999997 363 239.99999999999997 346 239.99999999999997 BIODEGRADABLE 0
322 225 354 225 354 246 322 246 BIODEGRADABLE 0
358 185 373 185 373 201 358 201 BIODEGRADABLE 0
359 174 367 174 367 184 359 184 BIODEGRADABLE 0
316 162 350 162 350 183 316 183 BIODEGRADABLE 0
330 185 356 185 356 213.99999999999997 330 213.99999999999997 BIODEGRADABLE 0
309 201 337 201 337 233 309 233 BIODEGRADABLE 0
335 213.99999999999997 343 213.99999999999997 343 225 335 225 BIODEGRADABLE 0
345 213.99999999999997 360 213.99999999999997 360 235 345 235 BIODEGRADABLE 0
302 233 324 233 324 255.00000000000003 302 255.00000000000003 BIODEGRADABLE 0
283 255.00000000000003 313 255.00000000000003 313 273 283 273 BIODEGRADABLE 0
285 232 300 232 300 254.00000000000003 285 254.00000000000003 BIODEGRADABLE 0
279 230 287 230 287 243 279 243 BIODEGRADABLE 0
264 233 284 233 284 249 264 249 BIODEGRADABLE 0
277 222 287 222 287 233 277 233 BIODEGRADABLE 0
252.99999999999997 217 275 217 275 237 252.99999999999997 237 BIODEGRADABLE 0
264 202 279 202 279 220 264 220 BIODEGRADABLE 0
283 217 303 217 303 230 283 230 BIODEGRADABLE 0
292 202 312 202 312 220 292 220 BIODEGRADABLE 0
296 218 309 218 309 238 296 238 BIODEGRADABLE 0
279 187 294 187 294 203 279 203 BIODEGRADABLE 0
284 201 290 201 290 215.00000000000003 284 215.00000000000003 BIODEGRADABLE 0
292 172 312 172 312 196 292 196 BIODEGRADABLE 0
316 185 333 185 333 205 316 205 BIODEGRADABLE 0
277 167 287 167 287 180 277 180 BIODEGRADABLE 0
249 177 266 177 266 190 249 190 BIODEGRADABLE 0
294 159 300 159 300 167 294 167 BIODEGRADABLE 0
202 142 224 142 224 164 202 164 BIODEGRADABLE 0
305 64 329 64 329 90 305 90 BIODEGRADABLE 0
294 74 318 74 318 102 294 102 BIODEGRADABLE 0
284 71 294 71 294 92 284 92 BIODEGRADABLE 0
270 53 298 53 298 74 270 74 BIODEGRADABLE 0
294 103 318 103 318 121.00000000000001 294 121.00000000000001 BIODEGRADABLE 0
297 111 337 111 337 141 297 141 BIODEGRADABLE 0
313 135 330 135 330 161 313 161 BIODEGRADABLE 0
315 158 335 158 335 169 315 169 BIODEGRADABLE 0
294 143 318 143 318 177 294 177 BIODEGRADABLE 0
274 141 296 141 296 159 274 159 BIODEGRADABLE 0
281 127.00000000000001 294 127.00000000000001 294 141 281 141 BIODEGRADABLE 0
260 148 273 148 273 164 260 164 BIODEGRADABLE 0
244 51 268 51 268 79 244 79 BIODEGRADABLE 0
272 90 292 90 292 104 272 104 BIODEGRADABLE 0
249 39 264 39 264 52 249 52 BIODEGRADABLE 0
204 32 217 32 217 50 204 50 BIODEGRADABLE 0
234 42 254.00000000000003 42 254.00000000000003 68 234 68 BIODEGRADABLE 0
187 51 230 51 230 77 187 77 BIODEGRADABLE 0
212.99999999999997 69 249 69 249 103 212.99999999999997 103 BIODEGRADABLE 0
225.99999999999997 90 260 90 260 114.00000000000001 225.99999999999997 114.00000000000001 BIODEGRADABLE 0
254.00000000000003 96 290 96 290 124 254.00000000000003 124 BIODEGRADABLE 0
210 112.99999999999999 239.99999999999997 112.99999999999999 239.99999999999997 151 210 151 BIODEGRADABLE 0
241.00000000000003 124 275 124 275 156 241.00000000000003 156 BIODEGRADABLE 0
230 154 258 154 258 180 230 180 BIODEGRADABLE 0
204 101 234 101 234 129 204 129 BIODEGRADABLE 0
161 121.00000000000001 201 121.00000000000001 201 142 161 142 BIODEGRADABLE 0
155 106 198 106 198 127.00000000000001 155 127.00000000000001 BIODEGRADABLE 0
161 62.99999999999999 189 62.99999999999999 189 93 161 93 BIODEGRADABLE 0
123 67 155 67 155 87 123 87 BIODEGRADABLE 0
133 85 165 85 165 111 133 111 BIODEGRADABLE 0
285 293 300 293 300 307 285 307 BIODEGRADABLE 0
270 281 283 281 283 294 270 294 BIODEGRADABLE 0
273 272 288 272 288 283 273 283 BIODEGRADABLE 0
260 248 284 248 284 270 260 270 BIODEGRADABLE 0
258 262 271 262 271 275 258 275 BIODEGRADABLE 0
255.00000000000003 272 275 272 275 290 255.00000000000003 290 BIODEGRADABLE 0
254.00000000000003 277 262 277 262 288 254.00000000000003 288 BIODEGRADABLE 0
252.99999999999997 286 275 286 275 300 252.99999999999997 300 BIODEGRADABLE 0
262 302 282 302 282 328 262 328 BIODEGRADABLE 0
242.00000000000003 313 264 313 264 331 242.00000000000003 331 BIODEGRADABLE 0
238 326 252.99999999999997 326 252.99999999999997 339 238 339 BIODEGRADABLE 0
232 344 256 344 256 360 232 360 BIODEGRADABLE 0
163 333 180 333 180 347 163 347 BIODEGRADABLE 0
195 323 208 323 208 333 195 333 BIODEGRADABLE 0
180 315 195 315 195 326 180 326 BIODEGRADABLE 0
163 319 178 319 178 333 163 333 BIODEGRADABLE 0
176 304 184 304 184 314 176 314 BIODEGRADABLE 0
168 304 176 304 176 315 168 315 BIODEGRADABLE 0
153 304 163 304 163 317 153 317 BIODEGRADABLE 0
119.99999999999999 309 140 309 140 320 119.99999999999999 320 BIODEGRADABLE 0
159 286 176 286 176 299 159 299 BIODEGRADABLE 0
138 289 155 289 155 307 138 307 BIODEGRADABLE 0
92 299 106.99999999999999 299 106.99999999999999 315 92 315 BIODEGRADABLE 0
119.99999999999999 297 140 297 140 307 119.99999999999999 307 BIODEGRADABLE 0
245 233 262 233 262 247 245 247 BIODEGRADABLE 0
230 231 247 231 247 249 230 249 BIODEGRADABLE 0
238 219 255.00000000000003 219 255.00000000000003 239.99999999999997 238 239.99999999999997 BIODEGRADABLE 0
221 228.00000000000003 236 228.00000000000003 236 244 221 244 BIODEGRADABLE 0
215.00000000000003 217 230 217 230 231 215.00000000000003 231 BIODEGRADABLE 0
215.00000000000003 243 232 243 232 264 215.00000000000003 264 BIODEGRADABLE 0
230 249 256 249 256 273 230 273 BIODEGRADABLE 0
228.00000000000003 267 245 267 245 285 228.00000000000003 285 BIODEGRADABLE 0
206 256 223 256 223 270 206 270 BIODEGRADABLE 0
212.99999999999997 264 228.00000000000003 264 228.00000000000003 278 212.99999999999997 278 BIODEGRADABLE 0
206 273 228.00000000000003 273 228.00000000000003 286 206 286 BIODEGRADABLE 0
217 280 238.99999999999997 280 238.99999999999997 293 217 293 BIODEGRADABLE 0
211 289 221 289 221 299 211 299 BIODEGRADABLE 0
191 282 211 282 211 296 191 296 BIODEGRADABLE 0
183 265 200 265 200 283 183 283 BIODEGRADABLE 0
189 262 206 262 206 276 189 276 BIODEGRADABLE 0
182 251 202 251 202 264 182 264 BIODEGRADABLE 0
168 254.00000000000003 185 254.00000000000003 185 267 168 267 BIODEGRADABLE 0
170 265 185 265 185 278 170 278 BIODEGRADABLE 0
187 238 215.00000000000003 238 215.00000000000003 259 187 259 BIODEGRADABLE 0
148 272 168 272 168 286 148 286 BIODEGRADABLE 0
150 254.00000000000003 167 254.00000000000003 167 275 150 275 BIODEGRADABLE 0
129 257 151 257 151 270 129 270 BIODEGRADABLE 0
137 269 152 269 152 285 137 285 BIODEGRADABLE 0
122 276 144 276 144 296 122 296 BIODEGRADABLE 0
114.00000000000001 284 127.00000000000001 284 127.00000000000001 297 114.00000000000001 297 BIODEGRADABLE 0
101 280 114.00000000000001 280 114.00000000000001 294 101 294 BIODEGRADABLE 0
103 260 123 260 123 280 103 280 BIODEGRADABLE 0
116 251 129 251 129 262 116 262 BIODEGRADABLE 0
144 239.99999999999997 164 239.99999999999997 164 254.00000000000003 144 254.00000000000003 BIODEGRADABLE 0
127.00000000000001 236 140 236 140 251.99999999999997 127.00000000000001 251.99999999999997 BIODEGRADABLE 0
118 239.99999999999997 122 239.99999999999997 122 254.00000000000003 118 254.00000000000003 BIODEGRADABLE 0
95 238 108.00000000000001 238 108.00000000000001 251.99999999999997 95 251.99999999999997 BIODEGRADABLE 0
129 226.99999999999997 137 226.99999999999997 137 235 129 235 BIODEGRADABLE 0
144 225 152 225 152 238 144 238 BIODEGRADABLE 0
155 230 163 230 163 235 155 235 BIODEGRADABLE 0
157 232 179 232 179 246 157 246 BIODEGRADABLE 0
169 215.00000000000003 191 215.00000000000003 191 223 169 223 BIODEGRADABLE 0
198 207 215.00000000000003 207 215.00000000000003 220 198 220 BIODEGRADABLE 0
208 199 230 199 230 212 208 212 BIODEGRADABLE 0
171 186 191 186 191 206 171 206 BIODEGRADABLE 0
172 204 187 204 187 222 172 222 BIODEGRADABLE 0
178 175 193 175 193 186 178 186 BIODEGRADABLE 0
185 167 200 167 200 175 185 175 BIODEGRADABLE 0
225.99999999999997 193 236 193 236 198 225.99999999999997 198 BIODEGRADABLE 0
223 207 239.99999999999997 207 239.99999999999997 217 223 217 BIODEGRADABLE 0
154 166 176 166 176 180 154 180 BIODEGRADABLE 0
148 182 170 182 170 192 148 192 BIODEGRADABLE 0
146 191 172 191 172 207 146 207 BIODEGRADABLE 0
135 172 150 172 150 185 135 185 BIODEGRADABLE 0
134 187 144 187 144 198 134 198 BIODEGRADABLE 0
146 213.99999999999997 159 213.99999999999997 159 224 146 224 BIODEGRADABLE 0
161 206 169 206 169 217 161 217 BIODEGRADABLE 0
155 220 168 220 168 231 155 231 BIODEGRADABLE 0
131 204 144 204 144 213.99999999999997 131 213.99999999999997 BIODEGRADABLE 0
125 213.99999999999997 140 213.99999999999997 140 224 125 224 BIODEGRADABLE 0
99 145 119 145 119 167 99 167 BIODEGRADABLE 0
65 147 82 147 82 161 65 161 BIODEGRADABLE 0
69 162 84 162 84 175 69 175 BIODEGRADABLE 0
86 158 101 158 101 172 86 172 BIODEGRADABLE 0
84 170 97 170 97 180 84 180 BIODEGRADABLE 0
97 164 112 164 112 175 97 175 BIODEGRADABLE 0
101 179 111 179 111 187 101 187 BIODEGRADABLE 0
122 175 135 175 135 186 122 186 BIODEGRADABLE 0
110 180 119.99999999999999 180 119.99999999999999 191 110 191 BIODEGRADABLE 0
121.00000000000001 193 129 193 129 199 121.00000000000001 199 BIODEGRADABLE 0
114.00000000000001 201 124 201 124 209 114.00000000000001 209 BIODEGRADABLE 0
92 185 112 185 112 196 92 196 BIODEGRADABLE 0
97 200 114.00000000000001 200 114.00000000000001 211 97 211 BIODEGRADABLE 0
97 210 110 210 110 220 97 220 BIODEGRADABLE 0
106.99999999999999 212 119.99999999999999 212 119.99999999999999 225.99999999999997 106.99999999999999 225.99999999999997 BIODEGRADABLE 0
99 222 106.99999999999999 222 106.99999999999999 230 99 230 BIODEGRADABLE 0
92 232 112 232 112 239.99999999999997 92 239.99999999999997 BIODEGRADABLE 0
80 241.00000000000003 88 241.00000000000003 88 255.00000000000003 80 255.00000000000003 BIODEGRADABLE 0
82 257 90 257 90 263 82 263 BIODEGRADABLE 0
95 256 108.00000000000001 256 108.00000000000001 269 95 269 BIODEGRADABLE 0
84 262 97 262 97 276 84 276 BIODEGRADABLE 0
91 270 101 270 101 284 91 284 BIODEGRADABLE 0
67 238.99999999999997 82 238.99999999999997 82 249 67 249 BIODEGRADABLE 0
56 233 71 233 71 246 56 246 BIODEGRADABLE 0
62 255.00000000000003 77 255.00000000000003 77 265 62 265 BIODEGRADABLE 0
62 228.00000000000003 77 228.00000000000003 77 241.00000000000003 62 241.00000000000003 BIODEGRADABLE 0
39 246 54.00000000000001 246 54.00000000000001 256 39 256 BIODEGRADABLE 0
78 217 95 217 95 233 78 233 BIODEGRADABLE 0
75 206 95 206 95 217 75 217 BIODEGRADABLE 0
59.99999999999999 203 73 203 73 224 59.99999999999999 224 BIODEGRADABLE 0
45 204 62 204 62 218 45 218 BIODEGRADABLE 0
54.00000000000001 193 71 193 71 204 54.00000000000001 204 BIODEGRADABLE 0
54.00000000000001 178 67 178 67 191 54.00000000000001 191 BIODEGRADABLE 0
69 180 79 180 79 190 69 190 BIODEGRADABLE 0
75 185 97 185 97 206 75 206 BIODEGRADABLE 0
137 147 238 147 238 201 137 201 METAL 0