3 2 112 2 112 46 3 46 BIODEGRADABLE 0
50 73 164 73 164 161 50 161 BIODEGRADABLE 0
71 150 228.00000000000003 150 228.00000000000003 259 71 259 BIODEGRADABLE 0
105 238 275 238 275 386 105 386 BIODEGRADABLE 0
255.00000000000003 266 371 266 371 368 255.00000000000003 368 BIODEGRADABLE 0
123 368 213.99999999999997 368 213.99999999999997 406 123 406 BIODEGRADABLE 0
271 134 401 134 401 225.99999999999997 271 225.99999999999997 BIODEGRADABLE 0
255.00000000000003 85 343 85 343 150 255.00000000000003 150 BIODEGRADABLE 0
244 2 394 2 394 93 244 93 BIODEGRADABLE 0
282 216.00000000000003 366 216.00000000000003 366 254.00000000000003 282 254.00000000000003 BIODEGRADABLE 0
336 59 415 59 415 128 336 128 BIODEGRADABLE 0
382 1 415 1 415 69 382 69 BIODEGRADABLE 0
368 109 415 109 415 154 368 154 BIODEGRADABLE 0
375 154 415 154 415 221 375 221 BIODEGRADABLE 0