122 12 239.99999999999997 12 239.99999999999997 160 122 160 BIODEGRADABLE 0
44 76 166 76 166 216.00000000000003 44 216.00000000000003 BIODEGRADABLE 0
2 195 119.99999999999999 195 119.99999999999999 331 2 331 BIODEGRADABLE 0
2 109 21 109 21 212.99999999999997 2 212.99999999999997 BIODEGRADABLE 0
2 301 70 301 70 395 2 395 BIODEGRADABLE 0
69 285 173 285 173 373 69 373 BIODEGRADABLE 0
133 201 254.00000000000003 201 254.00000000000003 337 133 337 BIODEGRADABLE 0
104 197 168 197 168 255.00000000000003 104 255.00000000000003 BIODEGRADABLE 0
161 121.00000000000001 273 121.00000000000001 273 212.99999999999997 161 212.99999999999997 BIODEGRADABLE 0
249 42 347 42 347 162 249 162 BIODEGRADABLE 0
263 155 382 155 382 287 263 287 BIODEGRADABLE 0
251.99999999999997 203 304 203 304 297 251.99999999999997 297 BIODEGRADABLE 0
216.00000000000003 283 362 283 362 385 216.00000000000003 385 BIODEGRADABLE 0
159 329 216.00000000000003 329 216.00000000000003 381 159 381 BIODEGRADABLE 0
329 179 415 179 415 338 329 338 BIODEGRADABLE 0
328 112 376 112 376 188 328 188 BIODEGRADABLE 0