169 332 343 332 343 415 169 415 BIODEGRADABLE 0
137 333 203 333 203 370 137 370 BIODEGRADABLE 0
81 317 155 317 155 356 81 356 BIODEGRADABLE 0
74 335 140 335 140 365 74 365 BIODEGRADABLE 0
145 297 211 297 211 332 145 332 BIODEGRADABLE 0
79 295 137 295 137 325 79 325 BIODEGRADABLE 0
252.99999999999997 293 311 293 311 329 252.99999999999997 329 BIODEGRADABLE 0
311 318 360 318 360 332 311 332 BIODEGRADABLE 0
304 285 372 285 372 320 304 320 BIODEGRADABLE 0
299 270 326 270 326 290 299 290 BIODEGRADABLE 0
324 263 370 263 370 287 324 287 BIODEGRADABLE 0
247 265 301 265 301 293 247 293 BIODEGRADABLE 0
3 309 74 309 74 349 3 349 BIODEGRADABLE 0
2 290 32 290 32 328 2 328 BIODEGRADABLE 0
3 269 74 269 74 307 3 307 BIODEGRADABLE 0
3 226.99999999999997 59 226.99999999999997 59 271 3 271 BIODEGRADABLE 0
2 190 54.00000000000001 190 54.00000000000001 225.99999999999997 2 225.99999999999997 BIODEGRADABLE 0
279 365 415 365 415 415 279 415 BIODEGRADABLE 0
342 286 415 286 415 369 342 369 BIODEGRADABLE 0
269 225.99999999999997 323 225.99999999999997 323 258 269 258 BIODEGRADABLE 0
228.00000000000003 212.99999999999997 289 212.99999999999997 289 245 228.00000000000003 245 BIODEGRADABLE 0
204 220 262 220 262 258 204 258 BIODEGRADABLE 0
206 186 262 186 262 220 206 220 BIODEGRADABLE 0
264 184 340 184 340 225.99999999999997 264 225.99999999999997 BIODEGRADABLE 0
47 71 221 71 221 163 47 163 BIODEGRADABLE 0
3 153 52 153 52 184 3 184 BIODEGRADABLE 0
3 131 27.000000000000004 131 27.000000000000004 163 3 163 BIODEGRADABLE 0
20 132 47 132 47 149 20 149 BIODEGRADABLE 0
3 101 59 101 59 137 3 137 BIODEGRADABLE 0
3 67 49 67 49 105 3 105 BIODEGRADABLE 0
3 31 59 31 59 71 3 71 BIODEGRADABLE 0
4 1 47 1 47 21 4 21 BIODEGRADABLE 0
57.00000000000001 165 184 165 184 223 57.00000000000001 223 BIODEGRADABLE 0
76 209 159 209 159 238.99999999999997 76 238.99999999999997 BIODEGRADABLE 0
74 221 88 221 88 238 74 238 BIODEGRADABLE 0
93 179 161 179 161 223 93 223 BIODEGRADABLE 0
118 198 176 198 176 237 118 237 BIODEGRADABLE 0
130 195 182 195 182 223 130 223 BIODEGRADABLE 0
145 160 203 160 203 199 145 199 BIODEGRADABLE 0
110 157 198 157 198 215.00000000000003 110 215.00000000000003 BIODEGRADABLE 0
125 242.00000000000003 218 242.00000000000003 218 272 125 272 BIODEGRADABLE 0
184 255.00000000000003 206 255.00000000000003 206 276 184 276 BIODEGRADABLE 0
199 248 223 248 223 264 199 264 BIODEGRADABLE 0
177 273 211 273 211 293 177 293 BIODEGRADABLE 0
110 268 174 268 174 280 110 280 BIODEGRADABLE 0
137 255.00000000000003 181 255.00000000000003 181 290 137 290 BIODEGRADABLE 0
44 244 140 244 140 266 44 266 BIODEGRADABLE 0
93 248 117 248 117 280 93 280 BIODEGRADABLE 0
91 276 111 276 111 289 91 289 BIODEGRADABLE 0
98 218 115 218 115 248 98 248 BIODEGRADABLE 0
212.99999999999997 146 251.99999999999997 146 251.99999999999997 167 212.99999999999997 167 BIODEGRADABLE 0
203 132 237 132 237 154 203 154 BIODEGRADABLE 0
196 152 220 152 220 163 196 163 BIODEGRADABLE 0
218 122 254.00000000000003 122 254.00000000000003 144 218 144 BIODEGRADABLE 0
230 114.00000000000001 269 114.00000000000001 269 136 230 136 BIODEGRADABLE 0
250 132 299 132 299 157 250 157 BIODEGRADABLE 0
250 145 280 145 280 166 250 166 BIODEGRADABLE 0
88 42 119.99999999999999 42 119.99999999999999 66 88 66 BIODEGRADABLE 0
101 55 140 55 140 77 101 77 BIODEGRADABLE 0
117 38 147 38 147 64 117 64 BIODEGRADABLE 0
84 28 130 28 130 46 84 46 BIODEGRADABLE 0
64 38 94 38 94 58 64 58 BIODEGRADABLE 0
66 56 93 56 93 72 66 72 BIODEGRADABLE 0
69 4 101 4 101 24 69 24 BIODEGRADABLE 0
103 10 125 10 125 22 103 22 BIODEGRADABLE 0
128 10 152 10 152 22 128 22 BIODEGRADABLE 0
96 1 145 1 145 13 96 13 BIODEGRADABLE 0
56 1 99 1 99 9 56 9 BIODEGRADABLE 0
313 160 345 160 345 185 313 185 BIODEGRADABLE 0
341 168 377 168 377 185 341 185 BIODEGRADABLE 0
348 149 372 149 372 166 348 166 BIODEGRADABLE 0
314 139 370 139 370 156 314 156 BIODEGRADABLE 0
326 156 353 156 353 166 326 166 BIODEGRADABLE 0
291 145 323 145 323 167 291 167 BIODEGRADABLE 0
294 167 311 167 311 179 294 179 BIODEGRADABLE 0
223 79 250 79 250 97 223 97 BIODEGRADABLE 0
191 76 215.00000000000003 76 215.00000000000003 90 191 90 BIODEGRADABLE 0
177 56 216.00000000000003 56 216.00000000000003 98 177 98 BIODEGRADABLE 0
147 49 186 49 186 97 147 97 BIODEGRADABLE 0
176 37 250 37 250 96 176 96 BIODEGRADABLE 0
169 21 272 21 272 108.00000000000001 169 108.00000000000001 BIODEGRADABLE 0
294 92 324 92 324 118 294 118 BIODEGRADABLE 0
321 91 355 91 355 116 321 116 BIODEGRADABLE 0
318 117 348 117 348 131 318 131 BIODEGRADABLE 0
299 116 326 116 326 132 299 132 BIODEGRADABLE 0
350 114.00000000000001 382 114.00000000000001 382 134 350 134 BIODEGRADABLE 0
358 95 372 95 372 111 358 111 BIODEGRADABLE 0
336 81 375 81 375 97 336 97 BIODEGRADABLE 0
306 84 333 84 333 95 306 95 BIODEGRADABLE 0
389 152 415 152 415 188 389 188 BIODEGRADABLE 0
367 185 397 185 397 241.00000000000003 367 241.00000000000003 BIODEGRADABLE 0
343 184 409 184 409 243 343 243 BIODEGRADABLE 0
346 203 360 203 360 233 346 233 BIODEGRADABLE 0
358 212.99999999999997 416 212.99999999999997 416 280 358 280 BIODEGRADABLE 0
360 229.00000000000003 394 229.00000000000003 394 269 360 269 BIODEGRADABLE 0
343 230 382 230 382 261 343 261 BIODEGRADABLE 0
399 225.99999999999997 415 225.99999999999997 415 255.00000000000003 399 255.00000000000003 BIODEGRADABLE 0
396 99 415 99 415 121.00000000000001 396 121.00000000000001 BIODEGRADABLE 0
404 119.99999999999999 415 119.99999999999999 415 134 404 134 BIODEGRADABLE 0
408 130 415 130 415 142 408 142 BIODEGRADABLE 0
374 1 415 1 415 23 374 23 BIODEGRADABLE 0
394 14.999999999999998 415 14.999999999999998 415 34 394 34 BIODEGRADABLE 0
377 16 397 16 397 33 377 33 BIODEGRADABLE 0
276 1 364 1 364 23 276 23 BIODEGRADABLE 0
212.99999999999997 1 258 1 258 7 212.99999999999997 7 BIODEGRADABLE 0
181 3 245 3 245 21 181 21 BIODEGRADABLE 0
183 1 212.99999999999997 1 212.99999999999997 11 183 11 BIODEGRADABLE 0
153 1 182 1 182 29.999999999999996 153 29.999999999999996 BIODEGRADABLE 0
364 32 415 32 415 45 364 45 BIODEGRADABLE 0
348 48 416 48 416 62 348 62 BIODEGRADABLE 0
382 50 404 50 404 80 382 80 BIODEGRADABLE 0
391 58 415 58 415 81 391 81 BIODEGRADABLE 0
394 71 415 71 415 103 394 103 BIODEGRADABLE 0
352 62.99999999999999 394 62.99999999999999 394 84 352 84 BIODEGRADABLE 0
294 48 362 48 362 72 294 72 BIODEGRADABLE 0
352 23 360 23 360 59 352 59 BIODEGRADABLE 0
331 16 353 16 353 51 331 51 BIODEGRADABLE 0
306 11 352 11 352 73 306 73 BIODEGRADABLE 0
277 17 323 17 323 80 277 80 BIODEGRADABLE 0
262 65 320 65 320 91 262 91 BIODEGRADABLE 0
260 35 309 35 309 66 260 66 BIODEGRADABLE 0