307 12 369 12 369 100 307 100 BIODEGRADABLE 0
270 2 329 2 329 48 270 48 BIODEGRADABLE 0
238.99999999999997 1 279 1 279 41 238.99999999999997 41 BIODEGRADABLE 0
142 1 256 1 256 57.00000000000001 142 57.00000000000001 BIODEGRADABLE 0
92 2 218 2 218 62 92 62 BIODEGRADABLE 0
175 40 279 40 279 133 175 133 BIODEGRADABLE 0
215.00000000000003 58 267 58 267 96 215.00000000000003 96 BIODEGRADABLE 0
265 74 341 74 341 125 265 125 BIODEGRADABLE 0
265 76 303 76 303 100 265 100 BIODEGRADABLE 0
305 101 371 101 371 143 305 143 BIODEGRADABLE 0
366 51 414 51 414 112 366 112 BIODEGRADABLE 0
350 28 414 28 414 74 350 74 BIODEGRADABLE 0
369 96 414 96 414 138 369 138 BIODEGRADABLE 0
296 141 355 141 355 175 296 175 BIODEGRADABLE 0
338 137 414 137 414 173 338 173 BIODEGRADABLE 0
386 160 414 160 414 184 386 184 BIODEGRADABLE 0
308 169 388 169 388 197 308 197 BIODEGRADABLE 0
355 185 414 185 414 217 355 217 BIODEGRADABLE 0
312 197 390 197 390 225.99999999999997 312 225.99999999999997 BIODEGRADABLE 0
343 217 414 217 414 251.99999999999997 343 251.99999999999997 BIODEGRADABLE 0
322 228.00000000000003 378 228.00000000000003 378 262 322 262 BIODEGRADABLE 0
272 192 352 192 352 236 272 236 BIODEGRADABLE 0
277 151 319 151 319 186 277 186 BIODEGRADABLE 0
234 133 324 133 324 189 234 189 BIODEGRADABLE 0
173 133 229.00000000000003 133 229.00000000000003 159 173 159 BIODEGRADABLE 0
151 160 215.00000000000003 160 215.00000000000003 204 151 204 BIODEGRADABLE 0
208 159 258 159 258 195 208 195 BIODEGRADABLE 0
218 184 277 184 277 232 218 232 BIODEGRADABLE 0
175 197 229.00000000000003 197 229.00000000000003 233 175 233 BIODEGRADABLE 0
142 213.99999999999997 198 213.99999999999997 198 250 142 250 BIODEGRADABLE 0
161 250 211 250 211 282 161 282 BIODEGRADABLE 0
194 226.99999999999997 248 226.99999999999997 248 259 194 259 BIODEGRADABLE 0
248 229.00000000000003 310 229.00000000000003 310 267 248 267 BIODEGRADABLE 0
287 251.99999999999997 355 251.99999999999997 355 297 287 297 BIODEGRADABLE 0
333 266 404 266 404 311 333 311 BIODEGRADABLE 0
260 288 326 288 326 324 260 324 BIODEGRADABLE 0
225 294 270 294 270 328 225 328 BIODEGRADABLE 0
212.99999999999997 255.00000000000003 281 255.00000000000003 281 295 212.99999999999997 295 BIODEGRADABLE 0
182 303 244 303 244 348 182 348 BIODEGRADABLE 0
128 269 216.00000000000003 269 216.00000000000003 304 128 304 BIODEGRADABLE 0
104 62 178 62 178 92 104 92 BIODEGRADABLE 0
125.99999999999999 85 168 85 168 114.00000000000001 125.99999999999999 114.00000000000001 BIODEGRADABLE 0
90 2 216.00000000000003 2 216.00000000000003 59.99999999999999 90 59.99999999999999 BIODEGRADABLE 0
1 75 69 75 69 117 1 117 BIODEGRADABLE 0
34 55 154 55 154 125 34 125 BIODEGRADABLE 0
88 105 154 105 154 166 88 166 BIODEGRADABLE 0
76 50 104 50 104 85 76 85 BIODEGRADABLE 0
99 134 161 134 161 174 99 174 BIODEGRADABLE 0
146 105 194 105 194 149 146 149 BIODEGRADABLE 0
90 179 116 179 116 207 90 207 BIODEGRADABLE 0
111 173 130 173 130 186 111 186 BIODEGRADABLE 0
114.00000000000001 182 147 182 147 211 114.00000000000001 211 BIODEGRADABLE 0
135 160 168 160 168 189 135 189 BIODEGRADABLE 0
159 134 225 134 225 162 159 162 BIODEGRADABLE 0
102 210 140 210 140 242.00000000000003 102 242.00000000000003 BIODEGRADABLE 0
12 101 152 101 152 281 12 281 BIODEGRADABLE 0
81 276 226.99999999999997 276 226.99999999999997 329 81 329 BIODEGRADABLE 0
123 326 191 326 191 361 123 361 BIODEGRADABLE 0
0 336 190 336 190 415 0 415 BIODEGRADABLE 0
0 216.00000000000003 133 216.00000000000003 133 348 0 348 BIODEGRADABLE 0
194 323 284 323 284 407 194 407 BIODEGRADABLE 0
250 358 291 358 291 415 250 415 BIODEGRADABLE 0
289 302 353 302 353 387 289 387 BIODEGRADABLE 0
290 400 343 400 343 415 290 415 BIODEGRADABLE 0
334 311 393 311 393 413 334 413 BIODEGRADABLE 0
384 323 414 323 414 367 384 367 BIODEGRADABLE 0
372 251 414 251 414 326 372 326 BIODEGRADABLE 0
371 392 411 392 411 415 371 415 BIODEGRADABLE 0
369 49 414 49 414 105 369 105 BIODEGRADABLE 0