283 80 415 80 415 286 283 286 BIODEGRADABLE 0
285 2 415 2 415 118 285 118 BIODEGRADABLE 0
101 2 286 2 286 86 101 86 BIODEGRADABLE 0
125.99999999999999 56 296 56 296 279 125.99999999999999 279 BIODEGRADABLE 0
1 1 103 1 103 90 1 90 BIODEGRADABLE 0
1 76 146 76 146 285 1 285 BIODEGRADABLE 0
37 285 154 285 154 415 37 415 BIODEGRADABLE 0
151 279 295 279 295 415 151 415 BIODEGRADABLE 0
266 283 415 283 415 415 266 415 BIODEGRADABLE 0
1 282 67 282 67 415 1 415 BIODEGRADABLE 0
1 0 416 0 416 415 1 415 BIODEGRADABLE 0