173 66 285 66 285 182 173 182 BIODEGRADABLE 0
289 112 387 112 387 235 289 235 BIODEGRADABLE 0
238 155 322 155 322 303 238 303 BIODEGRADABLE 0
224 139 283 139 283 207 224 207 BIODEGRADABLE 0
165 144 245 144 245 252.99999999999997 165 252.99999999999997 BIODEGRADABLE 0
182 232 247 232 247 332 182 332 BIODEGRADABLE 0
165 213.99999999999997 192 213.99999999999997 192 257 165 257 BIODEGRADABLE 0
103 203 187 203 187 323 103 323 BIODEGRADABLE 0
109 89 183 89 183 213.99999999999997 109 213.99999999999997 BIODEGRADABLE 0
57.00000000000001 68 135 68 135 180 57.00000000000001 180 BIODEGRADABLE 0
50 132 124 132 124 236 50 236 BIODEGRADABLE 0