324 207 412 207 412 331 324 331 BIODEGRADABLE 0
326 167 415 167 415 352 326 352 BIODEGRADABLE 0
346 368 415 368 415 414 346 414 BIODEGRADABLE 0
276 295 324 295 324 333 276 333 BIODEGRADABLE 0
258 304 280 304 280 332 258 332 BIODEGRADABLE 0
204 220 301 220 301 304 204 304 BIODEGRADABLE 0
251 194 327 194 327 302 251 302 BIODEGRADABLE 0
226.99999999999997 27.000000000000004 352 27.000000000000004 352 201 226.99999999999997 201 BIODEGRADABLE 0
74 57.00000000000001 230 57.00000000000001 230 187 74 187 BIODEGRADABLE 0
112.99999999999999 166 211 166 211 302 112.99999999999999 302 BIODEGRADABLE 0
210 252.99999999999997 264 252.99999999999997 264 335 210 335 BIODEGRADABLE 0
152 256 210 256 210 333 152 333 BIODEGRADABLE 0
100 249 158 249 158 333 100 333 BIODEGRADABLE 0
42 198 108.00000000000001 198 108.00000000000001 282 42 282 BIODEGRADABLE 0
71 268 105 268 105 328 71 328 BIODEGRADABLE 0
9 226.99999999999997 119 226.99999999999997 119 302 9 302 BIODEGRADABLE 0
11 277 53 277 53 315 11 315 BIODEGRADABLE 0
49 295 71 295 71 321 49 321 BIODEGRADABLE 0
69 266 102 266 102 326 69 326 BIODEGRADABLE 0
77 121.00000000000001 146 121.00000000000001 146 225 77 225 BIODEGRADABLE 0
0 112 80 112 80 396 0 396 BIODEGRADABLE 0