366 2 414 2 414 119.99999999999999 366 119.99999999999999 BIODEGRADABLE 0
279 2 405 2 405 108.00000000000001 279 108.00000000000001 BIODEGRADABLE 0
233 2 311 2 311 118 233 118 BIODEGRADABLE 0
158 2 241.00000000000003 2 241.00000000000003 138 158 138 BIODEGRADABLE 0
72 2 171 2 171 173 72 173 BIODEGRADABLE 0
9 41 138 41 138 217 9 217 BIODEGRADABLE 0
133 103 329 103 329 238 133 238 BIODEGRADABLE 0
125 166 341 166 341 275 125 275 BIODEGRADABLE 0
319 122 414 122 414 312 319 312 BIODEGRADABLE 0
302 89 380 89 380 238.99999999999997 302 238.99999999999997 BIODEGRADABLE 0
366 202 414 202 414 314 366 314 BIODEGRADABLE 0
230 293 414 293 414 374 230 374 BIODEGRADABLE 0
234 356 389 356 389 415 234 415 BIODEGRADABLE 0
150 291 238.99999999999997 291 238.99999999999997 392 150 392 BIODEGRADABLE 0
178 228.00000000000003 328 228.00000000000003 328 327 178 327 BIODEGRADABLE 0
72 274 152 274 152 415 72 415 BIODEGRADABLE 0
1 109 121.00000000000001 109 121.00000000000001 303 1 303 BIODEGRADABLE 0
1 1 72 1 72 111 1 111 BIODEGRADABLE 0
0 238 70 238 70 395 0 395 BIODEGRADABLE 0
1 325 80 325 80 415 1 415 BIODEGRADABLE 0
150 391 325 391 325 415 150 415 BIODEGRADABLE 0