6 3 67 3 67 57.00000000000001 6 57.00000000000001 BIODEGRADABLE 0
2 3 34 3 34 71 2 71 BIODEGRADABLE 0
2 59 20 59 20 141 2 141 BIODEGRADABLE 0
5 59.99999999999999 70 59.99999999999999 70 162 5 162 BIODEGRADABLE 0
2 150 22 150 22 216.00000000000003 2 216.00000000000003 BIODEGRADABLE 0
2 203 61 203 61 314 2 314 BIODEGRADABLE 0
2 296 17 296 17 344 2 344 BIODEGRADABLE 0
2 311 29 311 29 373 2 373 BIODEGRADABLE 0
17 282 81 282 81 370 17 370 BIODEGRADABLE 0
13 366 84 366 84 415 13 415 BIODEGRADABLE 0
3 364 37 364 37 392 3 392 BIODEGRADABLE 0
2 378 16 378 16 416 2 416 BIODEGRADABLE 0
64 346 96 346 96 384 64 384 BIODEGRADABLE 0
78 373 108.00000000000001 373 108.00000000000001 415 78 415 BIODEGRADABLE 0
74 271 138 271 138 364 74 364 BIODEGRADABLE 0
77 209 130 209 130 284 77 284 BIODEGRADABLE 0
25 157 102 157 102 271 25 271 BIODEGRADABLE 0
100 164 140 164 140 210 100 210 BIODEGRADABLE 0
67 82 122 82 122 180 67 180 BIODEGRADABLE 0
56 25 94 25 94 87 56 87 BIODEGRADABLE 0
2 3 70 3 70 57.00000000000001 2 57.00000000000001 BIODEGRADABLE 0
59 2 117 2 117 34 59 34 BIODEGRADABLE 0
93 2 161 2 161 109 93 109 BIODEGRADABLE 0
119.99999999999999 100 202 100 202 184 119.99999999999999 184 BIODEGRADABLE 0
133 46 201 46 201 146 133 146 BIODEGRADABLE 0
165 2 235 2 235 66 165 66 BIODEGRADABLE 0
200 29.999999999999996 262 29.999999999999996 262 168 200 168 BIODEGRADABLE 0
197 118 257 118 257 180 197 180 BIODEGRADABLE 0
143 162 217 162 217 269 143 269 BIODEGRADABLE 0
111 186 167 186 167 282 111 282 BIODEGRADABLE 0
80 207 117 207 117 273 80 273 BIODEGRADABLE 0
160 264 200 264 200 294 160 294 BIODEGRADABLE 0
138 278 200 278 200 385 138 385 BIODEGRADABLE 0
95 338 159 338 159 415 95 415 BIODEGRADABLE 0
145 388 177 388 177 415 145 415 BIODEGRADABLE 0
171 350 238 350 238 415 171 415 BIODEGRADABLE 0
197 282 269 282 269 368 197 368 BIODEGRADABLE 0
231 382 280 382 280 415 231 415 BIODEGRADABLE 0
250 307 309 307 309 400 250 400 BIODEGRADABLE 0
280 280 346 280 346 376 280 376 BIODEGRADABLE 0
262 230 310 230 310 302 262 302 BIODEGRADABLE 0
223 134 294 134 294 246 223 246 BIODEGRADABLE 0
264 106.99999999999999 338 106.99999999999999 338 210 264 210 BIODEGRADABLE 0
285 55 357 55 357 162 285 162 BIODEGRADABLE 0
250 11 318 11 318 106.99999999999999 250 106.99999999999999 BIODEGRADABLE 0
278 3 369 3 369 53 278 53 BIODEGRADABLE 0
241.00000000000003 3 276 3 276 21 241.00000000000003 21 BIODEGRADABLE 0
344 14 409 14 409 106.99999999999999 344 106.99999999999999 BIODEGRADABLE 0
368 3 414 3 414 37 368 37 BIODEGRADABLE 0
398 54.00000000000001 415 54.00000000000001 415 117 398 117 BIODEGRADABLE 0
340 93 415 93 415 230 340 230 BIODEGRADABLE 0
306 191 382 191 382 291 306 291 BIODEGRADABLE 0
329 312 403 312 403 414 329 414 BIODEGRADABLE 0
375 229.00000000000003 415 229.00000000000003 415 330 375 330 BIODEGRADABLE 0
357 273 375 273 375 311 357 311 BIODEGRADABLE 0
376 349 415 349 415 415 376 415 BIODEGRADABLE 0
309 394 379 394 379 416 309 416 BIODEGRADABLE 0
308 362 342 362 342 405 308 405 BIODEGRADABLE 0
284 404 316 404 316 415 284 415 BIODEGRADABLE 0
1 2 415 2 415 415 1 415 BIODEGRADABLE 0