147 121.00000000000001 189 121.00000000000001 189 248 147 248 BIODEGRADABLE 0
169 229.00000000000003 216.00000000000003 229.00000000000003 216.00000000000003 369 169 369 BIODEGRADABLE 0
191 111 223 111 223 238 191 238 BIODEGRADABLE 0
219 92 252.99999999999997 92 252.99999999999997 200 219 200 BIODEGRADABLE 0
230 153 276 153 276 293 230 293 BIODEGRADABLE 0
212 159 242.00000000000003 159 242.00000000000003 293 212 293 BIODEGRADABLE 0
292 82 411 82 411 378 292 378 BIODEGRADABLE 0
1 108.00000000000001 36 108.00000000000001 36 388 1 388 BIODEGRADABLE 0
6 80 22 80 22 334 6 334 BIODEGRADABLE 0
29 114.00000000000001 53 114.00000000000001 53 346 29 346 BIODEGRADABLE 0
21 79 37 79 37 251 21 251 BIODEGRADABLE 0
23 1 48 1 48 169 23 169 BIODEGRADABLE 0
45 149 59 149 59 327 45 327 BIODEGRADABLE 0
56 251 66 251 66 394 56 394 BIODEGRADABLE 0
57.00000000000001 146 82 146 82 362 57.00000000000001 362 BIODEGRADABLE 0
51 92 62 92 62 162 51 162 BIODEGRADABLE 0
39 45 55 45 55 131 39 131 BIODEGRADABLE 0
44 32 59 32 59 92 44 92 BIODEGRADABLE 0
51 83 73 83 73 185 51 185 BIODEGRADABLE 0
71 181 95 181 95 397 71 397 BIODEGRADABLE 0
59.99999999999999 32 74 32 74 112 59.99999999999999 112 BIODEGRADABLE 0
72 114.00000000000001 101 114.00000000000001 101 324 72 324 BIODEGRADABLE 0
86 105 115 105 115 315 86 315 BIODEGRADABLE 0
73 41 86 41 86 111 73 111 BIODEGRADABLE 0
86 48 99 48 99 112 86 112 BIODEGRADABLE 0
95 51 106 51 106 111 95 111 BIODEGRADABLE 0
93 80 118 80 118 194 93 194 BIODEGRADABLE 0
105 83 127.00000000000001 83 127.00000000000001 289 105 289 BIODEGRADABLE 0
109 89 137 89 137 251 109 251 BIODEGRADABLE 0
112.99999999999999 105 140 105 140 289 112.99999999999999 289 BIODEGRADABLE 0
124 165 140 165 140 270 124 270 BIODEGRADABLE 0