72 378 158 378 158 415 72 415 BIODEGRADABLE 0
146 372 229.00000000000003 372 229.00000000000003 415 146 415 BIODEGRADABLE 0
3 326 125 326 125 415 3 415 BIODEGRADABLE 0
2 388 42 388 42 415 2 415 BIODEGRADABLE 0
3 321 62.99999999999999 321 62.99999999999999 376 3 376 BIODEGRADABLE 0
130 338 204 338 204 381 130 381 BIODEGRADABLE 0
119.99999999999999 292 187 292 187 332 119.99999999999999 332 BIODEGRADABLE 0
95 209 250 209 250 299 95 299 BIODEGRADABLE 0
148 232 206 232 206 275 148 275 BIODEGRADABLE 0
2 238 119.99999999999999 238 119.99999999999999 327 2 327 BIODEGRADABLE 0
164 311 250 311 250 367 164 367 BIODEGRADABLE 0
222 284 300 284 300 336 222 336 BIODEGRADABLE 0
254.00000000000003 329 335 329 335 378 254.00000000000003 378 BIODEGRADABLE 0
245 372 321 372 321 402 245 402 BIODEGRADABLE 0
284 397 335 397 335 415 284 415 BIODEGRADABLE 0
305 308 358 308 358 353 305 353 BIODEGRADABLE 0
338 339 414 339 414 382 338 382 BIODEGRADABLE 0
342 385 409 385 409 415 342 415 BIODEGRADABLE 0
326 372 349 372 349 396 326 396 BIODEGRADABLE 0
231 212 415 212 415 322 231 322 BIODEGRADABLE 0
390 288 415 288 415 357 390 357 BIODEGRADABLE 0
393 212 415 212 415 268 393 268 BIODEGRADABLE 0
352 202 405 202 405 233 352 233 BIODEGRADABLE 0
388 174 415 174 415 212.99999999999997 388 212.99999999999997 BIODEGRADABLE 0
152 42 415 42 415 225.99999999999997 152 225.99999999999997 BIODEGRADABLE 0
3 74 153 74 153 192 3 192 BIODEGRADABLE 0
3 189 70 189 70 247 3 247 BIODEGRADABLE 0
56 189 132 189 132 241.00000000000003 56 241.00000000000003 BIODEGRADABLE 0
109 157 236 157 236 229.00000000000003 109 229.00000000000003 BIODEGRADABLE 0
95 49 151 49 151 86 95 86 BIODEGRADABLE 0
42 42 93 42 93 80 42 80 BIODEGRADABLE 0
3 0 86 0 86 49 3 49 BIODEGRADABLE 0
3 14.999999999999998 116 14.999999999999998 116 83 3 83 BIODEGRADABLE 0
137 49 241.00000000000003 49 241.00000000000003 110 137 110 BIODEGRADABLE 0
100 12 204 12 204 68 100 68 BIODEGRADABLE 0
78 0 216.00000000000003 0 216.00000000000003 20 78 20 BIODEGRADABLE 0
201 2 268 2 268 50 201 50 BIODEGRADABLE 0
261 8 335 8 335 45 261 45 BIODEGRADABLE 0
266 0 352 0 352 14.999999999999998 266 14.999999999999998 BIODEGRADABLE 0
330 0 415 0 415 81 330 81 BIODEGRADABLE 0