2 2 88 2 88 46 2 46 BIODEGRADABLE 0
80 2 238 2 238 182 80 182 BIODEGRADABLE 0
73 72 155 72 155 156 73 156 BIODEGRADABLE 0
14.999999999999998 37 79 37 79 75 14.999999999999998 75 BIODEGRADABLE 0
2 48 22 48 22 72 2 72 BIODEGRADABLE 0
4 72 59.99999999999999 72 59.99999999999999 116 4 116 BIODEGRADABLE 0
2 98 52 98 52 127.00000000000001 2 127.00000000000001 BIODEGRADABLE 0
50 39 236 39 236 182 50 182 BIODEGRADABLE 0
75 148 137 148 137 192 75 192 BIODEGRADABLE 0
123 106 200 106 200 164 123 164 BIODEGRADABLE 0
119.99999999999999 55 165 55 165 92 119.99999999999999 92 BIODEGRADABLE 0
185 137 228.00000000000003 137 228.00000000000003 174 185 174 BIODEGRADABLE 0
163 48 277 48 277 138 163 138 BIODEGRADABLE 0
118 2 221 2 221 56 118 56 BIODEGRADABLE 0
223 2 315 2 315 71 223 71 BIODEGRADABLE 0
311 1 415 1 415 76 311 76 BIODEGRADABLE 0
273 45 376 45 376 119 273 119 BIODEGRADABLE 0
239.99999999999997 116 341 116 341 193 239.99999999999997 193 BIODEGRADABLE 0
58 241.00000000000003 165 241.00000000000003 165 312 58 312 BIODEGRADABLE 0
26 238 78 238 78 267 26 267 BIODEGRADABLE 0
14.999999999999998 228.00000000000003 47 228.00000000000003 47 249 14.999999999999998 249 BIODEGRADABLE 0
2 233 19 233 19 252.99999999999997 2 252.99999999999997 BIODEGRADABLE 0
2 254.00000000000003 22 254.00000000000003 22 274 2 274 BIODEGRADABLE 0
7 267 50 267 50 291 7 291 BIODEGRADABLE 0
11 281 56 281 56 304 11 304 BIODEGRADABLE 0
2 289 17 289 17 318 2 318 BIODEGRADABLE 0
3 272 11 272 11 293 3 293 BIODEGRADABLE 0
2 300 103 300 103 379 2 379 BIODEGRADABLE 0
37 377 80 377 80 408 37 408 BIODEGRADABLE 0
1 356 35 356 35 415 1 415 BIODEGRADABLE 0
96 302 148 302 148 347 96 347 BIODEGRADABLE 0
144 299 238 299 238 371 144 371 BIODEGRADABLE 0
217 251.99999999999997 345 251.99999999999997 345 321 217 321 BIODEGRADABLE 0
277 193 371 193 371 267 277 267 BIODEGRADABLE 0
376 187 416 187 416 261 376 261 BIODEGRADABLE 0
354 191 382 191 382 211 354 211 BIODEGRADABLE 0
358 170 386 170 386 191 358 191 BIODEGRADABLE 0
337 168 365 168 365 190 337 190 BIODEGRADABLE 0
339 153 363 153 363 167 339 167 BIODEGRADABLE 0
341 137 375 137 375 159 341 159 BIODEGRADABLE 0
350 118 386 118 386 140 350 140 BIODEGRADABLE 0
326 111 358 111 358 133 326 133 BIODEGRADABLE 0
352 95 382 95 382 121.00000000000001 352 121.00000000000001 BIODEGRADABLE 0
376 95 406 95 406 124 376 124 BIODEGRADABLE 0
374 75 408 75 408 95 374 95 BIODEGRADABLE 0
369 62 389 62 389 76 369 76 BIODEGRADABLE 0
386 54.00000000000001 415 54.00000000000001 415 89 386 89 BIODEGRADABLE 0
401 39 415 39 415 69 401 69 BIODEGRADABLE 0
409 24 415 24 415 41 409 41 BIODEGRADABLE 0
396 9 415 9 415 32 396 32 BIODEGRADABLE 0
403 92 415 92 415 109 403 109 BIODEGRADABLE 0
403 106.99999999999999 415 106.99999999999999 415 124 403 124 BIODEGRADABLE 0
390 118 415 118 415 147 390 147 BIODEGRADABLE 0
375 129 403 129 403 161 375 161 BIODEGRADABLE 0
365 150 387 150 387 171 365 171 BIODEGRADABLE 0
384 157 404 157 404 175 384 175 BIODEGRADABLE 0
384 175 408 175 408 191 384 191 BIODEGRADABLE 0
403 139 415 139 415 164 403 164 BIODEGRADABLE 0
408 165 416 165 416 185 408 185 BIODEGRADABLE 0
332 255.00000000000003 415 255.00000000000003 415 338 332 338 BIODEGRADABLE 0
279 310 354 310 354 365 279 365 BIODEGRADABLE 0
238 318 328 318 328 378 238 378 BIODEGRADABLE 0
10 334 144 334 144 415 10 415 BIODEGRADABLE 0
2 199 29.999999999999996 199 29.999999999999996 238.99999999999997 2 238.99999999999997 BIODEGRADABLE 0
272 352 333 352 333 415 272 415 BIODEGRADABLE 0
328 366 371 366 371 400 328 400 BIODEGRADABLE 0
337 350 361 350 361 368 337 368 BIODEGRADABLE 0
354 336 374 336 374 352 354 352 BIODEGRADABLE 0
332 395 380 395 380 415 332 415 BIODEGRADABLE 0
362 334 415 334 415 415 362 415 BIODEGRADABLE 0
223 350 252.99999999999997 350 252.99999999999997 378 223 378 BIODEGRADABLE 0
249 367 277 367 277 391 249 391 BIODEGRADABLE 0
262 354 277 354 277 370 262 370 BIODEGRADABLE 0
270 395 291 395 291 415 270 415 BIODEGRADABLE 0
244 388 272 388 272 415 244 415 BIODEGRADABLE 0
219 368 249 368 249 408 219 408 BIODEGRADABLE 0
200 379 230 379 230 415 200 415 BIODEGRADABLE 0
195 368 221 368 221 386 195 386 BIODEGRADABLE 0
182 371 195 371 195 391 182 391 BIODEGRADABLE 0
170 386 204 386 204 412 170 412 BIODEGRADABLE 0
152 363 180 363 180 392 152 392 BIODEGRADABLE 0
133 366 153 366 153 379 133 379 BIODEGRADABLE 0
123 379 163 379 163 405 123 405 BIODEGRADABLE 0
122 400 149 400 149 415 122 415 BIODEGRADABLE 0
95 384 123 384 123 406 95 406 BIODEGRADABLE 0
79 405 127.00000000000001 405 127.00000000000001 415 79 415 BIODEGRADABLE 0
143 401 182 401 182 415 143 415 BIODEGRADABLE 0
178 408 212.99999999999997 408 212.99999999999997 415 178 415 BIODEGRADABLE 0
212 411 238.99999999999997 411 238.99999999999997 415 212 415 BIODEGRADABLE 0
17 203 43 203 43 217 17 217 BIODEGRADABLE 0
32 212 58 212 58 230 32 230 BIODEGRADABLE 0
45 199 73 199 73 217 45 217 BIODEGRADABLE 0
64 190 86 190 86 203 64 203 BIODEGRADABLE 0
86 190 103 190 103 204 86 204 BIODEGRADABLE 0
75 206 101 206 101 226.99999999999997 75 226.99999999999997 BIODEGRADABLE 0
62.99999999999999 219 80 219 80 232 62.99999999999999 232 BIODEGRADABLE 0
75 228.00000000000003 92 228.00000000000003 92 241.00000000000003 75 241.00000000000003 BIODEGRADABLE 0
90 222 106.99999999999999 222 106.99999999999999 235 90 235 BIODEGRADABLE 0
101 203 125 203 125 224 101 224 BIODEGRADABLE 0
106.99999999999999 190 127.00000000000001 190 127.00000000000001 206 106.99999999999999 206 BIODEGRADABLE 0
108.00000000000001 183 125 183 125 193 108.00000000000001 193 BIODEGRADABLE 0
103 225 129 225 129 238.99999999999997 103 238.99999999999997 BIODEGRADABLE 0
129 217 151 217 151 233 129 233 BIODEGRADABLE 0
127.00000000000001 207 135 207 135 217 127.00000000000001 217 BIODEGRADABLE 0
139 201 165 201 165 221 139 221 BIODEGRADABLE 0
127.00000000000001 188 151 188 151 206 127.00000000000001 206 BIODEGRADABLE 0
140 177 168 177 168 197 140 197 BIODEGRADABLE 0
150 219 172 219 172 235 150 235 BIODEGRADABLE 0
169 212 193 212 193 228.00000000000003 169 228.00000000000003 BIODEGRADABLE 0
167 198 189 198 189 213.99999999999997 167 213.99999999999997 BIODEGRADABLE 0
170 183 196 183 196 199 170 199 BIODEGRADABLE 0
191 167 221 167 221 183 191 183 BIODEGRADABLE 0
200 179 228.00000000000003 179 228.00000000000003 193 200 193 BIODEGRADABLE 0
226.99999999999997 180 247 180 247 193 226.99999999999997 193 BIODEGRADABLE 0
249 186 269 186 269 206 249 206 BIODEGRADABLE 0
260 207 284 207 284 233 260 233 BIODEGRADABLE 0
262 236 279 236 279 251.99999999999997 262 251.99999999999997 BIODEGRADABLE 0
239.99999999999997 206 264 206 264 226.99999999999997 239.99999999999997 226.99999999999997 BIODEGRADABLE 0
226.99999999999997 191 249 191 249 211 226.99999999999997 211 BIODEGRADABLE 0
193 193 223 193 223 213.99999999999997 193 213.99999999999997 BIODEGRADABLE 0
195 216.00000000000003 215.00000000000003 216.00000000000003 215.00000000000003 230 195 230 BIODEGRADABLE 0
216.00000000000003 212 236 212 236 228.00000000000003 216.00000000000003 228.00000000000003 BIODEGRADABLE 0
232 225 256 225 256 241.00000000000003 232 241.00000000000003 BIODEGRADABLE 0
239.99999999999997 236 257 236 257 254.00000000000003 239.99999999999997 254.00000000000003 BIODEGRADABLE 0
226.99999999999997 251.99999999999997 247 251.99999999999997 247 265 226.99999999999997 265 BIODEGRADABLE 0
216.00000000000003 233 236 233 236 251 216.00000000000003 251 BIODEGRADABLE 0
202 228.00000000000003 219 228.00000000000003 219 244 202 244 BIODEGRADABLE 0
202 246 228.00000000000003 246 228.00000000000003 270 202 270 BIODEGRADABLE 0
176 226.99999999999997 198 226.99999999999997 198 245 176 245 BIODEGRADABLE 0
161 235 183 235 183 251 161 251 BIODEGRADABLE 0
142 234 166 234 166 254.00000000000003 142 254.00000000000003 BIODEGRADABLE 0
159 251.99999999999997 179 251.99999999999997 179 265 159 265 BIODEGRADABLE 0
178 246 200 246 200 262 178 262 BIODEGRADABLE 0
172 262 198 262 198 282 172 282 BIODEGRADABLE 0
197 267 219 267 219 289 197 289 BIODEGRADABLE 0
176 280 204 280 204 298 176 298 BIODEGRADABLE 0