389 349 406 349 406 368 389 368 BIODEGRADABLE 0
403 376 415 376 415 390 403 390 BIODEGRADABLE 0
376 373 396 373 396 392 376 392 BIODEGRADABLE 0
353 368 375 368 375 390 353 390 BIODEGRADABLE 0
334 364 350 364 350 383 334 383 BIODEGRADABLE 0
343 340 359 340 359 356 343 356 BIODEGRADABLE 0
363 342 383 342 383 364 363 364 BIODEGRADABLE 0
401 323 415 323 415 342 401 342 BIODEGRADABLE 0
394 295 412 295 412 323 394 323 BIODEGRADABLE 0
411 292 415 292 415 323 411 323 BIODEGRADABLE 0
377 316 400 316 400 340 377 340 BIODEGRADABLE 0
379 292 393 292 393 316 379 316 BIODEGRADABLE 0
389 283 406 283 406 297 389 297 BIODEGRADABLE 0
375 282 383 282 383 294 375 294 BIODEGRADABLE 0
361 287 379 287 379 313 361 313 BIODEGRADABLE 0
352 294 370 294 370 318 352 318 BIODEGRADABLE 0
354 313 376 313 376 335 354 335 BIODEGRADABLE 0
331 309 353 309 353 333 331 333 BIODEGRADABLE 0
326 299 339 299 339 315 326 315 BIODEGRADABLE 0
325 278 343 278 343 297 325 297 BIODEGRADABLE 0
338 282 356 282 356 306 338 306 BIODEGRADABLE 0
353 282 365 282 365 292 353 292 BIODEGRADABLE 0
379 220 396 220 396 246 379 246 BIODEGRADABLE 0
379 191 393 191 393 215.00000000000003 379 215.00000000000003 BIODEGRADABLE 0
362 194 382 194 382 218 362 218 BIODEGRADABLE 0
360 172 377 172 377 194 360 194 BIODEGRADABLE 0
352 165 366 165 366 187 352 187 BIODEGRADABLE 0
339 191 356 191 356 212.99999999999997 339 212.99999999999997 BIODEGRADABLE 0
351 189 363 189 363 208 351 208 BIODEGRADABLE 0
342 175 352 175 352 189 342 189 BIODEGRADABLE 0
349 220 369 220 369 234 349 234 BIODEGRADABLE 0
362 238.99999999999997 382 238.99999999999997 382 258 362 258 BIODEGRADABLE 0
336 244 354 244 354 256 336 256 BIODEGRADABLE 0
321 218 343 218 343 237 321 237 BIODEGRADABLE 0
318 192 340 192 340 211 318 211 BIODEGRADABLE 0
327 172 344 172 344 191 327 191 BIODEGRADABLE 0
307 220 319 220 319 242.00000000000003 307 242.00000000000003 BIODEGRADABLE 0
309 201 319 201 319 212.99999999999997 309 212.99999999999997 BIODEGRADABLE 0
228.00000000000003 141 284 141 284 160 228.00000000000003 160 BIODEGRADABLE 0
286 165 293 165 293 175 286 175 BIODEGRADABLE 0
275 168 287 168 287 182 275 182 BIODEGRADABLE 0
270 156 283 156 283 168 270 168 BIODEGRADABLE 0
262 163 274 163 274 179 262 179 BIODEGRADABLE 0
257 155 269 155 269 165 257 165 BIODEGRADABLE 0
252.99999999999997 165 263 165 263 179 252.99999999999997 179 BIODEGRADABLE 0
244 160 254.00000000000003 160 254.00000000000003 170 244 170 BIODEGRADABLE 0
241.00000000000003 170 254.00000000000003 170 254.00000000000003 180 241.00000000000003 180 BIODEGRADABLE 0
228.00000000000003 160 241.00000000000003 160 241.00000000000003 170 228.00000000000003 170 BIODEGRADABLE 0
314 357 336 357 336 383 314 383 BIODEGRADABLE 0
298 378 316 378 316 392 298 392 BIODEGRADABLE 0
300 338 320 338 320 354 300 354 BIODEGRADABLE 0
268 340 290 340 290 354 268 354 BIODEGRADABLE 0
286 359 302 359 302 375 286 375 BIODEGRADABLE 0
273 376 289 376 289 392 273 392 BIODEGRADABLE 0
255.00000000000003 366 271 366 271 385 255.00000000000003 385 BIODEGRADABLE 0
236 361 254.00000000000003 361 254.00000000000003 380 236 380 BIODEGRADABLE 0
223 380 243 380 243 402 223 402 BIODEGRADABLE 0
191 383 217 383 217 397 191 397 BIODEGRADABLE 0
204 352 228.00000000000003 352 228.00000000000003 378 204 378 BIODEGRADABLE 0
176 361 198 361 198 375 176 375 BIODEGRADABLE 0
286 258 303 258 303 282 286 282 BIODEGRADABLE 0
266 261 286 261 286 285 266 285 BIODEGRADABLE 0
254.00000000000003 271 270 271 270 287 254.00000000000003 287 BIODEGRADABLE 0
237 270 247 270 247 289 237 289 BIODEGRADABLE 0
244 275 257 275 257 294 244 294 BIODEGRADABLE 0
250 290 266 290 266 316 250 316 BIODEGRADABLE 0
270 297 286 297 286 328 270 328 BIODEGRADABLE 0
287 306 304 306 304 330 287 330 BIODEGRADABLE 0
301 301 314 301 314 325 301 325 BIODEGRADABLE 0
316 297 326 297 326 316 316 316 BIODEGRADABLE 0
304 285 317 285 317 301 304 301 BIODEGRADABLE 0
292 285 306 285 306 304 292 304 BIODEGRADABLE 0
276 285 293 285 293 311 276 311 BIODEGRADABLE 0
287 210 305 210 305 232 287 232 BIODEGRADABLE 0
271 194 287 194 287 216.00000000000003 271 216.00000000000003 BIODEGRADABLE 0
284 204 294 204 294 220 284 220 BIODEGRADABLE 0
267 215.00000000000003 283 215.00000000000003 283 234 267 234 BIODEGRADABLE 0
278 218 290 218 290 230 278 230 BIODEGRADABLE 0
260 206 273 206 273 220 260 220 BIODEGRADABLE 0
250 206 264 206 264 234 250 234 BIODEGRADABLE 0
247 204 255.00000000000003 204 255.00000000000003 211 247 211 BIODEGRADABLE 0
230 194 248 194 248 218 230 218 BIODEGRADABLE 0
230 212.99999999999997 248 212.99999999999997 248 235 230 235 BIODEGRADABLE 0
200 216.00000000000003 212.99999999999997 216.00000000000003 212.99999999999997 232 200 232 BIODEGRADABLE 0
213.99999999999997 211 225.99999999999997 211 225.99999999999997 230 213.99999999999997 230 BIODEGRADABLE 0
224 220 238 220 238 234 224 234 BIODEGRADABLE 0
223 206 233 206 233 216.00000000000003 223 216.00000000000003 BIODEGRADABLE 0
278 239.99999999999997 294 239.99999999999997 294 254.00000000000003 278 254.00000000000003 BIODEGRADABLE 0
256 242.00000000000003 270 242.00000000000003 270 254.00000000000003 256 254.00000000000003 BIODEGRADABLE 0
234 239.99999999999997 247 239.99999999999997 247 256 234 256 BIODEGRADABLE 0
210 238.99999999999997 224 238.99999999999997 224 251 210 251 BIODEGRADABLE 0
184 242.00000000000003 198 242.00000000000003 198 256 184 256 BIODEGRADABLE 0
162 242.00000000000003 178 242.00000000000003 178 256 162 256 BIODEGRADABLE 0
139 242.00000000000003 152 242.00000000000003 152 254.00000000000003 139 254.00000000000003 BIODEGRADABLE 0
118 242.00000000000003 131 242.00000000000003 131 254.00000000000003 118 254.00000000000003 BIODEGRADABLE 0
198 259 212 259 212 273 198 273 BIODEGRADABLE 0
224 261 239.99999999999997 261 239.99999999999997 275 224 275 BIODEGRADABLE 0
247 261 257 261 257 273 247 273 BIODEGRADABLE 0
174 263 186 263 186 275 174 275 BIODEGRADABLE 0
185 280 198 280 198 292 185 292 BIODEGRADABLE 0
185 218 197 218 197 234 185 234 BIODEGRADABLE 0
184 199 198 199 198 215.00000000000003 184 215.00000000000003 BIODEGRADABLE 0
174 210 186 210 186 220 174 220 BIODEGRADABLE 0
172 218 188 218 188 232 172 232 BIODEGRADABLE 0
158 201 175 201 175 215.00000000000003 158 215.00000000000003 BIODEGRADABLE 0
162 218 175 218 175 234 162 234 BIODEGRADABLE 0
152 218 162 218 162 239.99999999999997 152 239.99999999999997 BIODEGRADABLE 0
138 212.99999999999997 151 212.99999999999997 151 232 138 232 BIODEGRADABLE 0
119.99999999999999 206 132 206 132 232 119.99999999999999 232 BIODEGRADABLE 0
132 211 138 211 138 226.99999999999997 132 226.99999999999997 BIODEGRADABLE 0
46 161 59.99999999999999 161 59.99999999999999 175 46 175 BIODEGRADABLE 0
59.99999999999999 160 73 160 73 182 59.99999999999999 182 BIODEGRADABLE 0
45 168 61 168 61 184 45 184 BIODEGRADABLE 0
20 173 35 173 35 187 20 187 BIODEGRADABLE 0
33 170 48 170 48 186 33 186 BIODEGRADABLE 0
16 184 35 184 35 203 16 203 BIODEGRADABLE 0
8 196 26 196 26 215.00000000000003 8 215.00000000000003 BIODEGRADABLE 0
39 196 57.00000000000001 196 57.00000000000001 215.00000000000003 39 215.00000000000003 BIODEGRADABLE 0
56 186 73 186 73 208 56 208 BIODEGRADABLE 0
42 187 59 187 59 197 42 197 BIODEGRADABLE 0
68 198 86 198 86 232 68 232 BIODEGRADABLE 0
51 222 69 222 69 232 51 232 BIODEGRADABLE 0
23 218 43 218 43 234 23 234 BIODEGRADABLE 0
9 237 29 237 29 256 9 256 BIODEGRADABLE 0
36 239.99999999999997 54.00000000000001 239.99999999999997 54.00000000000001 254.00000000000003 36 254.00000000000003 BIODEGRADABLE 0
65 239.99999999999997 82 239.99999999999997 82 254.00000000000003 65 254.00000000000003 BIODEGRADABLE 0
50 273 62.99999999999999 273 62.99999999999999 283 50 283 BIODEGRADABLE 0
61 278 78 278 78 304 61 304 BIODEGRADABLE 0
75 282 89 282 89 304 75 304 BIODEGRADABLE 0
45 285 62 285 62 307 45 307 BIODEGRADABLE 0
58 306 74 306 74 316 58 316 BIODEGRADABLE 0
68 304 84 304 84 330 68 330 BIODEGRADABLE 0
85 296 98 296 98 318 85 318 BIODEGRADABLE 0
76 318 98 318 98 342 76 342 BIODEGRADABLE 0
52 318 74 318 74 337 52 337 BIODEGRADABLE 0
23 273 39 273 39 285 23 285 BIODEGRADABLE 0
11 280 26 280 26 302 11 302 BIODEGRADABLE 0
22 287 39 287 39 306 22 306 BIODEGRADABLE 0
33 299 45 299 45 321 33 321 BIODEGRADABLE 0
45 306 61 306 61 325 45 325 BIODEGRADABLE 0
32 321 46 321 46 335 32 335 BIODEGRADABLE 0
19 306 34 306 34 330 19 330 BIODEGRADABLE 0
11 299 23 299 23 315 11 315 BIODEGRADABLE 0
1 286 13 286 13 311 1 311 BIODEGRADABLE 0
1 310 10 310 10 335 1 335 BIODEGRADABLE 0
7 318 20 318 20 342 7 342 BIODEGRADABLE 0
62 347 84 347 84 363 62 363 BIODEGRADABLE 0
29.999999999999996 347 47 347 47 369 29.999999999999996 369 BIODEGRADABLE 0
1 346 17 346 17 369 1 369 BIODEGRADABLE 0
3 376 25 376 25 402 3 402 BIODEGRADABLE 0
29.999999999999996 380 50 380 50 399 29.999999999999996 399 BIODEGRADABLE 0
50 375 72 375 72 397 50 397 BIODEGRADABLE 0
75 371 92 371 92 390 75 390 BIODEGRADABLE 0
101 378 118 378 118 397 101 397 BIODEGRADABLE 0
129 385 151 385 151 397 129 397 BIODEGRADABLE 0
161 375 178 375 178 397 161 397 BIODEGRADABLE 0
144 359 167 359 167 385 144 385 BIODEGRADABLE 0
114.00000000000001 364 137 364 137 380 114.00000000000001 380 BIODEGRADABLE 0
99 344 119 344 119 368 99 368 BIODEGRADABLE 0
130 335 148 335 148 359 130 359 BIODEGRADABLE 0
161 338 178 338 178 366 161 366 BIODEGRADABLE 0
180 326 194 326 194 354 180 354 BIODEGRADABLE 0
194 330 213.99999999999997 330 213.99999999999997 352 194 352 BIODEGRADABLE 0
224 326 241.00000000000003 326 241.00000000000003 352 224 352 BIODEGRADABLE 0
239.99999999999997 325 252.99999999999997 325 252.99999999999997 347 239.99999999999997 347 BIODEGRADABLE 0
211 323 224 323 224 342 211 342 BIODEGRADABLE 0
237 306 250 306 250 325 237 325 BIODEGRADABLE 0
229.00000000000003 294 237 294 237 301 229.00000000000003 301 BIODEGRADABLE 0
212.99999999999997 290 226.99999999999997 290 226.99999999999997 304 212.99999999999997 304 BIODEGRADABLE 0
198 290 213.99999999999997 290 213.99999999999997 302 198 302 BIODEGRADABLE 0
203 301 220 301 220 325 203 325 BIODEGRADABLE 0
220 306 237 306 237 325 220 325 BIODEGRADABLE 0
188 311 205 311 205 323 188 323 BIODEGRADABLE 0
187 302 204 302 204 316 187 316 BIODEGRADABLE 0
184 292 198 292 198 302 184 302 BIODEGRADABLE 0
175 294 187 294 187 306 175 306 BIODEGRADABLE 0
180 309 190 309 190 323 180 323 BIODEGRADABLE 0
145 309 164 309 164 333 145 333 BIODEGRADABLE 0
162 299 175 299 175 330 162 330 BIODEGRADABLE 0
157 282 171 282 171 304 157 304 BIODEGRADABLE 0
146 261 162 261 162 289 146 289 BIODEGRADABLE 0
159 268 169 268 169 278 159 278 BIODEGRADABLE 0
131 258 147 258 147 294 131 294 BIODEGRADABLE 0
112 263 130 263 130 297 112 297 BIODEGRADABLE 0
101 270 114.00000000000001 270 114.00000000000001 294 101 294 BIODEGRADABLE 0
102 297 116 297 116 335 102 335 BIODEGRADABLE 0
115 292 134 292 134 335 115 335 BIODEGRADABLE 0
132 292 148 292 148 320 132 320 BIODEGRADABLE 0
145 311 165 311 165 333 145 333 BIODEGRADABLE 0
49 347 62 347 62 359 49 359 BIODEGRADABLE 0
26 218 43 218 43 232 26 232 BIODEGRADABLE 0
76 156 89 156 89 170 76 170 BIODEGRADABLE 0
91 151 104 151 104 170 91 170 BIODEGRADABLE 0
106 151 119 151 119 173 106 173 BIODEGRADABLE 0
78 173 92 173 92 187 78 187 BIODEGRADABLE 0
98 173 114.00000000000001 173 114.00000000000001 187 98 187 BIODEGRADABLE 0
162 160 174 160 174 172 162 172 BIODEGRADABLE 0
170 182 184 182 184 196 170 196 BIODEGRADABLE 0
156 184 168 184 168 196 156 196 BIODEGRADABLE 0
141 187 157 187 157 206 141 206 BIODEGRADABLE 0
121.00000000000001 172 139 172 139 206 121.00000000000001 206 BIODEGRADABLE 0
128 163 145 163 145 189 128 189 BIODEGRADABLE 0