356 55 392 55 392 80 356 80 BIODEGRADABLE 0
392 69 414 69 414 112 392 112 BIODEGRADABLE 0
371 80 397 80 397 116 371 116 BIODEGRADABLE 0
380 2 415 2 415 16 380 16 BIODEGRADABLE 0
325 2 365 2 365 16 325 16 BIODEGRADABLE 0
296 2 318 2 318 16 296 16 BIODEGRADABLE 0
100 64 122 64 122 110 100 110 BIODEGRADABLE 0
86 121.00000000000001 121.00000000000001 121.00000000000001 121.00000000000001 164 86 164 BIODEGRADABLE 0
156 94 178 94 178 130 156 130 BIODEGRADABLE 0
166 78 186 78 186 114.00000000000001 166 114.00000000000001 BIODEGRADABLE 0
198 82 216.00000000000003 82 216.00000000000003 119.99999999999999 198 119.99999999999999 BIODEGRADABLE 0
212 73 226.99999999999997 73 226.99999999999997 95 212 95 BIODEGRADABLE 0
189 82 204 82 204 104 189 104 BIODEGRADABLE 0
182 112 209 112 209 164 182 164 BIODEGRADABLE 0
142 125 183 125 183 187 142 187 BIODEGRADABLE 0
153 187 177 187 177 228.00000000000003 153 228.00000000000003 BIODEGRADABLE 0
231 125 265 125 265 182 231 182 BIODEGRADABLE 0
211 102 233 102 233 148 211 148 BIODEGRADABLE 0
232 101 262 101 262 139 232 139 BIODEGRADABLE 0
213.99999999999997 139 229.00000000000003 139 229.00000000000003 173 213.99999999999997 173 BIODEGRADABLE 0
191 187 212.99999999999997 187 212.99999999999997 219 191 219 BIODEGRADABLE 0
182 216.00000000000003 196 216.00000000000003 196 250 182 250 BIODEGRADABLE 0
205 210 247 210 247 264 205 264 BIODEGRADABLE 0
218 166 264 166 264 212 218 212 BIODEGRADABLE 0
255.00000000000003 235 277 235 277 305 255.00000000000003 305 BIODEGRADABLE 0
279 68 307 68 307 116 279 116 BIODEGRADABLE 0
306 53 336 53 336 89 306 89 BIODEGRADABLE 0
277 52 305 52 305 66 277 66 BIODEGRADABLE 0
324 64 368 64 368 121.00000000000001 324 121.00000000000001 BIODEGRADABLE 0
302 84 336 84 336 141 302 141 BIODEGRADABLE 0
330 109 366 109 366 152 330 152 BIODEGRADABLE 0
336 141 383 141 383 189 336 189 BIODEGRADABLE 0
391 112 415 112 415 162 391 162 BIODEGRADABLE 0
369 109 390 109 390 155 369 155 BIODEGRADABLE 0
89 373 164 373 164 415 89 415 BIODEGRADABLE 0
0 150 87 150 87 415 0 415 BIODEGRADABLE 0
35 87 91 87 91 146 35 146 BIODEGRADABLE 0
90 29.999999999999996 117 29.999999999999996 117 112 90 112 BIODEGRADABLE 0
100 106.99999999999999 156 106.99999999999999 156 141 100 141 BIODEGRADABLE 0
89 375 199 375 199 415 89 415 BIODEGRADABLE 0
86 330 151 330 151 371 86 371 BIODEGRADABLE 0
85 194 117 194 117 328 85 328 BIODEGRADABLE 0
282 106.99999999999999 304 106.99999999999999 304 137 282 137 BIODEGRADABLE 0
293 132 315 132 315 162 293 162 BIODEGRADABLE 0
324 146 345 146 345 176 324 176 BIODEGRADABLE 0
383 162 415 162 415 203 383 203 BIODEGRADABLE 0
388 203 415 203 415 223 388 223 BIODEGRADABLE 0
398 216.00000000000003 414 216.00000000000003 414 250 398 250 BIODEGRADABLE 0
395 248 415 248 415 264 395 264 BIODEGRADABLE 0
382 248 398 248 398 270 382 270 BIODEGRADABLE 0
372 205 396 205 396 243 372 243 BIODEGRADABLE 0
350 189 372 189 372 221 350 221 BIODEGRADABLE 0
330 189 351 189 351 213.99999999999997 330 213.99999999999997 BIODEGRADABLE 0
321 178 335 178 335 203 321 203 BIODEGRADABLE 0
282 151 303 151 303 189 282 189 BIODEGRADABLE 0
286 161 330 161 330 207 286 207 BIODEGRADABLE 0
285 205 300 205 300 226.99999999999997 285 226.99999999999997 BIODEGRADABLE 0
309 246 333 246 333 280 309 280 BIODEGRADABLE 0
339 244 360 244 360 266 339 266 BIODEGRADABLE 0
340 218 374 218 374 250 340 250 BIODEGRADABLE 0
322 210 342 210 342 248 322 248 BIODEGRADABLE 0
297 202 323 202 323 250 297 250 BIODEGRADABLE 0
307 359 414 359 414 415 307 415 BIODEGRADABLE 0