212 179 284 179 284 272 212 272 BIODEGRADABLE 0
224 197 260 197 260 238 224 238 BIODEGRADABLE 0
158 170 228.00000000000003 170 228.00000000000003 245 158 245 BIODEGRADABLE 0
23 300 162 300 162 390 23 390 BIODEGRADABLE 0
37 331 172 331 172 390 37 390 BIODEGRADABLE 0
187 343 243 343 243 391 187 391 BIODEGRADABLE 0
208 300 285 300 285 366 208 366 BIODEGRADABLE 0
297 339 349 339 349 359 297 359 BIODEGRADABLE 0
324 300 392 300 392 366 324 366 BIODEGRADABLE 0
345 193 393 193 393 251.99999999999997 345 251.99999999999997 BIODEGRADABLE 0
307 198 347 198 347 255.00000000000003 307 255.00000000000003 BIODEGRADABLE 0
303 57.00000000000001 391 57.00000000000001 391 145 303 145 BIODEGRADABLE 0
251 58 280 58 280 86 251 86 BIODEGRADABLE 0
270 64 288 64 288 86 270 86 BIODEGRADABLE 0
226.99999999999997 70 256 70 256 93 226.99999999999997 93 BIODEGRADABLE 0
251.99999999999997 122 281 122 281 136 251.99999999999997 136 BIODEGRADABLE 0
202 81 235 81 235 122 202 122 BIODEGRADABLE 0
56 55 183 55 183 116 56 116 BIODEGRADABLE 0
25 70 77 70 77 124 25 124 BIODEGRADABLE 0
37 141 95 141 95 211 37 211 BIODEGRADABLE 0
93 175 151 175 151 232 93 232 BIODEGRADABLE 0
24 189 68 189 68 238.99999999999997 24 238.99999999999997 BIODEGRADABLE 0