69 200 114.00000000000001 200 114.00000000000001 228.00000000000003 69 228.00000000000003 BIODEGRADABLE 0
50 202 71 202 71 210 50 210 BIODEGRADABLE 0
47 176 71 176 71 202 47 202 BIODEGRADABLE 0
77 174 109 174 109 196 77 196 BIODEGRADABLE 0
72 195 106 195 106 219 72 219 BIODEGRADABLE 0
34 157 66 157 66 191 34 191 BIODEGRADABLE 0
26 182 47 182 47 210 26 210 BIODEGRADABLE 0
18 161 39 161 39 187 18 187 BIODEGRADABLE 0
5 154 26 154 26 174 5 174 BIODEGRADABLE 0
0 163 40 163 40 223 0 223 BIODEGRADABLE 0
0 206 5 206 5 219 0 219 BIODEGRADABLE 0
6 148 26 148 26 161 6 161 BIODEGRADABLE 0
11 129 39 129 39 151 11 151 BIODEGRADABLE 0
0 139 10 139 10 159 0 159 BIODEGRADABLE 0
0 122 13 122 13 146 0 146 BIODEGRADABLE 0
0 56 21 56 21 94 0 94 BIODEGRADABLE 0
14.999999999999998 35 81 35 81 108.00000000000001 14.999999999999998 108.00000000000001 BIODEGRADABLE 0
74 41 134 41 134 105 74 105 BIODEGRADABLE 0
92 37 140 37 140 97 92 97 BIODEGRADABLE 0
132 24 185 24 185 86 132 86 BIODEGRADABLE 0
170 35 220 35 220 95 170 95 BIODEGRADABLE 0
138 84 175 84 175 110 138 110 BIODEGRADABLE 0
129 105 179 105 179 139 129 139 BIODEGRADABLE 0
64 118 109 118 109 174 64 174 BIODEGRADABLE 0
29 101 65 101 65 135 29 135 BIODEGRADABLE 0
66 101 103 101 103 133 66 133 BIODEGRADABLE 0
108.00000000000001 135 148 135 148 165 108.00000000000001 165 BIODEGRADABLE 0
114.00000000000001 118 143 118 143 150 114.00000000000001 150 BIODEGRADABLE 0
95 109 124 109 124 131 95 131 BIODEGRADABLE 0
129 161 155 161 155 191 129 191 BIODEGRADABLE 0
153 153 179 153 179 191 153 191 BIODEGRADABLE 0
177 159 193 159 193 185 177 185 BIODEGRADABLE 0
193 148 219 148 219 182 193 182 BIODEGRADABLE 0
211 135 233 135 233 163 211 163 BIODEGRADABLE 0
188 144 208 144 208 168 188 168 BIODEGRADABLE 0
174 127.00000000000001 211 127.00000000000001 211 159 174 159 BIODEGRADABLE 0
151 133 171 133 171 163 151 163 BIODEGRADABLE 0
172 114.00000000000001 202 114.00000000000001 202 136 172 136 BIODEGRADABLE 0
180 103 193 103 193 119.99999999999999 180 119.99999999999999 BIODEGRADABLE 0
193 106.99999999999999 211 106.99999999999999 211 127.00000000000001 193 127.00000000000001 BIODEGRADABLE 0
201 56 238.99999999999997 56 238.99999999999997 108.00000000000001 201 108.00000000000001 BIODEGRADABLE 0
222 88 244 88 244 103 222 103 BIODEGRADABLE 0
243 86 252.99999999999997 86 252.99999999999997 101 243 101 BIODEGRADABLE 0
248 92 264 92 264 119.99999999999999 248 119.99999999999999 BIODEGRADABLE 0
255.00000000000003 95 281 95 281 125 255.00000000000003 125 BIODEGRADABLE 0
254.00000000000003 59.99999999999999 270 59.99999999999999 270 103 254.00000000000003 103 BIODEGRADABLE 0
270 54.00000000000001 330 54.00000000000001 330 104 270 104 BIODEGRADABLE 0
220 3 272 3 272 43 220 43 BIODEGRADABLE 0
274 4 336 4 336 54.00000000000001 274 54.00000000000001 BIODEGRADABLE 0
293 2 362 2 362 22 293 22 BIODEGRADABLE 0
357 2 387 2 387 29.999999999999996 357 29.999999999999996 BIODEGRADABLE 0
384 7 414 7 414 45 384 45 BIODEGRADABLE 0
400 3 414 3 414 13 400 13 BIODEGRADABLE 0
287 22 365 22 365 56 287 56 BIODEGRADABLE 0
293 47 371 47 371 75 293 75 BIODEGRADABLE 0
363 28 392 28 392 58 363 58 BIODEGRADABLE 0
322 54.00000000000001 415 54.00000000000001 415 97 322 97 BIODEGRADABLE 0
352 80 412 80 412 108.00000000000001 352 108.00000000000001 BIODEGRADABLE 0
397 36 415 36 415 56 397 56 BIODEGRADABLE 0
236 153 264 153 264 185 236 185 BIODEGRADABLE 0
258 142 286 142 286 166 258 166 BIODEGRADABLE 0
263 159 291 159 291 183 263 183 BIODEGRADABLE 0
236 119.99999999999999 264 119.99999999999999 264 154 236 154 BIODEGRADABLE 0
212 118 236 118 236 144 212 144 BIODEGRADABLE 0
259 119.99999999999999 277 119.99999999999999 277 146 259 146 BIODEGRADABLE 0
270 101 294 101 294 127.00000000000001 270 127.00000000000001 BIODEGRADABLE 0
280 124 296 124 296 150 280 150 BIODEGRADABLE 0
291 108.00000000000001 304 108.00000000000001 304 144 291 144 BIODEGRADABLE 0
298 125 320 125 320 153 298 153 BIODEGRADABLE 0
297 88 318 88 318 118 297 118 BIODEGRADABLE 0
315 95 343 95 343 125 315 125 BIODEGRADABLE 0
294 176 352 176 352 189 294 189 BIODEGRADABLE 0
300 172 360 172 360 185 300 185 BIODEGRADABLE 0
294 152 360 152 360 172 294 172 BIODEGRADABLE 0
331 166 347 166 347 176 331 176 BIODEGRADABLE 0
346 161 367 161 367 174 346 174 BIODEGRADABLE 0
363 157 373 157 373 172 363 172 BIODEGRADABLE 0
375 148 415 148 415 212 375 212 BIODEGRADABLE 0
389 127.00000000000001 415 127.00000000000001 415 159 389 159 BIODEGRADABLE 0
355 114.00000000000001 411 114.00000000000001 411 148 355 148 BIODEGRADABLE 0
186 159 289 159 289 232 186 232 BIODEGRADABLE 0
116 208 130 208 130 238 116 238 BIODEGRADABLE 0