159 347 222 347 222 415 159 415 BIODEGRADABLE 0
92 295 172 295 172 415 92 415 BIODEGRADABLE 0
29.999999999999996 303 97 303 97 415 29.999999999999996 415 BIODEGRADABLE 0
2 311 38 311 38 415 2 415 BIODEGRADABLE 0
265 356 314 356 314 415 265 415 BIODEGRADABLE 0
304 326 376 326 376 415 304 415 BIODEGRADABLE 0
243 395 267 395 267 413 243 413 BIODEGRADABLE 0
244 409 268 409 268 415 244 415 BIODEGRADABLE 0
220 409 244 409 244 415 220 415 BIODEGRADABLE 0
215.00000000000003 399 241.00000000000003 399 241.00000000000003 411 215.00000000000003 411 BIODEGRADABLE 0
219 377 243 377 243 396 219 396 BIODEGRADABLE 0
241.00000000000003 375 265 375 265 394 241.00000000000003 394 BIODEGRADABLE 0
398 361 415 361 415 376 398 376 BIODEGRADABLE 0
383 363 396 363 396 371 383 371 BIODEGRADABLE 0
355 349 379 349 379 360 355 360 BIODEGRADABLE 0
311 305 339 305 339 341 311 341 BIODEGRADABLE 0
327 306 353 306 353 336 327 336 BIODEGRADABLE 0
335 303 359 303 359 337 335 337 BIODEGRADABLE 0
346 305 379 305 379 339 346 339 BIODEGRADABLE 0
360 301 390 301 390 339 360 339 BIODEGRADABLE 0
368 301 396 301 396 339 368 339 BIODEGRADABLE 0
398 322 414 322 414 348 398 348 BIODEGRADABLE 0
405 323 415 323 415 352 405 352 BIODEGRADABLE 0
381 299 405 299 405 324 381 324 BIODEGRADABLE 0
386 291 416 291 416 324 386 324 BIODEGRADABLE 0
396 284 415 284 415 305 396 305 BIODEGRADABLE 0
35 308 57.00000000000001 308 57.00000000000001 336 35 336 BIODEGRADABLE 0
3 275 31 275 31 311 3 311 BIODEGRADABLE 0
5 276 42 276 42 308 5 308 BIODEGRADABLE 0
18 275 62 275 62 309 18 309 BIODEGRADABLE 0
44 284 77 284 77 308 44 308 BIODEGRADABLE 0
79 275 119 275 119 313 79 313 BIODEGRADABLE 0
44 270 70 270 70 286 44 286 BIODEGRADABLE 0
68 266 84 266 84 278 68 278 BIODEGRADABLE 0
112 273 136 273 136 298 112 298 BIODEGRADABLE 0
81 252.99999999999997 123 252.99999999999997 123 275 81 275 BIODEGRADABLE 0
2 255.00000000000003 22 255.00000000000003 22 277 2 277 BIODEGRADABLE 0
16 243 42 243 42 267 16 267 BIODEGRADABLE 0
2 236 26 236 26 258 2 258 BIODEGRADABLE 0
2 219 13 219 13 233 2 233 BIODEGRADABLE 0
5 212 33 212 33 234 5 234 BIODEGRADABLE 0
24 228.00000000000003 68 228.00000000000003 68 258 24 258 BIODEGRADABLE 0
38 252.99999999999997 66 252.99999999999997 66 283 38 283 BIODEGRADABLE 0
81 255.00000000000003 114.00000000000001 255.00000000000003 114.00000000000001 275 81 275 BIODEGRADABLE 0
62 237 86 237 86 255.00000000000003 62 255.00000000000003 BIODEGRADABLE 0
88 245 94 245 94 255.00000000000003 88 255.00000000000003 BIODEGRADABLE 0
94 243 105 243 105 251 94 251 BIODEGRADABLE 0
105 243 118 243 118 251 105 251 BIODEGRADABLE 0
116 242.00000000000003 136 242.00000000000003 136 251.99999999999997 116 251.99999999999997 BIODEGRADABLE 0
114.00000000000001 236 132 236 132 244 114.00000000000001 244 BIODEGRADABLE 0
101 236 114.00000000000001 236 114.00000000000001 244 101 244 BIODEGRADABLE 0
92 237 103 237 103 245 92 245 BIODEGRADABLE 0
83 237 92 237 92 243 83 243 BIODEGRADABLE 0
114.00000000000001 228.00000000000003 125 228.00000000000003 125 234 114.00000000000001 234 BIODEGRADABLE 0
99 228.00000000000003 112 228.00000000000003 112 232 99 232 BIODEGRADABLE 0
90 231 103 231 103 235 90 235 BIODEGRADABLE 0
77 233 90 233 90 237 77 237 BIODEGRADABLE 0
118 213.99999999999997 140 213.99999999999997 140 225 118 225 BIODEGRADABLE 0
127.00000000000001 223 143 223 143 231 127.00000000000001 231 BIODEGRADABLE 0
106.99999999999999 212.99999999999997 125 212.99999999999997 125 223 106.99999999999999 223 BIODEGRADABLE 0
94 217 110 217 110 226.99999999999997 94 226.99999999999997 BIODEGRADABLE 0
81 216.00000000000003 99 216.00000000000003 99 228.00000000000003 81 228.00000000000003 BIODEGRADABLE 0
64 217 84 217 84 229.00000000000003 64 229.00000000000003 BIODEGRADABLE 0
48 223 64 223 64 233 48 233 BIODEGRADABLE 0
35 217 48 217 48 226.99999999999997 35 226.99999999999997 BIODEGRADABLE 0
48 212 59 212 59 222 48 222 BIODEGRADABLE 0
59 210 72 210 72 220 59 220 BIODEGRADABLE 0
59 204 70 204 70 212 59 212 BIODEGRADABLE 0
46 204 62 204 62 212 46 212 BIODEGRADABLE 0
28 204 46 204 46 213.99999999999997 28 213.99999999999997 BIODEGRADABLE 0
2 195 26 195 26 209 2 209 BIODEGRADABLE 0
68 189 144 189 144 215.00000000000003 68 215.00000000000003 BIODEGRADABLE 0
2 4 24 4 24 24 2 24 BIODEGRADABLE 0
2 25 20 25 20 39 2 39 BIODEGRADABLE 0
22 26 46 26 46 38 22 38 BIODEGRADABLE 0
9 35 31 35 31 51 9 51 BIODEGRADABLE 0
20 49 42 49 42 59.99999999999999 20 59.99999999999999 BIODEGRADABLE 0
9 51 25 51 25 62.99999999999999 9 62.99999999999999 BIODEGRADABLE 0
2 46 13 46 13 58 2 58 BIODEGRADABLE 0
7 66 16 66 16 74 7 74 BIODEGRADABLE 0
3 73 16 73 16 77 3 77 BIODEGRADABLE 0
14.999999999999998 62 33 62 33 74 14.999999999999998 74 BIODEGRADABLE 0
14.999999999999998 74 31 74 31 82 14.999999999999998 82 BIODEGRADABLE 0
18 77 36 77 36 85 18 85 BIODEGRADABLE 0
33 66 51 66 51 77 33 77 BIODEGRADABLE 0
33 79 49 79 49 87 33 87 BIODEGRADABLE 0
51 82 64 82 64 92 51 92 BIODEGRADABLE 0
51 91 62 91 62 97 51 97 BIODEGRADABLE 0
62.99999999999999 91 79 91 79 97 62.99999999999999 97 BIODEGRADABLE 0
61 83 79 83 79 91 61 91 BIODEGRADABLE 0
79 85 99 85 99 101 79 101 BIODEGRADABLE 0
29 36 59 36 59 66 29 66 BIODEGRADABLE 0
53 62 99 62 99 88 53 88 BIODEGRADABLE 0
81 58 138 58 138 82 81 82 BIODEGRADABLE 0
62 44 88 44 88 62.99999999999999 62 62.99999999999999 BIODEGRADABLE 0
81 36 121.00000000000001 36 121.00000000000001 55 81 55 BIODEGRADABLE 0
130 33 167 33 167 74 130 74 BIODEGRADABLE 0
127.00000000000001 2 167 2 167 28 127.00000000000001 28 BIODEGRADABLE 0
156 2 200 2 200 24 156 24 BIODEGRADABLE 0
158 27.000000000000004 202 27.000000000000004 202 82 158 82 BIODEGRADABLE 0
195 21 237 21 237 69 195 69 BIODEGRADABLE 0
223 2 265 2 265 41 223 41 BIODEGRADABLE 0
189 1 224 1 224 19 189 19 BIODEGRADABLE 0
228.00000000000003 2 276 2 276 22 228.00000000000003 22 BIODEGRADABLE 0
285 3 325 3 325 36 285 36 BIODEGRADABLE 0
296 2 346 2 346 18 296 18 BIODEGRADABLE 0
259 2 287 2 287 32 259 32 BIODEGRADABLE 0
357 2 414 2 414 27.000000000000004 357 27.000000000000004 BIODEGRADABLE 0
324 18 370 18 370 29.999999999999996 324 29.999999999999996 BIODEGRADABLE 0
309 32 351 32 351 52 309 52 BIODEGRADABLE 0
344 33 377 33 377 71 344 71 BIODEGRADABLE 0
384 31 414 31 414 47 384 47 BIODEGRADABLE 0
366 16 412 16 412 42 366 42 BIODEGRADABLE 0
374 45 415 45 415 84 374 84 BIODEGRADABLE 0
353 70 373 70 373 82 353 82 BIODEGRADABLE 0
335 66 363 66 363 94 335 94 BIODEGRADABLE 0
329 44 357 44 357 72 329 72 BIODEGRADABLE 0
362 81 408 81 408 129 362 129 BIODEGRADABLE 0
315 94 372 94 372 124 315 124 BIODEGRADABLE 0
283 104 327 104 327 140 283 140 BIODEGRADABLE 0
289 140 326 140 326 158 289 158 BIODEGRADABLE 0
272 118 300 118 300 146 272 146 BIODEGRADABLE 0
322 125.99999999999999 372 125.99999999999999 372 152 322 152 BIODEGRADABLE 0
360 119 388 119 388 137 360 137 BIODEGRADABLE 0
376 124 415 124 415 149 376 149 BIODEGRADABLE 0
387 109 415 109 415 130 387 130 BIODEGRADABLE 0
287 203 329 203 329 228.00000000000003 287 228.00000000000003 BIODEGRADABLE 0
243 203 287 203 287 228.00000000000003 243 228.00000000000003 BIODEGRADABLE 0
228.00000000000003 184 265 184 265 209 228.00000000000003 209 BIODEGRADABLE 0
263 186 300 186 300 206 263 206 BIODEGRADABLE 0
251.99999999999997 180 274 180 274 190 251.99999999999997 190 BIODEGRADABLE 0
316 187 346 187 346 211 316 211 BIODEGRADABLE 0
289 179 324 179 324 201 289 201 BIODEGRADABLE 0
276 168 300 168 300 184 276 184 BIODEGRADABLE 0
254.00000000000003 167 278 167 278 181 254.00000000000003 181 BIODEGRADABLE 0
261 156 283 156 283 168 261 168 BIODEGRADABLE 0
278 153 300 153 300 167 278 167 BIODEGRADABLE 0
261 138 283 138 283 152 261 152 BIODEGRADABLE 0
243 145 265 145 265 157 243 157 BIODEGRADABLE 0
245 160 261 160 261 168 245 168 BIODEGRADABLE 0
303 152 329 152 329 168 303 168 BIODEGRADABLE 0
296 165 322 165 322 179 296 179 BIODEGRADABLE 0
316 168 342 168 342 186 316 186 BIODEGRADABLE 0
322 156 348 156 348 170 322 170 BIODEGRADABLE 0
342 176 364 176 364 187 342 187 BIODEGRADABLE 0
349 151 379 151 379 167 349 167 BIODEGRADABLE 0
348 167 364 167 364 171 348 171 BIODEGRADABLE 0
357 167 383 167 383 179 357 179 BIODEGRADABLE 0
383 154 407 154 407 170 383 170 BIODEGRADABLE 0
373 141 399 141 399 157 373 157 BIODEGRADABLE 0
407 149 415 149 415 167 407 167 BIODEGRADABLE 0
405 168 415 168 415 184 405 184 BIODEGRADABLE 0
381 171 407 171 407 187 381 187 BIODEGRADABLE 0
364 181 386 181 386 192 364 192 BIODEGRADABLE 0
392 181 415 181 415 200 392 200 BIODEGRADABLE 0
197 74 221 74 221 93 197 93 BIODEGRADABLE 0
184 68 204 68 204 79 184 79 BIODEGRADABLE 0
164 74 197 74 197 96 164 96 BIODEGRADABLE 0
147 68 175 68 175 80 147 80 BIODEGRADABLE 0
130 69 156 69 156 85 130 85 BIODEGRADABLE 0
114.00000000000001 74 138 74 138 93 114.00000000000001 93 BIODEGRADABLE 0
110 85 132 85 132 96 110 96 BIODEGRADABLE 0
147 85 173 85 173 97 147 97 BIODEGRADABLE 0
167 74 191 74 191 94 167 94 BIODEGRADABLE 0
132 90 154 90 154 104 132 104 BIODEGRADABLE 0
156 99 178 99 178 112.99999999999999 156 112.99999999999999 BIODEGRADABLE 0
162 114.00000000000001 182 114.00000000000001 182 125.99999999999999 162 125.99999999999999 BIODEGRADABLE 0
164 122 182 122 182 132 164 132 BIODEGRADABLE 0
171 132 182 132 182 138 171 138 BIODEGRADABLE 0
184 132 206 132 206 142 184 142 BIODEGRADABLE 0
180 121.00000000000001 212.99999999999997 121.00000000000001 212.99999999999997 132 180 132 BIODEGRADABLE 0
197 137 219 137 219 147 197 147 BIODEGRADABLE 0
212.99999999999997 119 235 119 235 129 212.99999999999997 129 BIODEGRADABLE 0
204 110 224 110 224 122 204 122 BIODEGRADABLE 0
178 105 206 105 206 123 178 123 BIODEGRADABLE 0
180 90 206 90 206 106 180 106 BIODEGRADABLE 0
200 95 224 95 224 106.99999999999999 200 106.99999999999999 BIODEGRADABLE 0
217 81 245 81 245 93 217 93 BIODEGRADABLE 0
222 98 250 98 250 119.99999999999999 222 119.99999999999999 BIODEGRADABLE 0
245 91 263 91 263 106.99999999999999 245 106.99999999999999 BIODEGRADABLE 0
97 112.99999999999999 125 112.99999999999999 125 135 97 135 BIODEGRADABLE 0
125 115 147 115 147 131 125 131 BIODEGRADABLE 0
145 118 167 118 167 150 145 150 BIODEGRADABLE 0
106.99999999999999 103 149 103 149 115 106.99999999999999 115 BIODEGRADABLE 0
166 138 184 138 184 149 166 149 BIODEGRADABLE 0
59.99999999999999 110 86 110 86 130 59.99999999999999 130 BIODEGRADABLE 0
59.99999999999999 99 88 99 88 111 59.99999999999999 111 BIODEGRADABLE 0
44 101 62 101 62 115 44 115 BIODEGRADABLE 0
29 86 53 86 53 104 29 104 BIODEGRADABLE 0
83 119.99999999999999 105 119.99999999999999 105 140 83 140 BIODEGRADABLE 0
81 135 109 135 109 153 81 153 BIODEGRADABLE 0
108.00000000000001 130 138 130 138 148 108.00000000000001 148 BIODEGRADABLE 0
114.00000000000001 146 134 146 134 157 114.00000000000001 157 BIODEGRADABLE 0
138 141 151 141 151 149 138 149 BIODEGRADABLE 0
258 83 298 83 298 106.99999999999999 258 106.99999999999999 BIODEGRADABLE 0
248 109 281 109 281 123 248 123 BIODEGRADABLE 0
222 121.00000000000001 272 121.00000000000001 272 145 222 145 BIODEGRADABLE 0
225.99999999999997 146 246 146 246 170 225.99999999999997 170 BIODEGRADABLE 0
212 146 232 146 232 157 212 157 BIODEGRADABLE 0
195 156 211 156 211 167 195 167 BIODEGRADABLE 0
191 144 211 144 211 154 191 154 BIODEGRADABLE 0
173 148 195 148 195 162 173 162 BIODEGRADABLE 0
160 151 173 151 173 161 160 161 BIODEGRADABLE 0
193 155 212.99999999999997 155 212.99999999999997 173 193 173 BIODEGRADABLE 0
208 165 225.99999999999997 165 225.99999999999997 177 208 177 BIODEGRADABLE 0
208 178 230 178 230 186 208 186 BIODEGRADABLE 0
193 170 212.99999999999997 170 212.99999999999997 182 193 182 BIODEGRADABLE 0
171 160 191 160 191 178 171 178 BIODEGRADABLE 0
153 159 171 159 171 173 153 173 BIODEGRADABLE 0
149 167 165 167 165 181 149 181 BIODEGRADABLE 0
136 159 154 159 154 171 136 171 BIODEGRADABLE 0
140 149 158 149 158 160 140 160 BIODEGRADABLE 0
114.00000000000001 149 140 149 140 165 114.00000000000001 165 BIODEGRADABLE 0
101 160 114.00000000000001 160 114.00000000000001 168 101 168 BIODEGRADABLE 0
88 153 106 153 106 164 88 164 BIODEGRADABLE 0
70 146 88 146 88 164 70 164 BIODEGRADABLE 0
48 143 70 143 70 155 48 155 BIODEGRADABLE 0
68 134 81 134 81 146 68 146 BIODEGRADABLE 0
44 125.99999999999999 66 125.99999999999999 66 140 44 140 BIODEGRADABLE 0
22 112.99999999999999 44 112.99999999999999 44 132 22 132 BIODEGRADABLE 0
11 123 31 123 31 139 11 139 BIODEGRADABLE 0
2 119 11 119 11 135 2 135 BIODEGRADABLE 0
9 115 27.000000000000004 115 27.000000000000004 123 9 123 BIODEGRADABLE 0
26 104 44 104 44 115 26 115 BIODEGRADABLE 0
2 139 20 139 20 151 2 151 BIODEGRADABLE 0
2 151 18 151 18 159 2 159 BIODEGRADABLE 0
17 146 33 146 33 154 17 154 BIODEGRADABLE 0
13 158 33 158 33 162 13 162 BIODEGRADABLE 0
20 164 33 164 33 168 20 168 BIODEGRADABLE 0
18 132 46 132 46 148 18 148 BIODEGRADABLE 0
35 147 51 147 51 159 35 159 BIODEGRADABLE 0
48 154 70 154 70 172 48 172 BIODEGRADABLE 0
33 161 46 161 46 167 33 167 BIODEGRADABLE 0
11 168 24 168 24 178 11 178 BIODEGRADABLE 0
28 184 46 184 46 192 28 192 BIODEGRADABLE 0
39 168 55 168 55 179 39 179 BIODEGRADABLE 0
24 170 40 170 40 181 24 181 BIODEGRADABLE 0
57.00000000000001 171 70 171 70 174 57.00000000000001 174 BIODEGRADABLE 0
81 165 94 165 94 171 81 171 BIODEGRADABLE 0
70 167 81 167 81 173 70 173 BIODEGRADABLE 0
79 170 97 170 97 182 79 182 BIODEGRADABLE 0
68 174 81 174 81 184 68 184 BIODEGRADABLE 0
52 174 68 174 68 185 52 185 BIODEGRADABLE 0
46 181 57.00000000000001 181 57.00000000000001 189 46 189 BIODEGRADABLE 0
53 185 66 185 66 195 53 195 BIODEGRADABLE 0
66 184 84 184 84 192 66 192 BIODEGRADABLE 0
83 184 99 184 99 190 83 190 BIODEGRADABLE 0
97 179 108.00000000000001 179 108.00000000000001 190 97 190 BIODEGRADABLE 0
106.99999999999999 176 123 176 123 187 106.99999999999999 187 BIODEGRADABLE 0
123 179 134 179 134 185 123 185 BIODEGRADABLE 0
127.00000000000001 174 143 174 143 182 127.00000000000001 182 BIODEGRADABLE 0
116 168 127.00000000000001 168 127.00000000000001 178 116 178 BIODEGRADABLE 0
167 178 187 178 187 190 167 190 BIODEGRADABLE 0
147 184 173 184 173 195 147 195 BIODEGRADABLE 0
136 190 164 190 164 208 136 208 BIODEGRADABLE 0
164 196 184 196 184 206 164 206 BIODEGRADABLE 0
171 182 195 182 195 198 171 198 BIODEGRADABLE 0
193 183 217 183 217 195 193 195 BIODEGRADABLE 0
213.99999999999997 185 230 185 230 195 213.99999999999997 195 BIODEGRADABLE 0
191 193 217 193 217 203 191 203 BIODEGRADABLE 0
173 204 195 204 195 213.99999999999997 173 213.99999999999997 BIODEGRADABLE 0
167 206 180 206 180 217 167 217 BIODEGRADABLE 0
193 203 221 203 221 219 193 219 BIODEGRADABLE 0
145 206 180 206 180 222 145 222 BIODEGRADABLE 0
217 196 245 196 245 228.00000000000003 217 228.00000000000003 BIODEGRADABLE 0
237 225 329 225 329 273 237 273 BIODEGRADABLE 0
180 217 238.99999999999997 217 238.99999999999997 261 180 261 BIODEGRADABLE 0
193 255.00000000000003 230 255.00000000000003 230 289 193 289 BIODEGRADABLE 0
191 278 221 278 221 302 191 302 BIODEGRADABLE 0
173 276 191 276 191 292 173 292 BIODEGRADABLE 0
173 289 191 289 191 301 173 301 BIODEGRADABLE 0
223 250 313 250 313 304 223 304 BIODEGRADABLE 0
221 288 302 288 302 322 221 322 BIODEGRADABLE 0
307 264 340 264 340 294 307 294 BIODEGRADABLE 0
329 266 355 266 355 286 329 286 BIODEGRADABLE 0
348 265 372 265 372 289 348 289 BIODEGRADABLE 0
329 251 342 251 342 262 329 262 BIODEGRADABLE 0
342 254.00000000000003 353 254.00000000000003 353 262 342 262 BIODEGRADABLE 0
351 254.00000000000003 364 254.00000000000003 364 264 351 264 BIODEGRADABLE 0
361 252.99999999999997 377 252.99999999999997 377 263 361 263 BIODEGRADABLE 0
364 242.00000000000003 397 242.00000000000003 397 252.99999999999997 364 252.99999999999997 BIODEGRADABLE 0
335 237 351 237 351 247 335 247 BIODEGRADABLE 0
346 243 362 243 362 251 346 251 BIODEGRADABLE 0
363 234 381 234 381 244 363 244 BIODEGRADABLE 0
383 234 396 234 396 246 383 246 BIODEGRADABLE 0
381 195 397 195 397 205 381 205 BIODEGRADABLE 0
370 192 383 192 383 203 370 203 BIODEGRADABLE 0
340 190 370 190 370 224 340 224 BIODEGRADABLE 0
326 210 342 210 342 225.99999999999997 326 225.99999999999997 BIODEGRADABLE 0
326 224 344 224 344 234 326 234 BIODEGRADABLE 0
344 225 357 225 357 237 344 237 BIODEGRADABLE 0
355 225 375 225 375 236 355 236 BIODEGRADABLE 0
353 213.99999999999997 375 213.99999999999997 375 225.99999999999997 353 225.99999999999997 BIODEGRADABLE 0
366 207 379 207 379 215.00000000000003 366 215.00000000000003 BIODEGRADABLE 0
381 206 394 206 394 213.99999999999997 381 213.99999999999997 BIODEGRADABLE 0
397 204 408 204 408 212 397 212 BIODEGRADABLE 0
407 207 415 207 415 213.99999999999997 407 213.99999999999997 BIODEGRADABLE 0
403 215.00000000000003 415 215.00000000000003 415 226.99999999999997 403 226.99999999999997 BIODEGRADABLE 0
390 215.00000000000003 401 215.00000000000003 401 225 390 225 BIODEGRADABLE 0
377 213.99999999999997 390 213.99999999999997 390 225.99999999999997 377 225.99999999999997 BIODEGRADABLE 0
372 224 415 224 415 233 372 233 BIODEGRADABLE 0
180 250 193 250 193 261 180 261 BIODEGRADABLE 0
166 251 182 251 182 261 166 261 BIODEGRADABLE 0
180 261 198 261 198 272 180 272 BIODEGRADABLE 0
182 274 202 274 202 280 182 280 BIODEGRADABLE 0
171 268 182 268 182 278 171 278 BIODEGRADABLE 0
151 261 169 261 169 269 151 269 BIODEGRADABLE 0
138 259 151 259 151 269 138 269 BIODEGRADABLE 0
125 261 141 261 141 272 125 272 BIODEGRADABLE 0
151 251 167 251 167 259 151 259 BIODEGRADABLE 0
138 251 149 251 149 259 138 259 BIODEGRADABLE 0
166 242.00000000000003 182 242.00000000000003 182 250 166 250 BIODEGRADABLE 0
154 239.99999999999997 167 239.99999999999997 167 251 154 251 BIODEGRADABLE 0
140 242.00000000000003 153 242.00000000000003 153 251.99999999999997 140 251.99999999999997 BIODEGRADABLE 0
164 229.00000000000003 180 229.00000000000003 180 238.99999999999997 164 238.99999999999997 BIODEGRADABLE 0
153 231 164 231 164 241.00000000000003 153 241.00000000000003 BIODEGRADABLE 0
143 234 154 234 154 239.99999999999997 143 239.99999999999997 BIODEGRADABLE 0
167 222 180 222 180 228.00000000000003 167 228.00000000000003 BIODEGRADABLE 0
149 220 165 220 165 231 149 231 BIODEGRADABLE 0
140 223 153 223 153 233 140 233 BIODEGRADABLE 0