2 7 52 7 52 29 2 29 BIODEGRADABLE 0
25 2 82 2 82 16 25 16 BIODEGRADABLE 0
52 2 131 2 131 34 52 34 BIODEGRADABLE 0
82 2 100 2 100 13 82 13 BIODEGRADABLE 0
77 20 131 20 131 45 77 45 BIODEGRADABLE 0
82 40 124 40 124 64 82 64 BIODEGRADABLE 0
32 37 92 37 92 67 32 67 BIODEGRADABLE 0
52 69 84 69 84 103 52 103 BIODEGRADABLE 0
3 27.000000000000004 37 27.000000000000004 37 62.99999999999999 3 62.99999999999999 BIODEGRADABLE 0
2 53 52 53 52 123 2 123 BIODEGRADABLE 0
3 122 28 122 28 140 3 140 BIODEGRADABLE 0
8 118 139 118 139 225.99999999999997 8 225.99999999999997 BIODEGRADABLE 0
25 140 106.99999999999999 140 106.99999999999999 204 25 204 BIODEGRADABLE 0
99 129 139 129 139 149 99 149 BIODEGRADABLE 0
40 85 136 85 136 143 40 143 BIODEGRADABLE 0
121.00000000000001 111 161 111 161 131 121.00000000000001 131 BIODEGRADABLE 0
137 132 164 132 164 148 137 148 BIODEGRADABLE 0
97 139 147 139 147 163 97 163 BIODEGRADABLE 0
134 96 166 96 166 116 134 116 BIODEGRADABLE 0
164 92 189 92 189 110 164 110 BIODEGRADABLE 0
196 93 221 93 221 109 196 109 BIODEGRADABLE 0
181 109 221 109 221 131 181 131 BIODEGRADABLE 0
161 115 176 115 176 131 161 131 BIODEGRADABLE 0
191 67 231 67 231 92 191 92 BIODEGRADABLE 0
191 51 235 51 235 71 191 71 BIODEGRADABLE 0
129 2 263 2 263 59.99999999999999 129 59.99999999999999 BIODEGRADABLE 0
104 50 186 50 186 97 104 97 BIODEGRADABLE 0
231 49 285 49 285 79 231 79 BIODEGRADABLE 0
250 17 297 17 297 46 250 46 BIODEGRADABLE 0
285 39 332 39 332 67 285 67 BIODEGRADABLE 0
327 50 381 50 381 84 327 84 BIODEGRADABLE 0
325 24 379 24 379 50 325 50 BIODEGRADABLE 0
372 33 416 33 416 65 372 65 BIODEGRADABLE 0
386 7 415 7 415 38 386 38 BIODEGRADABLE 0
384 64 415 64 415 83 384 83 BIODEGRADABLE 0
245 2 401 2 401 49 245 49 BIODEGRADABLE 0
282 67 349 67 349 99 282 99 BIODEGRADABLE 0
357 75 391 75 391 95 357 95 BIODEGRADABLE 0
315 106.99999999999999 357 106.99999999999999 357 133 315 133 BIODEGRADABLE 0
376 127.00000000000001 415 127.00000000000001 415 149 376 149 BIODEGRADABLE 0
339 80 415 80 415 135 339 135 BIODEGRADABLE 0
278 100 330 100 330 132 278 132 BIODEGRADABLE 0
230 82 297 82 297 114.00000000000001 230 114.00000000000001 BIODEGRADABLE 0
211 86 241.00000000000003 86 241.00000000000003 118 211 118 BIODEGRADABLE 0
218 111 280 111 280 141 218 141 BIODEGRADABLE 0
252.99999999999997 122 295 122 295 154 252.99999999999997 154 BIODEGRADABLE 0
302 131 381 131 381 170 302 170 BIODEGRADABLE 0
151 128 245 128 245 174 151 174 BIODEGRADABLE 0
124 158 168 158 168 210 124 210 BIODEGRADABLE 0
119 198 173 198 173 262 119 262 BIODEGRADABLE 0
156 179 206 179 206 254.00000000000003 156 254.00000000000003 BIODEGRADABLE 0
181 179 241.00000000000003 179 241.00000000000003 219 181 219 BIODEGRADABLE 0
166 172 220 172 220 201 166 201 BIODEGRADABLE 0
166 199 228.00000000000003 199 228.00000000000003 228.00000000000003 166 228.00000000000003 BIODEGRADABLE 0
212.99999999999997 157 335 157 335 197 212.99999999999997 197 BIODEGRADABLE 0
337 159 415 159 415 218 337 218 BIODEGRADABLE 0
382 121.00000000000001 416 121.00000000000001 416 169 382 169 BIODEGRADABLE 0
3 168 35 168 35 204 3 204 BIODEGRADABLE 0
3 200 50 200 50 229.00000000000003 3 229.00000000000003 BIODEGRADABLE 0
2 217 20 217 20 249 2 249 BIODEGRADABLE 0
3 232 59.99999999999999 232 59.99999999999999 268 3 268 BIODEGRADABLE 0
2 262 20 262 20 290 2 290 BIODEGRADABLE 0
42 213.99999999999997 112 213.99999999999997 112 260 42 260 BIODEGRADABLE 0
124 222 166 222 166 242.00000000000003 124 242.00000000000003 BIODEGRADABLE 0
136 230 188 230 188 248 136 248 BIODEGRADABLE 0
132 248 211 248 211 287 132 287 BIODEGRADABLE 0
203 250 243 250 243 280 203 280 BIODEGRADABLE 0
191 222 297 222 297 250 191 250 BIODEGRADABLE 0
248 189 320 189 320 236 248 236 BIODEGRADABLE 0
300 206 364 206 364 254.00000000000003 300 254.00000000000003 BIODEGRADABLE 0
366 210 415 210 415 245 366 245 BIODEGRADABLE 0
322 238.99999999999997 415 238.99999999999997 415 317 322 317 BIODEGRADABLE 0
280 290 342 290 342 328 280 328 BIODEGRADABLE 0
250 249 324 249 324 301 250 301 BIODEGRADABLE 0
211 278 297 278 297 339 211 339 BIODEGRADABLE 0
203 286 245 286 245 350 203 350 BIODEGRADABLE 0
184 284 206 284 206 352 184 352 BIODEGRADABLE 0
166 287 191 287 191 365 166 365 BIODEGRADABLE 0
144 290 191 290 191 355 144 355 BIODEGRADABLE 0
129 287 166 287 166 352 129 352 BIODEGRADABLE 0
106.99999999999999 286 144 286 144 324 106.99999999999999 324 BIODEGRADABLE 0
79 266 141 266 141 301 79 301 BIODEGRADABLE 0
37 291 106.99999999999999 291 106.99999999999999 318 37 318 BIODEGRADABLE 0
42 276 84 276 84 297 42 297 BIODEGRADABLE 0
3 246 154 246 154 332 3 332 BIODEGRADABLE 0
299 310 415 310 415 380 299 380 BIODEGRADABLE 0
389 363 415 363 415 396 389 396 BIODEGRADABLE 0
289 378 416 378 416 415 289 415 BIODEGRADABLE 0
260 406 293 406 293 415 260 415 BIODEGRADABLE 0
223 344 319 344 319 406 223 406 BIODEGRADABLE 0
184 354 225.99999999999997 354 225.99999999999997 380 184 380 BIODEGRADABLE 0
212.99999999999997 308 297 308 297 354 212.99999999999997 354 BIODEGRADABLE 0
2 309 147 309 147 415 2 415 BIODEGRADABLE 0
3 385 25 385 25 405 3 405 BIODEGRADABLE 0
2 405 23 405 23 415 2 415 BIODEGRADABLE 0
72 359 189 359 189 415 72 415 BIODEGRADABLE 0
176 382 262 382 262 416 176 416 BIODEGRADABLE 0
2 1 415 1 415 415 2 415 BIODEGRADABLE 0