0 2 131 2 131 111 0 111 BIODEGRADABLE 0
137 2 225 2 225 84 137 84 BIODEGRADABLE 0
365 2 415 2 415 168 365 168 BIODEGRADABLE 0
257 5 379 5 379 118 257 118 BIODEGRADABLE 0
278 5 402 5 402 135 278 135 BIODEGRADABLE 0
312 146 414 146 414 279 312 279 BIODEGRADABLE 0
275 153 333 153 333 211 275 211 BIODEGRADABLE 0
211 122 303 122 303 210 211 210 BIODEGRADABLE 0
309 95 369 95 369 151 309 151 BIODEGRADABLE 0
112 56 289 56 289 171 112 171 BIODEGRADABLE 0
205 7 244 7 244 55 205 55 BIODEGRADABLE 0
14 2 128 2 128 44 14 44 BIODEGRADABLE 0
58 44 151 44 151 270 58 270 BIODEGRADABLE 0
5 91 75 91 75 270 5 270 BIODEGRADABLE 0
0 70 27.000000000000004 70 27.000000000000004 215.00000000000003 0 215.00000000000003 BIODEGRADABLE 0
0 224 59 224 59 350 0 350 BIODEGRADABLE 0
49 279 100 279 100 415 49 415 BIODEGRADABLE 0
135 256 197 256 197 415 135 415 BIODEGRADABLE 0
0 365 14.999999999999998 365 14.999999999999998 415 0 415 BIODEGRADABLE 0
0 296 53 296 53 415 0 415 BIODEGRADABLE 0
218 209 354 209 354 277 218 277 BIODEGRADABLE 0
194 272 363 272 363 387 194 387 BIODEGRADABLE 0
311 259 398 259 398 379 311 379 BIODEGRADABLE 0
322 312 415 312 415 415 322 415 BIODEGRADABLE 0
393 254.00000000000003 415 254.00000000000003 415 310 393 310 BIODEGRADABLE 0
244 368 330 368 330 416 244 416 BIODEGRADABLE 0
194 365 260 365 260 415 194 415 BIODEGRADABLE 0
157 125.99999999999999 250 125.99999999999999 250 350 157 350 BIODEGRADABLE 0
123 173 177 173 177 405 123 405 BIODEGRADABLE 0