81 24 111 24 111 58 81 58 BIODEGRADABLE 0
111 20 144 20 144 61 111 61 BIODEGRADABLE 0
160 24 195 24 195 58 160 58 BIODEGRADABLE 0
186 41 228.00000000000003 41 228.00000000000003 80 186 80 BIODEGRADABLE 0
157 74 185 74 185 104 157 104 BIODEGRADABLE 0
131 96 158 96 158 124 131 124 BIODEGRADABLE 0
106 70 139 70 139 102 106 102 BIODEGRADABLE 0
84 105 112 105 112 139 84 139 BIODEGRADABLE 0
62 83 97 83 97 124 62 124 BIODEGRADABLE 0
41 65 79 65 79 95 41 95 BIODEGRADABLE 0
38 98 71 98 71 135 38 135 BIODEGRADABLE 0
25 133 57.00000000000001 133 57.00000000000001 165 25 165 BIODEGRADABLE 0
64 139 97 139 97 165 64 165 BIODEGRADABLE 0
57.00000000000001 156 85 156 85 176 57.00000000000001 176 BIODEGRADABLE 0
22 163 54.00000000000001 163 54.00000000000001 191 22 191 BIODEGRADABLE 0
36 185 76 185 76 212.99999999999997 36 212.99999999999997 BIODEGRADABLE 0
59 176 92 176 92 198 59 198 BIODEGRADABLE 0
94 165 132 165 132 191 94 191 BIODEGRADABLE 0
116 150 149 150 149 176 116 176 BIODEGRADABLE 0
105 130 135 130 135 156 105 156 BIODEGRADABLE 0
144 130 179 130 179 158 144 158 BIODEGRADABLE 0
159 106 192 106 192 132 159 132 BIODEGRADABLE 0
184 89 224 89 224 117 184 117 BIODEGRADABLE 0
174 130 213.99999999999997 130 213.99999999999997 156 174 156 BIODEGRADABLE 0
171 154 201 154 201 178 171 178 BIODEGRADABLE 0
144 152 172 152 172 176 144 176 BIODEGRADABLE 0
131 178 155 178 155 200 131 200 BIODEGRADABLE 0
112 191 136 191 136 215.00000000000003 112 215.00000000000003 BIODEGRADABLE 0
94 191 112.99999999999999 191 112.99999999999999 202 94 202 BIODEGRADABLE 0
98 212.99999999999997 116 212.99999999999997 116 228.00000000000003 98 228.00000000000003 BIODEGRADABLE 0
80 202 100 202 100 224 80 224 BIODEGRADABLE 0
67 213.99999999999997 89 213.99999999999997 89 234 67 234 BIODEGRADABLE 0
48 225 72 225 72 243 48 243 BIODEGRADABLE 0
38 206 65 206 65 225.99999999999997 38 225.99999999999997 BIODEGRADABLE 0
26 232 56 232 56 256 26 256 BIODEGRADABLE 0
3 238 25 238 25 260 3 260 BIODEGRADABLE 0
2 215.00000000000003 20 215.00000000000003 20 245 2 245 BIODEGRADABLE 0
18 252.99999999999997 42 252.99999999999997 42 271 18 271 BIODEGRADABLE 0
160 180 186 180 186 204 160 204 BIODEGRADABLE 0
187 169 219 169 219 195 187 195 BIODEGRADABLE 0
184 195 212 195 212 217 184 217 BIODEGRADABLE 0
128 210 163 210 163 234 128 234 BIODEGRADABLE 0
116 225.99999999999997 144 225.99999999999997 144 260 116 260 BIODEGRADABLE 0
93 221 119 221 119 245 93 245 BIODEGRADABLE 0
83 241.00000000000003 111 241.00000000000003 111 269 83 269 BIODEGRADABLE 0
68 258 90 258 90 278 68 278 BIODEGRADABLE 0
62 245 81 245 81 269 62 269 BIODEGRADABLE 0
52 264 76 264 76 286 52 286 BIODEGRADABLE 0
40 252.99999999999997 59.99999999999999 252.99999999999997 59.99999999999999 271 40 271 BIODEGRADABLE 0
24 282 51 282 51 306 24 306 BIODEGRADABLE 0
3 288 29 288 29 312 3 312 BIODEGRADABLE 0
144 238 166 238 166 260 144 260 BIODEGRADABLE 0
161 247 185 247 185 273 161 273 BIODEGRADABLE 0
147 269 171 269 171 291 147 291 BIODEGRADABLE 0
131 264 147 264 147 286 131 286 BIODEGRADABLE 0
109 280 131 280 131 300 109 300 BIODEGRADABLE 0
92 264 114.00000000000001 264 114.00000000000001 284 92 284 BIODEGRADABLE 0
75 277 95 277 95 295 75 295 BIODEGRADABLE 0
70 295 100 295 100 319 70 319 BIODEGRADABLE 0
51 293 69 293 69 315 51 315 BIODEGRADABLE 0
29 306 51 306 51 321 29 321 BIODEGRADABLE 0
8 308 28 308 28 326 8 326 BIODEGRADABLE 0
35 318 49 318 49 336 35 336 BIODEGRADABLE 0
19 325 35 325 35 338 19 338 BIODEGRADABLE 0
2 325 20 325 20 351 2 351 BIODEGRADABLE 0
18 336 38 336 38 349 18 349 BIODEGRADABLE 0
8 351 32 351 32 369 8 369 BIODEGRADABLE 0
13 366 40 366 40 388 13 388 BIODEGRADABLE 0
51 317 77 317 77 343 51 343 BIODEGRADABLE 0
74 319 98 319 98 330 74 330 BIODEGRADABLE 0
73 327 85 327 85 345 73 345 BIODEGRADABLE 0
73 343 87 343 87 354 73 354 BIODEGRADABLE 0
62 349 81 349 81 373 62 373 BIODEGRADABLE 0
50 342 70 342 70 362 50 362 BIODEGRADABLE 0
36 360 62 360 62 378 36 378 BIODEGRADABLE 0
54.00000000000001 373 81 373 81 391 54.00000000000001 391 BIODEGRADABLE 0
62 384 88 384 88 399 62 399 BIODEGRADABLE 0
6 401 21 401 21 415 6 415 BIODEGRADABLE 0
82 396 102 396 102 415 82 415 BIODEGRADABLE 0
87 362 101 362 101 382 87 382 BIODEGRADABLE 0
94 362 121.00000000000001 362 121.00000000000001 390 94 390 BIODEGRADABLE 0
125 370 153 370 153 388 125 388 BIODEGRADABLE 0
136 379 160 379 160 397 136 397 BIODEGRADABLE 0
139 390 163 390 163 412 139 412 BIODEGRADABLE 0
159 383 179 383 179 403 159 403 BIODEGRADABLE 0
183 409 207 409 207 415 183 415 BIODEGRADABLE 0
185 399 207 399 207 410 185 410 BIODEGRADABLE 0
184 388 206 388 206 406 184 406 BIODEGRADABLE 0
140 314 162 314 162 332 140 332 BIODEGRADABLE 0
133 291 160 291 160 319 133 319 BIODEGRADABLE 0
119 297 135 297 135 325 119 325 BIODEGRADABLE 0
100 286 119 286 119 312 100 312 BIODEGRADABLE 0
97 308 117 308 117 332 97 332 BIODEGRADABLE 0
93 325 111 325 111 340 93 340 BIODEGRADABLE 0
100 336 125.99999999999999 336 125.99999999999999 354 100 354 BIODEGRADABLE 0
86 342 108.00000000000001 342 108.00000000000001 362 86 362 BIODEGRADABLE 0
111 355 133 355 133 373 111 373 BIODEGRADABLE 0
128 343 150 343 150 369 128 369 BIODEGRADABLE 0
130 338 158 338 158 349 130 349 BIODEGRADABLE 0
159 345 187 345 187 375 159 375 BIODEGRADABLE 0
141 368 171 368 171 386 141 386 BIODEGRADABLE 0
170 377 200 377 200 395 170 395 BIODEGRADABLE 0
187 371 217 371 217 382 187 382 BIODEGRADABLE 0
191 347 223 347 223 369 191 369 BIODEGRADABLE 0
192 327 219 327 219 351 192 351 BIODEGRADABLE 0
160 323 190 323 190 341 160 341 BIODEGRADABLE 0
178 299 206 299 206 323 178 323 BIODEGRADABLE 0
173 312 192 312 192 330 173 330 BIODEGRADABLE 0
149 288 177 288 177 308 149 308 BIODEGRADABLE 0
162 277 198 277 198 299 162 299 BIODEGRADABLE 0
171 262 206 262 206 282 171 282 BIODEGRADABLE 0
180 238 204 238 204 262 180 262 BIODEGRADABLE 0
209 223 241.00000000000003 223 241.00000000000003 251 209 251 BIODEGRADABLE 0
202 243 228.00000000000003 243 228.00000000000003 269 202 269 BIODEGRADABLE 0
208 269 230 269 230 289 208 289 BIODEGRADABLE 0
201 290 228.00000000000003 290 228.00000000000003 310 201 310 BIODEGRADABLE 0
203 303 231 303 231 323 203 323 BIODEGRADABLE 0
211 319 238.99999999999997 319 238.99999999999997 334 211 334 BIODEGRADABLE 0
217 329 243 329 243 347 217 347 BIODEGRADABLE 0
223 344 245 344 245 362 223 362 BIODEGRADABLE 0
220 358 244 358 244 380 220 380 BIODEGRADABLE 0
242.00000000000003 358 264 358 264 382 242.00000000000003 382 BIODEGRADABLE 0
222 91 255.00000000000003 91 255.00000000000003 121.00000000000001 222 121.00000000000001 BIODEGRADABLE 0
213.99999999999997 119 249 119 249 145 213.99999999999997 145 BIODEGRADABLE 0
225.99999999999997 152 252.99999999999997 152 252.99999999999997 182 225.99999999999997 182 BIODEGRADABLE 0
225.99999999999997 185 252.99999999999997 185 252.99999999999997 212.99999999999997 225.99999999999997 212.99999999999997 BIODEGRADABLE 0
230 213.99999999999997 263 213.99999999999997 263 234 230 234 BIODEGRADABLE 0
242.00000000000003 230 269 230 269 251.99999999999997 242.00000000000003 251.99999999999997 BIODEGRADABLE 0
226.99999999999997 251.99999999999997 255.00000000000003 251.99999999999997 255.00000000000003 280 226.99999999999997 280 BIODEGRADABLE 0
272 62.99999999999999 305 62.99999999999999 305 100 272 100 BIODEGRADABLE 0
250 83 283 83 283 115 250 115 BIODEGRADABLE 0
283 91 316 91 316 128 283 128 BIODEGRADABLE 0
249 109 287 109 287 143 249 143 BIODEGRADABLE 0
282 124 310 124 310 156 282 156 BIODEGRADABLE 0
255.00000000000003 143 287 143 287 165 255.00000000000003 165 BIODEGRADABLE 0
287 144 325 144 325 178 287 178 BIODEGRADABLE 0
257 161 293 161 293 195 257 195 BIODEGRADABLE 0
282 178 320 178 320 208 282 208 BIODEGRADABLE 0
252.99999999999997 195 285 195 285 223 252.99999999999997 223 BIODEGRADABLE 0
271 200 311 200 311 241.00000000000003 271 241.00000000000003 BIODEGRADABLE 0
321 96 356 96 356 133 321 133 BIODEGRADABLE 0
307 80 339 80 339 108.00000000000001 307 108.00000000000001 BIODEGRADABLE 0
348 91 374 91 374 128 348 128 BIODEGRADABLE 0
366 106.99999999999999 399 106.99999999999999 399 139 366 139 BIODEGRADABLE 0
353 130 388 130 388 167 353 167 BIODEGRADABLE 0
318 139 353 139 353 167 318 167 BIODEGRADABLE 0
329 167 356 167 356 191 329 191 BIODEGRADABLE 0
359 165 391 165 391 193 359 193 BIODEGRADABLE 0
384 165 415 165 415 198 384 198 BIODEGRADABLE 0
388 191 412 191 412 219 388 219 BIODEGRADABLE 0
402 197 415 197 415 232 402 232 BIODEGRADABLE 0
372 208 410 208 410 245 372 245 BIODEGRADABLE 0
347 202 374 202 374 225.99999999999997 347 225.99999999999997 BIODEGRADABLE 0
332 189 364 189 364 211 332 211 BIODEGRADABLE 0
408 231 415 231 415 265 408 265 BIODEGRADABLE 0
380 238 408 238 408 262 380 262 BIODEGRADABLE 0
346 239.99999999999997 378 239.99999999999997 378 258 346 258 BIODEGRADABLE 0
334 219 367 219 367 245 334 245 BIODEGRADABLE 0
310 199 336 199 336 223 310 223 BIODEGRADABLE 0
303 225 331 225 331 247 303 247 BIODEGRADABLE 0
302 249 329 249 329 269 302 269 BIODEGRADABLE 0
266 236 299 236 299 262 266 262 BIODEGRADABLE 0
329 243 355 243 355 263 329 263 BIODEGRADABLE 0
358 256 385 256 385 278 358 278 BIODEGRADABLE 0
337 254.00000000000003 365 254.00000000000003 365 288 337 288 BIODEGRADABLE 0
326 275 353 275 353 301 326 301 BIODEGRADABLE 0
304 269 330 269 330 291 304 291 BIODEGRADABLE 0
283 271 315 271 315 303 283 303 BIODEGRADABLE 0
266 262 293 262 293 290 266 290 BIODEGRADABLE 0
250 256 274 256 274 274 250 274 BIODEGRADABLE 0
234 277 261 277 261 297 234 297 BIODEGRADABLE 0
230 286 250 286 250 308 230 308 BIODEGRADABLE 0
249 301 271 301 271 321 249 321 BIODEGRADABLE 0
268 310 290 310 290 328 268 328 BIODEGRADABLE 0
365 280 397 280 397 308 365 308 BIODEGRADABLE 0
342 295 368 295 368 313 342 313 BIODEGRADABLE 0
317 299 337 299 337 319 317 319 BIODEGRADABLE 0
304 306 316 306 316 321 304 321 BIODEGRADABLE 0
377 308 399 308 399 332 377 332 BIODEGRADABLE 0
348 308 376 308 376 326 348 326 BIODEGRADABLE 0
335 321 367 321 367 339 335 339 BIODEGRADABLE 0
321 323 340 323 340 347 321 347 BIODEGRADABLE 0
301 316 323 316 323 338 301 338 BIODEGRADABLE 0
290 323 318 323 318 351 290 351 BIODEGRADABLE 0
274 334 298 334 298 356 274 356 BIODEGRADABLE 0
310 349 334 349 334 367 310 367 BIODEGRADABLE 0
289 349 307 349 307 373 289 373 BIODEGRADABLE 0
287 360 298 360 298 382 287 382 BIODEGRADABLE 0
315 362 337 362 337 390 315 390 BIODEGRADABLE 0
299 369 318 369 318 397 299 397 BIODEGRADABLE 0
261 357 280 357 280 377 261 377 BIODEGRADABLE 0
251.99999999999997 394 279 394 279 414 251.99999999999997 414 BIODEGRADABLE 0
251.99999999999997 386 279 386 279 401 251.99999999999997 401 BIODEGRADABLE 0
275 401 296 401 296 415 275 415 BIODEGRADABLE 0
252.99999999999997 411 264 411 264 415 252.99999999999997 415 BIODEGRADABLE 0
242.00000000000003 408 261 408 261 416 242.00000000000003 416 BIODEGRADABLE 0