69 131 171 131 171 209 69 209 BIODEGRADABLE 0
36 288 114.00000000000001 288 114.00000000000001 338 36 338 BIODEGRADABLE 0
46 237 146 237 146 295 46 295 BIODEGRADABLE 0
89 277 164 277 164 350 89 350 BIODEGRADABLE 0
118 321 200 321 200 392 118 392 BIODEGRADABLE 0
100 366 175 366 175 410 100 410 BIODEGRADABLE 0
112.99999999999999 407 210 407 210 415 112.99999999999999 415 BIODEGRADABLE 0
180 347 255.00000000000003 347 255.00000000000003 415 180 415 BIODEGRADABLE 0
200 307 284 307 284 348 200 348 BIODEGRADABLE 0
219 263 321 263 321 316 219 316 BIODEGRADABLE 0
157 248 219 248 219 319 157 319 BIODEGRADABLE 0
130 242.00000000000003 168 242.00000000000003 168 262 130 262 BIODEGRADABLE 0
91 186 191 186 191 244 91 244 BIODEGRADABLE 0
173 142 245 142 245 230 173 230 BIODEGRADABLE 0
150 104 198 104 198 156 150 156 BIODEGRADABLE 0
203 111 275 111 275 147 203 147 BIODEGRADABLE 0
244 182 353 182 353 258 244 258 BIODEGRADABLE 0
246 149 364 149 364 215.00000000000003 246 215.00000000000003 BIODEGRADABLE 0
270 137 332 137 332 173 270 173 BIODEGRADABLE 0
328 153 398 153 398 206 328 206 BIODEGRADABLE 0
353 226.99999999999997 389 226.99999999999997 389 269 353 269 BIODEGRADABLE 0
323 257 382 257 382 301 323 301 BIODEGRADABLE 0
318 274 364 274 364 321 318 321 BIODEGRADABLE 0
284 291 327 291 327 329 284 329 BIODEGRADABLE 0
321 312 371 312 371 374 321 374 BIODEGRADABLE 0
289 341 327 341 327 379 289 379 BIODEGRADABLE 0
289 326 321 326 321 354 289 354 BIODEGRADABLE 0
252.99999999999997 347 294 347 294 388 252.99999999999997 388 BIODEGRADABLE 0
255.00000000000003 375 307 375 307 412 255.00000000000003 412 BIODEGRADABLE 0
268 405 301 405 301 415 268 415 BIODEGRADABLE 0
304 373 343 373 343 415 304 415 BIODEGRADABLE 0
318 385 349 385 349 415 318 415 BIODEGRADABLE 0