2 389 105 389 105 414 2 414 BIODEGRADABLE 0
2 278 79 278 79 403 2 403 BIODEGRADABLE 0
2 150 72 150 72 246 2 246 BIODEGRADABLE 0
23 105 81 105 81 159 23 159 BIODEGRADABLE 0
1 48 35 48 35 123 1 123 BIODEGRADABLE 0
85 237 195 237 195 405 85 405 BIODEGRADABLE 0
78 221 138 221 138 291 78 291 BIODEGRADABLE 0
139 175 215.00000000000003 175 215.00000000000003 305 139 305 BIODEGRADABLE 0
114.00000000000001 134 188 134 188 230 114.00000000000001 230 BIODEGRADABLE 0
112 109 152 109 152 171 112 171 BIODEGRADABLE 0
141 39 212.99999999999997 39 212.99999999999997 148 141 148 BIODEGRADABLE 0
118 41 154 41 154 89 118 89 BIODEGRADABLE 0
200 0 252.99999999999997 0 252.99999999999997 50 200 50 BIODEGRADABLE 0
203 69 247 69 247 137 203 137 BIODEGRADABLE 0
188 125 252.99999999999997 125 252.99999999999997 216.00000000000003 188 216.00000000000003 BIODEGRADABLE 0
205 219 279 219 279 339 205 339 BIODEGRADABLE 0
252.99999999999997 273 359 273 359 414 252.99999999999997 414 BIODEGRADABLE 0
235 400 305 400 305 414 235 414 BIODEGRADABLE 0
264 202 335 202 335 284 264 284 BIODEGRADABLE 0
244 150 314 150 314 232 244 232 BIODEGRADABLE 0
315 137 398 137 398 244 315 244 BIODEGRADABLE 0
247 71 319 71 319 151 247 151 BIODEGRADABLE 0
273 34 335 34 335 98 273 98 BIODEGRADABLE 0
271 0 339 0 339 64 271 64 BIODEGRADABLE 0