55 262 122 262 122 356 55 356 BIODEGRADABLE 0
32 182 90 182 90 260 32 260 BIODEGRADABLE 0
37 138 79 138 79 190 37 190 BIODEGRADABLE 0
37 70 85 70 85 140 37 140 BIODEGRADABLE 0
117 2 149 2 149 37 117 37 BIODEGRADABLE 0
92 6 116 6 116 37 92 37 BIODEGRADABLE 0
56 0 166 0 166 56 56 56 BIODEGRADABLE 0
47 0 134 0 134 109 47 109 BIODEGRADABLE 0
124 41 152 41 152 87 124 87 BIODEGRADABLE 0
76 81 194 81 194 219 76 219 BIODEGRADABLE 0
94 223 152 223 152 256 94 256 BIODEGRADABLE 0
121.00000000000001 266 159 266 159 318 121.00000000000001 318 BIODEGRADABLE 0
130 235 162 235 162 266 130 266 BIODEGRADABLE 0
160 208 264 208 264 338 160 338 BIODEGRADABLE 0
169 348 179 348 179 360 169 360 BIODEGRADABLE 0
204 342 218 342 218 354 204 354 BIODEGRADABLE 0
232 272 344 272 344 369 232 369 BIODEGRADABLE 0
264 348 274 348 274 360 264 360 BIODEGRADABLE 0
258 342 266 342 266 350 258 350 BIODEGRADABLE 0
244 213.99999999999997 289 213.99999999999997 289 284 244 284 BIODEGRADABLE 0
199 91 335 91 335 238.99999999999997 199 238.99999999999997 BIODEGRADABLE 0
321 186 385 186 385 276 321 276 BIODEGRADABLE 0
255.00000000000003 19 373 19 373 149 255.00000000000003 149 BIODEGRADABLE 0
152 0 262 0 262 138 152 138 BIODEGRADABLE 0
237 0 298 0 298 46 237 46 BIODEGRADABLE 0
294 0 359 0 359 35 294 35 BIODEGRADABLE 0
363 33 388 33 388 109 363 109 BIODEGRADABLE 0
366 109 415 109 415 180 366 180 BIODEGRADABLE 0
329 140 391 140 391 186 329 186 BIODEGRADABLE 0