92 62.99999999999999 172 62.99999999999999 172 121.00000000000001 92 121.00000000000001 BIODEGRADABLE 0
157 66 219 66 219 138 157 138 BIODEGRADABLE 0
119.99999999999999 103 202 103 202 154 119.99999999999999 154 BIODEGRADABLE 0
205 68 281 68 281 125 205 125 BIODEGRADABLE 0
203 52 350 52 350 156 203 156 BIODEGRADABLE 0
320 239.99999999999997 380 239.99999999999997 380 286 320 286 BIODEGRADABLE 0
285 286 365 286 365 315 285 315 BIODEGRADABLE 0
184 220 290 220 290 302 184 302 BIODEGRADABLE 0
136 155 244 155 244 225 136 225 BIODEGRADABLE 0
200 123 278 123 278 180 200 180 BIODEGRADABLE 0
53 123 159 123 159 201 53 201 BIODEGRADABLE 0
25 166 112.99999999999999 166 112.99999999999999 239.99999999999997 25 239.99999999999997 BIODEGRADABLE 0
42 204 164 204 164 318 42 318 BIODEGRADABLE 0
93 280 175 280 175 355 93 355 BIODEGRADABLE 0
127.00000000000001 292 198 292 198 378 127.00000000000001 378 BIODEGRADABLE 0
186 292 223 292 223 364 186 364 BIODEGRADABLE 0
182 349 224 349 224 376 182 376 BIODEGRADABLE 0
163 358 200 358 200 386 163 386 BIODEGRADABLE 0
216.00000000000003 302 342 302 342 380 216.00000000000003 380 BIODEGRADABLE 0
184 219 285 219 285 301 184 301 BIODEGRADABLE 0
166 234 219 234 219 300 166 300 BIODEGRADABLE 0
147 223 175 223 175 250 147 250 BIODEGRADABLE 0
207 225 276 225 276 303 207 303 BIODEGRADABLE 0
235 125.99999999999999 363 125.99999999999999 363 295 235 295 BIODEGRADABLE 0