48 31 198 31 198 108.00000000000001 48 108.00000000000001 BIODEGRADABLE 0
150 94 230 94 230 142 150 142 BIODEGRADABLE 0
118 92 159 92 159 118 118 118 BIODEGRADABLE 0
71 78 119 78 119 102 71 102 BIODEGRADABLE 0
1 24 53 24 53 79 1 79 BIODEGRADABLE 0
36 0 134 0 134 46 36 46 BIODEGRADABLE 0
23 0 80 0 80 14 23 14 BIODEGRADABLE 0
1 0 43 0 43 26 1 26 BIODEGRADABLE 0
134 0 184 0 184 18 134 18 BIODEGRADABLE 0
137 0 238.99999999999997 0 238.99999999999997 47 137 47 BIODEGRADABLE 0
226.99999999999997 1 259 1 259 23 226.99999999999997 23 BIODEGRADABLE 0
262 0 332 0 332 27.000000000000004 262 27.000000000000004 BIODEGRADABLE 0
221 25 296 25 296 91 221 91 BIODEGRADABLE 0
166 18 264 18 264 80 166 80 BIODEGRADABLE 0
293 49 357 49 357 147 293 147 BIODEGRADABLE 0
273 139 373 139 373 207 273 207 BIODEGRADABLE 0
348 68 414 68 414 180 348 180 BIODEGRADABLE 0
184 162 250 162 250 215.00000000000003 184 215.00000000000003 BIODEGRADABLE 0
96 153 178 153 178 249 96 249 BIODEGRADABLE 0
20 161 100 161 100 225.99999999999997 20 225.99999999999997 BIODEGRADABLE 0
18 106.99999999999999 125 106.99999999999999 125 177 18 177 BIODEGRADABLE 0
1 194 89 194 89 334 1 334 BIODEGRADABLE 0
21 272 146 272 146 368 21 368 BIODEGRADABLE 0
80 262 176 262 176 372 80 372 BIODEGRADABLE 0
1 360 221 360 221 415 1 415 BIODEGRADABLE 0
187 325 403 325 403 415 187 415 BIODEGRADABLE 0
230 260 382 260 382 378 230 378 BIODEGRADABLE 0
159 235 368 235 368 365 159 365 BIODEGRADABLE 0