2 18 29.999999999999996 18 29.999999999999996 65 2 65 BIODEGRADABLE 0
64 66 152 66 152 119.99999999999999 64 119.99999999999999 BIODEGRADABLE 0
144 82 232 82 232 136 144 136 BIODEGRADABLE 0
243 125.99999999999999 268 125.99999999999999 268 146 243 146 BIODEGRADABLE 0
262 96 334 96 334 144 262 144 BIODEGRADABLE 0
205 8 271 8 271 50 205 50 BIODEGRADABLE 0
82 0 148 0 148 20 82 20 BIODEGRADABLE 0
114.00000000000001 199 200 199 200 252.99999999999997 114.00000000000001 252.99999999999997 BIODEGRADABLE 0
98 250 132 250 132 296 98 296 BIODEGRADABLE 0
98 289 173 289 173 348 98 348 BIODEGRADABLE 0
109 344 157 344 157 392 109 392 BIODEGRADABLE 0
148 384 246 384 246 415 148 415 BIODEGRADABLE 0
141 319 259 319 259 390 141 390 BIODEGRADABLE 0
232 354 296 354 296 398 232 398 BIODEGRADABLE 0
303 331 357 331 357 374 303 374 BIODEGRADABLE 0
241.00000000000003 307 319 307 319 365 241.00000000000003 365 BIODEGRADABLE 0
225 252.99999999999997 300 252.99999999999997 300 319 225 319 BIODEGRADABLE 0
134 245 230 245 230 316 134 316 BIODEGRADABLE 0
193 200 273 200 273 259 193 259 BIODEGRADABLE 0
155 154 243 154 243 224 155 224 BIODEGRADABLE 0
238.99999999999997 158 273 158 273 211 238.99999999999997 211 BIODEGRADABLE 0
264 193 312 193 312 235 264 235 BIODEGRADABLE 0
266 234 346 234 346 286 266 286 BIODEGRADABLE 0
312 260 387 260 387 318 312 318 BIODEGRADABLE 0
296 296 332 296 332 333 296 333 BIODEGRADABLE 0
314 212.99999999999997 382 212.99999999999997 382 260 314 260 BIODEGRADABLE 0