316 31 372 31 372 139 316 139 BIODEGRADABLE 0
369 37 402 37 402 95 369 95 BIODEGRADABLE 0
368 89 386 89 386 115 368 115 BIODEGRADABLE 0
291 59.99999999999999 320 59.99999999999999 320 118 291 118 BIODEGRADABLE 0
273 39 311 39 311 115 273 115 BIODEGRADABLE 0
237 26 277 26 277 100 237 100 BIODEGRADABLE 0
220 58 274 58 274 160 220 160 BIODEGRADABLE 0
265 106.99999999999999 291 106.99999999999999 291 204 265 204 BIODEGRADABLE 0
239.99999999999997 152 273 152 273 215.00000000000003 239.99999999999997 215.00000000000003 BIODEGRADABLE 0
274 189 306 189 306 265 274 265 BIODEGRADABLE 0
306 217 336 217 336 267 306 267 BIODEGRADABLE 0
202 34 231 34 231 100 202 100 BIODEGRADABLE 0
116 29 237 29 237 131 116 131 BIODEGRADABLE 0
119.99999999999999 18 218 18 218 160 119.99999999999999 160 BIODEGRADABLE 0
196 136 241.00000000000003 136 241.00000000000003 246 196 246 BIODEGRADABLE 0
111 139 218 139 218 379 111 379 BIODEGRADABLE 0
181 244 231 244 231 388 181 388 BIODEGRADABLE 0
140 170 180 170 180 238 140 238 BIODEGRADABLE 0
111 59.99999999999999 188 59.99999999999999 188 178 111 178 BIODEGRADABLE 0
106.99999999999999 173 143 173 143 228.00000000000003 106.99999999999999 228.00000000000003 BIODEGRADABLE 0
75 183 111 183 111 241.00000000000003 75 241.00000000000003 BIODEGRADABLE 0
106 207 156 207 156 262 106 262 BIODEGRADABLE 0
86 241.00000000000003 134 241.00000000000003 134 315 86 315 BIODEGRADABLE 0
4 86 119 86 119 217 4 217 BIODEGRADABLE 0
57.00000000000001 79 91 79 91 137 57.00000000000001 137 BIODEGRADABLE 0
66 21 106.99999999999999 21 106.99999999999999 102 66 102 BIODEGRADABLE 0
106.99999999999999 40 139 40 139 108.00000000000001 106.99999999999999 108.00000000000001 BIODEGRADABLE 0
91 84 111 84 111 129 91 129 BIODEGRADABLE 0
40 40 72 40 72 92 40 92 BIODEGRADABLE 0
44 92 59.99999999999999 92 59.99999999999999 118 44 118 BIODEGRADABLE 0
16 50 49 50 49 105 16 105 BIODEGRADABLE 0
290 157 310 157 310 199 290 199 BIODEGRADABLE 0
299 186 324 186 324 218 299 218 BIODEGRADABLE 0
325 194 342 194 342 238 325 238 BIODEGRADABLE 0
320 152 337 152 337 197 320 197 BIODEGRADABLE 0
310 131 322 131 322 175 310 175 BIODEGRADABLE 0
287 121.00000000000001 308 121.00000000000001 308 160 287 160 BIODEGRADABLE 0
302 112.99999999999999 322 112.99999999999999 322 155 302 155 BIODEGRADABLE 0
324 125.99999999999999 333 125.99999999999999 333 152 324 152 BIODEGRADABLE 0
331 134 349 134 349 173 331 173 BIODEGRADABLE 0
336 168 357 168 357 210 336 210 BIODEGRADABLE 0
348 194 360 194 360 215.00000000000003 348 215.00000000000003 BIODEGRADABLE 0
357 170 365 170 365 191 357 191 BIODEGRADABLE 0
364 157 378 157 378 175 364 175 BIODEGRADABLE 0
365 125.99999999999999 382 125.99999999999999 382 155 365 155 BIODEGRADABLE 0
375 118 392 118 392 157 375 157 BIODEGRADABLE 0
370 99 387 99 387 123 370 123 BIODEGRADABLE 0
356 110 372 110 372 139 356 139 BIODEGRADABLE 0
348 131 364 131 364 167 348 167 BIODEGRADABLE 0
237 186 274 186 274 298 237 298 BIODEGRADABLE 0
237 199 259 199 259 257 237 257 BIODEGRADABLE 0
270 210 294 210 294 296 270 296 BIODEGRADABLE 0