53 251.99999999999997 96 251.99999999999997 96 312 53 312 BIODEGRADABLE 0
96 197 150 197 150 277 96 277 BIODEGRADABLE 0
84 258 156 258 156 328 84 328 BIODEGRADABLE 0
43 321 143 321 143 414 43 414 BIODEGRADABLE 0
152 141 200 141 200 185 152 185 BIODEGRADABLE 0
153 178 172 178 172 210 153 210 BIODEGRADABLE 0
134 171 153 171 153 191 134 191 BIODEGRADABLE 0
125.99999999999999 185 146 185 146 215.00000000000003 125.99999999999999 215.00000000000003 BIODEGRADABLE 0
111 193 127.00000000000001 193 127.00000000000001 225 111 225 BIODEGRADABLE 0
104 200 116 200 116 234 104 234 BIODEGRADABLE 0
97 202 149 202 149 276 97 276 BIODEGRADABLE 0
124 299 180 299 180 373 124 373 BIODEGRADABLE 0
145 370 157 370 157 390 145 390 BIODEGRADABLE 0
145 392 164 392 164 414 145 414 BIODEGRADABLE 0
156 373 188 373 188 414 156 414 BIODEGRADABLE 0
166 332 202 332 202 382 166 382 BIODEGRADABLE 0
179 288 221 288 221 327 179 327 BIODEGRADABLE 0
175 297 201 297 201 323 175 323 BIODEGRADABLE 0
180 310 210 310 210 338 180 338 BIODEGRADABLE 0
178 327 208 327 208 401 178 401 BIODEGRADABLE 0
207 302 223 302 223 360 207 360 BIODEGRADABLE 0
225.99999999999997 301 278 301 278 349 225.99999999999997 349 BIODEGRADABLE 0
224 306 239.99999999999997 306 239.99999999999997 334 224 334 BIODEGRADABLE 0
213.99999999999997 328 256 328 256 386 213.99999999999997 386 BIODEGRADABLE 0
210 345 229.00000000000003 345 229.00000000000003 373 210 373 BIODEGRADABLE 0
201 379 229.00000000000003 379 229.00000000000003 405 201 405 BIODEGRADABLE 0
188 394 242.00000000000003 394 242.00000000000003 414 188 414 BIODEGRADABLE 0
238 362 308 362 308 390 238 390 BIODEGRADABLE 0
264 344 316 344 316 390 264 390 BIODEGRADABLE 0
256 351 275 351 275 364 256 364 BIODEGRADABLE 0
283 336 326 336 326 366 283 366 BIODEGRADABLE 0
259 329 317 329 317 351 259 351 BIODEGRADABLE 0
256 312 346 312 346 344 256 344 BIODEGRADABLE 0
288 293 324 293 324 317 288 317 BIODEGRADABLE 0
308 347 335 347 335 393 308 393 BIODEGRADABLE 0
308 336 342 336 342 360 308 360 BIODEGRADABLE 0
283 342 321 342 321 362 283 362 BIODEGRADABLE 0
242.00000000000003 386 312 386 312 414 242.00000000000003 414 BIODEGRADABLE 0
189 401 232 401 232 414 189 414 BIODEGRADABLE 0
313 403 335 403 335 414 313 414 BIODEGRADABLE 0
327 368 357 368 357 412 327 412 BIODEGRADABLE 0
341 382 367 382 367 414 341 414 BIODEGRADABLE 0
342 343 364 343 364 369 342 369 BIODEGRADABLE 0
345 323 369 323 369 349 345 349 BIODEGRADABLE 0
324 301 344 301 344 327 324 327 BIODEGRADABLE 0
321 280 341 280 341 302 321 302 BIODEGRADABLE 0
340 277 354 277 354 295 340 295 BIODEGRADABLE 0
338 295 357 295 357 319 338 319 BIODEGRADABLE 0
355 282 375 282 375 302 355 302 BIODEGRADABLE 0
356 297 380 297 380 331 356 331 BIODEGRADABLE 0
370 323 389 323 389 347 370 347 BIODEGRADABLE 0
364 341 386 341 386 375 364 375 BIODEGRADABLE 0
385 314 404 314 404 342 385 342 BIODEGRADABLE 0
389 302 400 302 400 310 389 310 BIODEGRADABLE 0
375 299 389 299 389 323 375 323 BIODEGRADABLE 0
352 223 415 223 415 307 352 307 BIODEGRADABLE 0
286 125.99999999999999 332 125.99999999999999 332 180 286 180 BIODEGRADABLE 0
302 100 344 100 344 124 302 124 BIODEGRADABLE 0
207 85 238.99999999999997 85 238.99999999999997 112.99999999999999 207 112.99999999999999 BIODEGRADABLE 0
202 100 238 100 238 148 202 148 BIODEGRADABLE 0
202 119.99999999999999 229.00000000000003 119.99999999999999 229.00000000000003 154 202 154 BIODEGRADABLE 0
202 158 224 158 224 176 202 176 BIODEGRADABLE 0
238.99999999999997 108.00000000000001 283 108.00000000000001 283 125.99999999999999 238.99999999999997 125.99999999999999 BIODEGRADABLE 0
332 80 386 80 386 195 332 195 BIODEGRADABLE 0
374 129 415 129 415 164 374 164 BIODEGRADABLE 0
382 193 415 193 415 249 382 249 BIODEGRADABLE 0
281 299 292 299 292 317 281 317 BIODEGRADABLE 0
273 289 283 289 283 304 273 304 BIODEGRADABLE 0
264 286 272 286 272 297 264 297 BIODEGRADABLE 0
254.00000000000003 291 265 291 265 304 254.00000000000003 304 BIODEGRADABLE 0
239.99999999999997 286 251 286 251 297 239.99999999999997 297 BIODEGRADABLE 0
234 284 239.99999999999997 284 239.99999999999997 295 234 295 BIODEGRADABLE 0
224 291 238 291 238 302 224 302 BIODEGRADABLE 0
221 276 232 276 232 291 221 291 BIODEGRADABLE 0
212.99999999999997 280 223 280 223 288 212.99999999999997 288 BIODEGRADABLE 0
208 282 213.99999999999997 282 213.99999999999997 288 208 288 BIODEGRADABLE 0
192 284 208 284 208 297 192 297 BIODEGRADABLE 0
184 291 194 291 194 304 184 304 BIODEGRADABLE 0
177 282 188 282 188 297 177 297 BIODEGRADABLE 0
167 293 178 293 178 308 167 308 BIODEGRADABLE 0
162 282 172 282 172 295 162 295 BIODEGRADABLE 0
157 289 168 289 168 304 157 304 BIODEGRADABLE 0
162 271 170 271 170 284 162 284 BIODEGRADABLE 0
152 275 162 275 162 288 152 288 BIODEGRADABLE 0
294 295 302 295 302 310 294 310 BIODEGRADABLE 0
283 288 294 288 294 299 283 299 BIODEGRADABLE 0
305 293 310 293 310 306 305 306 BIODEGRADABLE 0
297 284 307 284 307 299 297 299 BIODEGRADABLE 0
289 269 299 269 299 282 289 282 BIODEGRADABLE 0
279 269 289 269 289 282 279 282 BIODEGRADABLE 0
274 267 280 267 280 278 274 278 BIODEGRADABLE 0
261 273 272 273 272 291 261 291 BIODEGRADABLE 0
232 260 244 260 244 278 232 278 BIODEGRADABLE 0
224 228.00000000000003 234 228.00000000000003 234 241.00000000000003 224 241.00000000000003 BIODEGRADABLE 0
222 243 232 243 232 256 222 256 BIODEGRADABLE 0
197 225.99999999999997 207 225.99999999999997 207 238.99999999999997 197 238.99999999999997 BIODEGRADABLE 0
259 223 270 223 270 238 259 238 BIODEGRADABLE 0
275 213.99999999999997 287 213.99999999999997 287 232 275 232 BIODEGRADABLE 0
360 212.99999999999997 378 212.99999999999997 378 228.00000000000003 360 228.00000000000003 BIODEGRADABLE 0
345 215.00000000000003 367 215.00000000000003 367 241.00000000000003 345 241.00000000000003 BIODEGRADABLE 0
324 193 372 193 372 225.99999999999997 324 225.99999999999997 BIODEGRADABLE 0
271 174 329 174 329 211 271 211 BIODEGRADABLE 0
241.00000000000003 167 292 167 292 195 241.00000000000003 195 BIODEGRADABLE 0
221 182 291 182 291 212 221 212 BIODEGRADABLE 0
208 182 239.99999999999997 182 239.99999999999997 290 208 290 BIODEGRADABLE 0
130 212.99999999999997 226.99999999999997 212.99999999999997 226.99999999999997 293 130 293 BIODEGRADABLE 0
178 191 208 191 208 212.99999999999997 178 212.99999999999997 BIODEGRADABLE 0
223 195 272 195 272 293 223 293 BIODEGRADABLE 0
258 202 323 202 323 291 258 291 BIODEGRADABLE 0
261 217 353 217 353 278 261 278 BIODEGRADABLE 0