57.00000000000001 96 161 96 161 136 57.00000000000001 136 BIODEGRADABLE 0
111 68 212 68 212 171 111 171 BIODEGRADABLE 0
160 18 350 18 350 185 160 185 BIODEGRADABLE 0
365 78 414 78 414 118 365 118 BIODEGRADABLE 0
372 36 414 36 414 71 372 71 BIODEGRADABLE 0
370 2 414 2 414 16 370 16 BIODEGRADABLE 0
347 131 387 131 387 159 347 159 BIODEGRADABLE 0
340 153 387 153 387 173 340 173 BIODEGRADABLE 0
355 181 379 181 379 209 355 209 BIODEGRADABLE 0
168 314 256 314 256 358 168 358 BIODEGRADABLE 0
168 244 291 244 291 334 168 334 BIODEGRADABLE 0
251 211 342 211 342 291 251 291 BIODEGRADABLE 0
343 219 392 219 392 247 343 247 BIODEGRADABLE 0
81 212 177 212 177 294 81 294 BIODEGRADABLE 0
104 358 158 358 158 387 104 387 BIODEGRADABLE 0
35 311 269 311 269 415 35 415 BIODEGRADABLE 0