0 149 37 149 37 185 0 185 BIODEGRADABLE 0
28 220 71 220 71 251.99999999999997 28 251.99999999999997 BIODEGRADABLE 0
56 169 84 169 84 225 56 225 BIODEGRADABLE 0
37 150 75 150 75 206 37 206 BIODEGRADABLE 0
54.00000000000001 119 112 119 112 148 54.00000000000001 148 BIODEGRADABLE 0
28 260 58 260 58 294 28 294 BIODEGRADABLE 0
0 283 26 283 26 294 0 294 BIODEGRADABLE 0
0 267 29.999999999999996 267 29.999999999999996 283 0 283 BIODEGRADABLE 0
0 298 22 298 22 315 0 315 BIODEGRADABLE 0
1 331 41 331 41 344 1 344 BIODEGRADABLE 0
0 323 43 323 43 334 0 334 BIODEGRADABLE 0
0 345 22 345 22 357 0 357 BIODEGRADABLE 0
202 2 333 2 333 54.00000000000001 202 54.00000000000001 BIODEGRADABLE 0
206 2 274 2 274 29.999999999999996 206 29.999999999999996 BIODEGRADABLE 0
209 26 335 26 335 76 209 76 BIODEGRADABLE 0
217 53 333 53 333 97 217 97 BIODEGRADABLE 0
223 66 337 66 337 119.99999999999999 223 119.99999999999999 BIODEGRADABLE 0
286 61 380 61 380 121.00000000000001 286 121.00000000000001 BIODEGRADABLE 0
257 116 341 116 341 166 257 166 BIODEGRADABLE 0
281 159 335 159 335 201 281 201 BIODEGRADABLE 0
324 188 378 188 378 222 324 222 BIODEGRADABLE 0
334 132 414 132 414 190 334 190 BIODEGRADABLE 0
345 108.00000000000001 403 108.00000000000001 403 145 345 145 BIODEGRADABLE 0
373 217 399 217 399 238 373 238 BIODEGRADABLE 0
352 231 374 231 374 251.99999999999997 352 251.99999999999997 BIODEGRADABLE 0
365 256 389 256 389 272 365 272 BIODEGRADABLE 0
365 243 389 243 389 257 365 257 BIODEGRADABLE 0
390 250 414 250 414 270 390 270 BIODEGRADABLE 0
388 236 410 236 410 254.00000000000003 388 254.00000000000003 BIODEGRADABLE 0
365 304 399 304 399 333 365 333 BIODEGRADABLE 0
373 330 397 330 397 346 373 346 BIODEGRADABLE 0
382 342 412 342 412 357 382 357 BIODEGRADABLE 0
391 325 406 325 406 343 391 343 BIODEGRADABLE 0
406 312 414 312 414 325 406 325 BIODEGRADABLE 0
401 283 414 283 414 307 401 307 BIODEGRADABLE 0
399 379 414 379 414 399 399 399 BIODEGRADABLE 0
324 286 348 286 348 307 324 307 BIODEGRADABLE 0
343 291 358 291 358 309 343 309 BIODEGRADABLE 0
337 307 357 307 357 349 337 349 BIODEGRADABLE 0
358 336 371 336 371 359 358 359 BIODEGRADABLE 0
356 360 386 360 386 391 356 391 BIODEGRADABLE 0
346 382 386 382 386 413 346 413 BIODEGRADABLE 0
333 348 361 348 361 384 333 384 BIODEGRADABLE 0
317 316 337 316 337 347 317 347 BIODEGRADABLE 0
311 291 337 291 337 317 311 317 BIODEGRADABLE 0
279 289 313 289 313 325 279 325 BIODEGRADABLE 0
303 320 320 320 320 344 303 344 BIODEGRADABLE 0
311 347 339 347 339 373 311 373 BIODEGRADABLE 0
324 374 348 374 348 403 324 403 BIODEGRADABLE 0
200 137 258 137 258 195 200 195 BIODEGRADABLE 0
172 108.00000000000001 238 108.00000000000001 238 161 172 161 BIODEGRADABLE 0
165 66 210 66 210 116 165 116 BIODEGRADABLE 0
193 44 208 44 208 65 193 65 BIODEGRADABLE 0
206 197 270 197 270 259 206 259 BIODEGRADABLE 0
241.00000000000003 317 275 317 275 338 241.00000000000003 338 BIODEGRADABLE 0
252.99999999999997 302 277 302 277 323 252.99999999999997 323 BIODEGRADABLE 0
264 339 288 339 288 355 264 355 BIODEGRADABLE 0
254.00000000000003 338 264 338 264 352 254.00000000000003 352 BIODEGRADABLE 0
266 357 286 357 286 378 266 378 BIODEGRADABLE 0
274 370 294 370 294 396 274 396 BIODEGRADABLE 0
283 351 303 351 303 381 283 381 BIODEGRADABLE 0
297 381 307 381 307 394 297 394 BIODEGRADABLE 0
216.00000000000003 317 236 317 236 341 216.00000000000003 341 BIODEGRADABLE 0
230 331 247 331 247 344 230 344 BIODEGRADABLE 0
229.00000000000003 344 251 344 251 373 229.00000000000003 373 BIODEGRADABLE 0
234 371 254.00000000000003 371 254.00000000000003 392 234 392 BIODEGRADABLE 0
234 367 238 367 238 373 234 373 BIODEGRADABLE 0
204 329 217 329 217 342 204 342 BIODEGRADABLE 0
180 325 202 325 202 346 180 346 BIODEGRADABLE 0
191 323 206 323 206 334 191 334 BIODEGRADABLE 0
204 342 228.00000000000003 342 228.00000000000003 350 204 350 BIODEGRADABLE 0
210 351 226.99999999999997 351 226.99999999999997 365 210 365 BIODEGRADABLE 0
210 367 225 367 225 389 210 389 BIODEGRADABLE 0
198 357 212.99999999999997 357 212.99999999999997 368 198 368 BIODEGRADABLE 0
200 371 210 371 210 387 200 387 BIODEGRADABLE 0
189 345 209 345 209 355 189 355 BIODEGRADABLE 0
174 160 206 160 206 182 174 182 BIODEGRADABLE 0
150 150 178 150 178 180 150 180 BIODEGRADABLE 0
174 105 225.99999999999997 105 225.99999999999997 161 174 161 BIODEGRADABLE 0
159 138 183 138 183 162 159 162 BIODEGRADABLE 0
133 182 171 182 171 219 133 219 BIODEGRADABLE 0
131 166 165 166 165 198 131 198 BIODEGRADABLE 0
185 384 200 384 200 395 185 395 BIODEGRADABLE 0
189 374 202 374 202 387 189 387 BIODEGRADABLE 0
176 347 200 347 200 392 176 392 BIODEGRADABLE 0
167 326 180 326 180 366 167 366 BIODEGRADABLE 0
157 326 170 326 170 360 157 360 BIODEGRADABLE 0
148 320 156 320 156 344 148 344 BIODEGRADABLE 0
125 302 155 302 155 336 125 336 BIODEGRADABLE 0
116 281 133 281 133 313 116 313 BIODEGRADABLE 0
88 271 118 271 118 299 88 299 BIODEGRADABLE 0
71 284 106.99999999999999 284 106.99999999999999 310 71 310 BIODEGRADABLE 0
176 190 196 190 196 201 176 201 BIODEGRADABLE 0
183 180 198 180 198 188 183 188 BIODEGRADABLE 0
191 195 204 195 204 209 191 209 BIODEGRADABLE 0
174 211 194 211 194 224 174 224 BIODEGRADABLE 0
179 204 189 204 189 209 179 209 BIODEGRADABLE 0
163 199 180 199 180 212 163 212 BIODEGRADABLE 0
148 212 163 212 163 220 148 220 BIODEGRADABLE 0
157 221 163 221 163 226.99999999999997 157 226.99999999999997 BIODEGRADABLE 0
144 222 157 222 157 236 144 236 BIODEGRADABLE 0
228.00000000000003 281 245 281 245 297 228.00000000000003 297 BIODEGRADABLE 0
215.00000000000003 291 232 291 232 302 215.00000000000003 302 BIODEGRADABLE 0
200 296 217 296 217 309 200 309 BIODEGRADABLE 0
196 299 206 299 206 310 196 310 BIODEGRADABLE 0
204 277 228.00000000000003 277 228.00000000000003 291 204 291 BIODEGRADABLE 0
213.99999999999997 272 234 272 234 283 213.99999999999997 283 BIODEGRADABLE 0
223 264 239.99999999999997 264 239.99999999999997 275 223 275 BIODEGRADABLE 0
219 254.00000000000003 234 254.00000000000003 234 265 219 265 BIODEGRADABLE 0
208 257 221 257 221 268 208 268 BIODEGRADABLE 0
196 259 206 259 206 270 196 270 BIODEGRADABLE 0
186 238 206 238 206 251 186 251 BIODEGRADABLE 0
176 224 198 224 198 238 176 238 BIODEGRADABLE 0
195 225 208 225 208 236 195 236 BIODEGRADABLE 0
187 251 197 251 197 257 187 257 BIODEGRADABLE 0
172 238 185 238 185 249 172 249 BIODEGRADABLE 0
166 238.99999999999997 172 238.99999999999997 172 251.99999999999997 166 251.99999999999997 BIODEGRADABLE 0
167 225 180 225 180 241.00000000000003 167 241.00000000000003 BIODEGRADABLE 0
157 231 167 231 167 241.00000000000003 157 241.00000000000003 BIODEGRADABLE 0
170 251 187 251 187 262 170 262 BIODEGRADABLE 0
163 260 178 260 178 273 163 273 BIODEGRADABLE 0
178 267 193 267 193 278 178 278 BIODEGRADABLE 0
185 280 200 280 200 291 185 291 BIODEGRADABLE 0
170 273 183 273 183 281 170 281 BIODEGRADABLE 0
176 283 184 283 184 293 176 293 BIODEGRADABLE 0
183 293 193 293 193 301 183 301 BIODEGRADABLE 0
176 59.99999999999999 196 59.99999999999999 196 73 176 73 BIODEGRADABLE 0
159 90 176 90 176 101 159 101 BIODEGRADABLE 0
157 101 170 101 170 114.00000000000001 157 114.00000000000001 BIODEGRADABLE 0
140 108.00000000000001 157 108.00000000000001 157 119 140 119 BIODEGRADABLE 0
146 101 159 101 159 109 146 109 BIODEGRADABLE 0
125.99999999999999 119 146 119 146 133 125.99999999999999 133 BIODEGRADABLE 0
131 111 139 111 139 119 131 119 BIODEGRADABLE 0
118 114.00000000000001 133 114.00000000000001 133 130 118 130 BIODEGRADABLE 0
112 124 125 124 125 138 112 138 BIODEGRADABLE 0
159 314 172 314 172 325 159 325 BIODEGRADABLE 0
172 304 187 304 187 320 172 320 BIODEGRADABLE 0
157 299 174 299 174 313 157 313 BIODEGRADABLE 0
150 291 170 291 170 304 150 304 BIODEGRADABLE 0
154 280 174 280 174 294 154 294 BIODEGRADABLE 0
138 294 155 294 155 308 138 308 BIODEGRADABLE 0
129 286 146 286 146 297 129 297 BIODEGRADABLE 0
146 272 161 272 161 283 146 283 BIODEGRADABLE 0
157 267 170 267 170 280 157 280 BIODEGRADABLE 0
146 254.00000000000003 163 254.00000000000003 163 268 146 268 BIODEGRADABLE 0
135 257 148 257 148 273 135 273 BIODEGRADABLE 0
118 259 133 259 133 273 118 273 BIODEGRADABLE 0
112 270 127.00000000000001 270 127.00000000000001 280 112 280 BIODEGRADABLE 0
110 261 119.99999999999999 261 119.99999999999999 272 110 272 BIODEGRADABLE 0
110 248 127.00000000000001 248 127.00000000000001 259 110 259 BIODEGRADABLE 0
97 246 110 246 110 259 97 259 BIODEGRADABLE 0
84 245 99 245 99 256 84 256 BIODEGRADABLE 0
80 233 93 233 93 244 80 244 BIODEGRADABLE 0
88 230 103 230 103 244 88 244 BIODEGRADABLE 0
101 235 114.00000000000001 235 114.00000000000001 246 101 246 BIODEGRADABLE 0
110 235 125 235 125 248 110 248 BIODEGRADABLE 0
119.99999999999999 223 135 223 135 236 119.99999999999999 236 BIODEGRADABLE 0
131 228.00000000000003 151 228.00000000000003 151 238.99999999999997 131 238.99999999999997 BIODEGRADABLE 0
127.00000000000001 236 140 236 140 249 127.00000000000001 249 BIODEGRADABLE 0
129 246 139 246 139 259 129 259 BIODEGRADABLE 0
137 238 152 238 152 256 137 256 BIODEGRADABLE 0
148 241.00000000000003 163 241.00000000000003 163 254.00000000000003 148 254.00000000000003 BIODEGRADABLE 0
105 222 119.99999999999999 222 119.99999999999999 235 105 235 BIODEGRADABLE 0
88 219 101 219 101 230 88 230 BIODEGRADABLE 0
77 211 97 211 97 224 77 224 BIODEGRADABLE 0
77 198 97 198 97 211 77 211 BIODEGRADABLE 0
90 191 103 191 103 201 90 201 BIODEGRADABLE 0
95 201 108.00000000000001 201 108.00000000000001 213.99999999999997 95 213.99999999999997 BIODEGRADABLE 0
105 212 118 212 118 223 105 223 BIODEGRADABLE 0
108.00000000000001 201 125 201 125 217 108.00000000000001 217 BIODEGRADABLE 0
105 188 125 188 125 204 105 204 BIODEGRADABLE 0
80 180 95 180 95 193 80 193 BIODEGRADABLE 0
88 166 101 166 101 179 88 179 BIODEGRADABLE 0
78 159 95 159 95 169 78 169 BIODEGRADABLE 0
84 151 101 151 101 159 84 159 BIODEGRADABLE 0
101 156 118 156 118 167 101 167 BIODEGRADABLE 0
103 150 111 150 111 156 103 156 BIODEGRADABLE 0
97 179 106.99999999999999 179 106.99999999999999 190 97 190 BIODEGRADABLE 0
106 178 116 178 116 188 106 188 BIODEGRADABLE 0
114.00000000000001 177 131 177 131 193 114.00000000000001 193 BIODEGRADABLE 0
118 167 133 167 133 178 118 178 BIODEGRADABLE 0
105 169 118 169 118 179 105 179 BIODEGRADABLE 0
119.99999999999999 151 135 151 135 165 119.99999999999999 165 BIODEGRADABLE 0
122 137 135 137 135 148 122 148 BIODEGRADABLE 0
137 158 150 158 150 166 137 166 BIODEGRADABLE 0
135 146 150 146 150 156 135 156 BIODEGRADABLE 0
140 134 148 134 148 148 140 148 BIODEGRADABLE 0
153 128 168 128 168 148 153 148 BIODEGRADABLE 0
241.00000000000003 178 339 178 339 304 241.00000000000003 304 CARDBOARD 0
110 2 146 2 146 47 110 47 CARDBOARD 0
146 2 196 2 196 50 146 50 CARDBOARD 0