69 287 89 287 89 313 69 313 BIODEGRADABLE 0
59.99999999999999 313 84 313 84 337 59.99999999999999 337 BIODEGRADABLE 0
80 322 100 322 100 350 80 350 BIODEGRADABLE 0
87 303 98 303 98 320 87 320 BIODEGRADABLE 0
97 298 112.99999999999999 298 112.99999999999999 322 97 322 BIODEGRADABLE 0
99 322 119 322 119 356 99 356 BIODEGRADABLE 0
117 322 137 322 137 346 117 346 BIODEGRADABLE 0
111 296 132 296 132 322 111 322 BIODEGRADABLE 0
109 277 122 277 122 297 109 297 BIODEGRADABLE 0
124 275 144 275 144 299 124 299 BIODEGRADABLE 0
137 264 155 264 155 281 137 281 BIODEGRADABLE 0
143 283 154 283 154 300 143 300 BIODEGRADABLE 0
143 245 161 245 161 262 143 262 BIODEGRADABLE 0
153 262 167 262 167 284 153 284 BIODEGRADABLE 0
164 251 178 251 178 264 164 264 BIODEGRADABLE 0
171 241.00000000000003 185 241.00000000000003 185 251 171 251 BIODEGRADABLE 0
175 252.99999999999997 195 252.99999999999997 195 270 175 270 BIODEGRADABLE 0
166 269 180 269 180 277 166 277 BIODEGRADABLE 0
185 239.99999999999997 201 239.99999999999997 201 257 185 257 BIODEGRADABLE 0
196 236 212 236 212 249 196 249 BIODEGRADABLE 0
207 230 225 230 225 243 207 243 BIODEGRADABLE 0
211 215.00000000000003 222 215.00000000000003 222 230 211 230 BIODEGRADABLE 0
223 212.99999999999997 244 212.99999999999997 244 230 223 230 BIODEGRADABLE 0
257 296 285 296 285 343 257 343 BIODEGRADABLE 0
283 185 297 185 297 198 283 198 BIODEGRADABLE 0
285 200 299 200 299 210 285 210 BIODEGRADABLE 0
267 202 288 202 288 224 267 224 BIODEGRADABLE 0
264 189 278 189 278 199 264 199 BIODEGRADABLE 0
297 189 317 189 317 215.00000000000003 297 215.00000000000003 BIODEGRADABLE 0
135 286 191 286 191 348 135 348 BIODEGRADABLE 0
137 341 191 341 191 401 137 401 BIODEGRADABLE 0
196 371 264 371 264 414 196 414 BIODEGRADABLE 0
175 307 249 307 249 378 175 378 BIODEGRADABLE 0
248 347 294 347 294 401 248 401 BIODEGRADABLE 0
225 232 265 232 265 298 225 298 BIODEGRADABLE 0
250 230 304 230 304 296 250 296 BIODEGRADABLE 0
302 262 330 262 330 294 302 294 BIODEGRADABLE 0
286 299 332 299 332 339 286 339 BIODEGRADABLE 0
285 331 309 331 309 348 285 348 BIODEGRADABLE 0
106 223 130 223 130 239.99999999999997 106 239.99999999999997 BIODEGRADABLE 0
79 234 106.99999999999999 234 106.99999999999999 251 79 251 BIODEGRADABLE 0
134 221 155 221 155 231 134 231 BIODEGRADABLE 0
111 236 141 236 141 246 111 246 BIODEGRADABLE 0
105 249 118 249 118 271 105 271 BIODEGRADABLE 0
50 234 72 234 72 268 50 268 BIODEGRADABLE 0
2 251 52 251 52 279 2 279 BIODEGRADABLE 0
2 281 52 281 52 289 2 289 BIODEGRADABLE 0
14.999999999999998 262 65 262 65 324 14.999999999999998 324 BIODEGRADABLE 0
66 252.99999999999997 102 252.99999999999997 102 287 66 287 BIODEGRADABLE 0
89 255.00000000000003 110 255.00000000000003 110 300 89 300 BIODEGRADABLE 0
327 266 349 266 349 311 327 311 BIODEGRADABLE 0
304 230 333 230 333 264 304 264 BIODEGRADABLE 0
283 221 311 221 311 241.00000000000003 283 241.00000000000003 BIODEGRADABLE 0
333 232 373 232 373 270 333 270 BIODEGRADABLE 0
318 215.00000000000003 347 215.00000000000003 347 232 318 232 BIODEGRADABLE 0
305 217 331 217 331 251 305 251 BIODEGRADABLE 0
175 208 201 208 201 234 175 234 BIODEGRADABLE 0
174 225 200 225 200 239.99999999999997 174 239.99999999999997 BIODEGRADABLE 0
151 185 188 185 188 221 151 221 BIODEGRADABLE 0
153 210 175 210 175 225 153 225 BIODEGRADABLE 0
156 221 169 221 169 238 156 238 BIODEGRADABLE 0
182 195 213.99999999999997 195 213.99999999999997 210 182 210 BIODEGRADABLE 0
133 193 153 193 153 217 133 217 BIODEGRADABLE 0
124 198 142 198 142 215.00000000000003 124 215.00000000000003 BIODEGRADABLE 0
105 202 118 202 118 215.00000000000003 105 215.00000000000003 BIODEGRADABLE 0
98 201 114.00000000000001 201 114.00000000000001 221 98 221 BIODEGRADABLE 0
92 206 108.00000000000001 206 108.00000000000001 228.00000000000003 92 228.00000000000003 BIODEGRADABLE 0
82 208 95 208 95 225 82 225 BIODEGRADABLE 0
71 212 82 212 82 225 71 225 BIODEGRADABLE 0
62.99999999999999 225 105 225 105 238 62.99999999999999 238 BIODEGRADABLE 0
29 189 50 189 50 234 29 234 BIODEGRADABLE 0
21 212 41 212 41 234 21 234 BIODEGRADABLE 0
24 174 50 174 50 194 24 194 BIODEGRADABLE 0
2 159 31 159 31 181 2 181 BIODEGRADABLE 0
3 150 21 150 21 165 3 165 BIODEGRADABLE 0
2 186 26 186 26 236 2 236 BIODEGRADABLE 0
302 155 339 155 339 202 302 202 BIODEGRADABLE 0
272 142 310 142 310 185 272 185 BIODEGRADABLE 0
379 234 403 234 403 254.00000000000003 379 254.00000000000003 BIODEGRADABLE 0
373 221 383 221 383 226.99999999999997 373 226.99999999999997 BIODEGRADABLE 0
395 215.00000000000003 403 215.00000000000003 403 221 395 221 BIODEGRADABLE 0
397 223 413 223 413 238 397 238 BIODEGRADABLE 0
328 187 344 187 344 204 328 204 BIODEGRADABLE 0
344 189 355 189 355 204 344 204 BIODEGRADABLE 0
339 174 365 174 365 189 339 189 BIODEGRADABLE 0
358 185 371 185 371 200 358 200 BIODEGRADABLE 0
362 200 370 200 370 215.00000000000003 362 215.00000000000003 BIODEGRADABLE 0
367 200 378 200 378 210 367 210 BIODEGRADABLE 0
342 206 358 206 358 212 342 212 BIODEGRADABLE 0
389 182 405 182 405 195 389 195 BIODEGRADABLE 0
378 185 396 185 396 200 378 200 BIODEGRADABLE 0
394 174 408 174 408 184 394 184 BIODEGRADABLE 0
386 161 402 161 402 176 386 176 BIODEGRADABLE 0
373 165 391 165 391 185 373 185 BIODEGRADABLE 0
339 165 377 165 377 180 339 180 BIODEGRADABLE 0
403 176 415 176 415 205 403 205 BIODEGRADABLE 0
326 127.00000000000001 337 127.00000000000001 337 140 326 140 BIODEGRADABLE 0
339 125.99999999999999 347 125.99999999999999 347 148 339 148 BIODEGRADABLE 0
344 139 358 139 358 163 344 163 BIODEGRADABLE 0
358 146 374 146 374 166 358 166 BIODEGRADABLE 0
357 131 383 131 383 153 357 153 BIODEGRADABLE 0
365 118 407 118 407 148 365 148 BIODEGRADABLE 0
406 139 415 139 415 157 406 157 BIODEGRADABLE 0
66 184 82 184 82 206 66 206 BIODEGRADABLE 0
57.00000000000001 197 68 197 68 217 57.00000000000001 217 BIODEGRADABLE 0
82 193 98 193 98 206 82 206 BIODEGRADABLE 0
84 176 97 176 97 191 84 191 BIODEGRADABLE 0
64 174 82 174 82 184 64 184 BIODEGRADABLE 0
48 185 66 185 66 211 48 211 BIODEGRADABLE 0
97 193 110 193 110 206 97 206 BIODEGRADABLE 0
111 186 124 186 124 206 111 206 BIODEGRADABLE 0
100 180 116 180 116 195 100 195 BIODEGRADABLE 0
106 168 117 168 117 178 106 178 BIODEGRADABLE 0
98 172 106 172 106 180 98 180 BIODEGRADABLE 0
92 165 105 165 105 178 92 178 BIODEGRADABLE 0
84 155 98 155 98 168 84 168 BIODEGRADABLE 0
82 168 90 168 90 178 82 178 BIODEGRADABLE 0
71 150 82 150 82 174 71 174 BIODEGRADABLE 0
61 154 72 154 72 174 61 174 BIODEGRADABLE 0
47 161 62.99999999999999 161 62.99999999999999 187 47 187 BIODEGRADABLE 0
8 140 34 140 34 153 8 153 BIODEGRADABLE 0
8 122 26 122 26 137 8 137 BIODEGRADABLE 0
10 105 28 105 28 118 10 118 BIODEGRADABLE 0
26 123 40 123 40 133 26 133 BIODEGRADABLE 0
35 135 45 135 45 148 35 148 BIODEGRADABLE 0
53 135 67 135 67 150 53 150 BIODEGRADABLE 0
68 144 82 144 82 150 68 150 BIODEGRADABLE 0
82 142 95 142 95 155 82 155 BIODEGRADABLE 0
178 170 213.99999999999997 170 213.99999999999997 196 178 196 BIODEGRADABLE 0
205 178 225 178 225 210 205 210 BIODEGRADABLE 0
212 195 244 195 244 212 212 212 BIODEGRADABLE 0
256 195 269 195 269 215.00000000000003 256 215.00000000000003 BIODEGRADABLE 0
246 208 254.00000000000003 208 254.00000000000003 213.99999999999997 246 213.99999999999997 BIODEGRADABLE 0
236 178 265 178 265 204 236 204 BIODEGRADABLE 0
225 170 246 170 246 196 225 196 BIODEGRADABLE 0
209 159 238 159 238 179 209 179 BIODEGRADABLE 0
323 142 336 142 336 157 323 157 BIODEGRADABLE 0
310 135 323 135 323 155 310 155 BIODEGRADABLE 0
302 122 315 122 315 142 302 142 BIODEGRADABLE 0
291 122 302 122 302 142 291 142 BIODEGRADABLE 0
278 118 292 118 292 138 278 138 BIODEGRADABLE 0
272 112 283 112 283 136 272 136 BIODEGRADABLE 0
257 114.00000000000001 263 114.00000000000001 263 136 257 136 BIODEGRADABLE 0
257 103 262 103 262 109 257 109 BIODEGRADABLE 0
238.99999999999997 105 259 105 259 131 238.99999999999997 131 BIODEGRADABLE 0
296 99 325 99 325 133 296 133 BIODEGRADABLE 0
326 101 339 101 339 121.00000000000001 326 121.00000000000001 BIODEGRADABLE 0
170 47 215.00000000000003 47 215.00000000000003 101 170 101 BIODEGRADABLE 0
95 67 127.00000000000001 67 127.00000000000001 101 95 101 BIODEGRADABLE 0
95 92 132 92 132 122 95 122 BIODEGRADABLE 0
116 110 146 110 146 138 116 138 BIODEGRADABLE 0
95 125 103 125 103 138 95 138 BIODEGRADABLE 0
84 123 94 123 94 140 84 140 BIODEGRADABLE 0
70 122 84 122 84 135 70 135 BIODEGRADABLE 0
97 138 112.99999999999999 138 112.99999999999999 144 97 144 BIODEGRADABLE 0
79 105 93 105 93 122 79 122 BIODEGRADABLE 0
62.99999999999999 105 79 105 79 119.99999999999999 62.99999999999999 119.99999999999999 BIODEGRADABLE 0
56 88 72 88 72 105 56 105 BIODEGRADABLE 0
151 138 179 138 179 185 151 185 BIODEGRADABLE 0
118 157 158 157 158 195 118 195 BIODEGRADABLE 0
116 139 162 139 162 159 116 159 BIODEGRADABLE 0
95 137 117 137 117 167 95 167 BIODEGRADABLE 0
246 159 262 159 262 176 246 176 BIODEGRADABLE 0
224 139 248 139 248 159 224 159 BIODEGRADABLE 0
225 116 235 116 235 140 225 140 BIODEGRADABLE 0
213.99999999999997 125 224 125 224 140 213.99999999999997 140 BIODEGRADABLE 0
201 133 217 133 217 159 201 159 BIODEGRADABLE 0
193 123 203 123 203 131 193 131 BIODEGRADABLE 0
180 122 193 122 193 135 180 135 BIODEGRADABLE 0
172 125 182 125 182 142 172 142 BIODEGRADABLE 0
193 136 199 136 199 142 193 142 BIODEGRADABLE 0
188 144 199 144 199 154 188 154 BIODEGRADABLE 0
178 137 191 137 191 152 178 152 BIODEGRADABLE 0
203 99 216.00000000000003 99 216.00000000000003 116 203 116 BIODEGRADABLE 0
195 97 203 97 203 110 195 110 BIODEGRADABLE 0
185 91 195 91 195 101 185 101 BIODEGRADABLE 0
178 95 191 95 191 112 178 112 BIODEGRADABLE 0
188 106.99999999999999 204 106.99999999999999 204 122 188 122 BIODEGRADABLE 0
138 82 172 82 172 118 138 118 BIODEGRADABLE 0
219 75 264 75 264 105 219 105 BIODEGRADABLE 0
274 73 296 73 296 103 274 103 BIODEGRADABLE 0
401 276 415 276 415 304 401 304 BIODEGRADABLE 0
309 29.999999999999996 315 29.999999999999996 315 62 309 62 GLASS 0
315 29.999999999999996 323 29.999999999999996 323 64 315 64 GLASS 0
323 29.999999999999996 331 29.999999999999996 331 59.99999999999999 323 59.99999999999999 GLASS 0
331 38 341 38 341 58 331 58 GLASS 0