19 3 332 3 332 415 19 415 BIODEGRADABLE 0
100 12 255.00000000000003 12 255.00000000000003 276 100 276 BIODEGRADABLE 0
140 282 213.99999999999997 282 213.99999999999997 416 140 416 BIODEGRADABLE 0
118 239.99999999999997 238 239.99999999999997 238 348 118 348 BIODEGRADABLE 0
303 159 327 159 327 231 303 231 BIODEGRADABLE 0
278 78 302 78 302 123 278 123 BIODEGRADABLE 0
307 39 337 39 337 114.00000000000001 307 114.00000000000001 BIODEGRADABLE 0
329 147 345 147 345 201 329 201 BIODEGRADABLE 0
320 248 366 248 366 377 320 377 BIODEGRADABLE 0
345 386 400 386 400 415 345 415 BIODEGRADABLE 0
11 288 38 288 38 321 11 321 BIODEGRADABLE 0
1 331 18 331 18 415 1 415 BIODEGRADABLE 0
160 16 215.00000000000003 16 215.00000000000003 138 160 138 BIODEGRADABLE 0
216.00000000000003 84 248 84 248 162 216.00000000000003 162 BIODEGRADABLE 0
231 147 255.00000000000003 147 255.00000000000003 257 231 257 BIODEGRADABLE 0
216.00000000000003 216.00000000000003 236 216.00000000000003 236 261 216.00000000000003 261 BIODEGRADABLE 0
197 165 235 165 235 219 197 219 BIODEGRADABLE 0
188 219 211 219 211 255.00000000000003 188 255.00000000000003 BIODEGRADABLE 0
174 150 202 150 202 228.00000000000003 174 228.00000000000003 BIODEGRADABLE 0
145 212.99999999999997 177 212.99999999999997 177 285 145 285 BIODEGRADABLE 0
129 119.99999999999999 171 119.99999999999999 171 251.99999999999997 129 251.99999999999997 BIODEGRADABLE 0
101 72 159 72 159 218 101 218 BIODEGRADABLE 0
151 284 194 284 194 398 151 398 BIODEGRADABLE 0
180 347 217 347 217 415 180 415 BIODEGRADABLE 0
179 228.00000000000003 232 228.00000000000003 232 344 179 344 BIODEGRADABLE 0
129 276 163 276 163 345 129 345 BIODEGRADABLE 0