150 91 300 91 300 189 150 189 BIODEGRADABLE 0
278 132 387 132 387 203 278 203 BIODEGRADABLE 0
277 191 357 191 357 238.99999999999997 277 238.99999999999997 BIODEGRADABLE 0
303 222 394 222 394 292 303 292 BIODEGRADABLE 0
316 287 366 287 366 333 316 333 BIODEGRADABLE 0
225 292 327 292 327 360 225 360 BIODEGRADABLE 0
245 238.99999999999997 323 238.99999999999997 323 295 245 295 BIODEGRADABLE 0
164 205 298 205 298 291 164 291 BIODEGRADABLE 0
57.00000000000001 173 185 173 185 257 57.00000000000001 257 BIODEGRADABLE 0
78 165 219 165 219 223 78 223 BIODEGRADABLE 0
87 256 187 256 187 320 87 320 BIODEGRADABLE 0
64 244 100 244 100 265 64 265 BIODEGRADABLE 0
148 286 228.00000000000003 286 228.00000000000003 350 148 350 BIODEGRADABLE 0