54.00000000000001 112 158 112 158 274 54.00000000000001 274 BIODEGRADABLE 0
96 14 174 14 174 128 96 128 BIODEGRADABLE 0
83 269 165 269 165 361 83 361 BIODEGRADABLE 0
118 347 190 347 190 415 118 415 BIODEGRADABLE 0
176 241.00000000000003 210 241.00000000000003 210 283 176 283 BIODEGRADABLE 0
163 256 176 256 176 276 163 276 BIODEGRADABLE 0
154 265 165 265 165 285 154 285 BIODEGRADABLE 0
154 287 167 287 167 303 154 303 BIODEGRADABLE 0
165 278 180 278 180 294 165 294 BIODEGRADABLE 0
181 283 194 283 194 301 181 301 BIODEGRADABLE 0
189 296 205 296 205 316 189 316 BIODEGRADABLE 0
174 298 189 298 189 318 174 318 BIODEGRADABLE 0
163 307 178 307 178 327 163 327 BIODEGRADABLE 0
161 316 209 316 209 351 161 351 BIODEGRADABLE 0
176 353 200 353 200 381 176 381 BIODEGRADABLE 0
159 174 193 174 193 254.00000000000003 159 254.00000000000003 BIODEGRADABLE 0
165 115 231 115 231 183 165 183 BIODEGRADABLE 0
163 94 219 94 219 172 163 172 BIODEGRADABLE 0
146 87 192 87 192 150 146 150 BIODEGRADABLE 0
133 73 185 73 185 139 133 139 BIODEGRADABLE 0
146 54.00000000000001 174 54.00000000000001 174 117 146 117 BIODEGRADABLE 0
176 24 232 24 232 92 176 92 BIODEGRADABLE 0
215.00000000000003 84 230 84 230 125.99999999999999 215.00000000000003 125.99999999999999 BIODEGRADABLE 0
225.99999999999997 91 244 91 244 137 225.99999999999997 137 BIODEGRADABLE 0
237 98 259 98 259 144 237 144 BIODEGRADABLE 0
250 79 261 79 261 111 250 111 BIODEGRADABLE 0
238.99999999999997 32 257 32 257 74 238.99999999999997 74 BIODEGRADABLE 0
238.99999999999997 72 251.99999999999997 72 251.99999999999997 98 238.99999999999997 98 BIODEGRADABLE 0
233 133 259 133 259 185 233 185 BIODEGRADABLE 0
222 161 259 161 259 229.00000000000003 222 229.00000000000003 BIODEGRADABLE 0
188 182 246 182 246 246 188 246 BIODEGRADABLE 0
200 233 259 233 259 292 200 292 BIODEGRADABLE 0
243 296 259 296 259 348 243 348 BIODEGRADABLE 0
235 348 259 348 259 394 235 394 BIODEGRADABLE 0
194 267 257 267 257 387 194 387 BIODEGRADABLE 0
237 17 341 17 341 401 237 401 CARDBOARD 0