254.00000000000003 273 392 273 392 364 254.00000000000003 364 BIODEGRADABLE 0
232 276 316 276 316 332 232 332 BIODEGRADABLE 0
223 305 314 305 314 348 223 348 BIODEGRADABLE 0
224 323 336 323 336 385 224 385 BIODEGRADABLE 0
174 303 215.00000000000003 303 215.00000000000003 397 174 397 BIODEGRADABLE 0
204 210 251.99999999999997 210 251.99999999999997 328 204 328 BIODEGRADABLE 0
144 229.00000000000003 230 229.00000000000003 230 294 144 294 BIODEGRADABLE 0
111 257 217 257 217 346 111 346 BIODEGRADABLE 0
249 256 277 256 277 284 249 284 BIODEGRADABLE 0
265 235 321 235 321 265 265 265 BIODEGRADABLE 0
251.99999999999997 216.00000000000003 291 216.00000000000003 291 238 251.99999999999997 238 BIODEGRADABLE 0
17 196 243 196 243 234 17 234 BIODEGRADABLE 0
115 159 249 159 249 261 115 261 BIODEGRADABLE 0
119.99999999999999 183 212.99999999999997 183 212.99999999999997 237 119.99999999999999 237 BIODEGRADABLE 0
89 24 305 24 305 264 89 264 BIODEGRADABLE 0
254.00000000000003 1 384 1 384 83 254.00000000000003 83 BIODEGRADABLE 0
262 65 362 65 362 106.99999999999999 262 106.99999999999999 BIODEGRADABLE 0
264 103 362 103 362 154 264 154 BIODEGRADABLE 0
260 138 340 138 340 180 260 180 BIODEGRADABLE 0
295 170 365 170 365 206 295 206 BIODEGRADABLE 0
269 202 347 202 347 246 269 246 BIODEGRADABLE 0
247 162 299 162 299 204 247 204 BIODEGRADABLE 0
52 96 210 96 210 169 52 169 BIODEGRADABLE 0
78 137 145 137 145 191 78 191 BIODEGRADABLE 0
48 187 112.99999999999999 187 112.99999999999999 243 48 243 BIODEGRADABLE 0
134 87 154 87 154 121.00000000000001 134 121.00000000000001 BIODEGRADABLE 0
143 65 171 65 171 114.00000000000001 143 114.00000000000001 BIODEGRADABLE 0
162 29.999999999999996 182 29.999999999999996 182 102 162 102 BIODEGRADABLE 0
184 69 204 69 204 96 184 96 BIODEGRADABLE 0
197 92 264 92 264 156 197 156 BIODEGRADABLE 0
152 164 206 164 206 199 152 199 BIODEGRADABLE 0
150 159 250 159 250 251 150 251 BIODEGRADABLE 0