249 167 355 167 355 248 249 248 BIODEGRADABLE 0
353 174 373 174 373 239.99999999999997 353 239.99999999999997 BIODEGRADABLE 0
289 110 373 110 373 170 289 170 BIODEGRADABLE 0
222 91 308 91 308 164 222 164 BIODEGRADABLE 0
156 161 258 161 258 252.99999999999997 156 252.99999999999997 BIODEGRADABLE 0
122 191 180 191 180 252.99999999999997 122 252.99999999999997 BIODEGRADABLE 0
125.99999999999999 135 186 135 186 191 125.99999999999999 191 BIODEGRADABLE 0
152 81 217 81 217 137 152 137 BIODEGRADABLE 0
178 132 222 132 222 167 178 167 BIODEGRADABLE 0
145 38 197 38 197 76 145 76 BIODEGRADABLE 0
95 27.000000000000004 141 27.000000000000004 141 97 95 97 BIODEGRADABLE 0
124 83 172 83 172 134 124 134 BIODEGRADABLE 0
89 64 125.99999999999999 64 125.99999999999999 122 89 122 BIODEGRADABLE 0
72 122 125.99999999999999 122 125.99999999999999 202 72 202 BIODEGRADABLE 0
18 183 83 183 83 238.99999999999997 18 238.99999999999997 BIODEGRADABLE 0
11 125.99999999999999 78 125.99999999999999 78 177 11 177 BIODEGRADABLE 0
22 100 78 100 78 135 22 135 BIODEGRADABLE 0
9 79 46 79 46 119 9 119 BIODEGRADABLE 0
1 109 24 109 24 148 1 148 BIODEGRADABLE 0
43 29 89 29 89 72 43 72 BIODEGRADABLE 0
247 16 371 16 371 110 247 110 BIODEGRADABLE 0