155 99 228.00000000000003 99 228.00000000000003 199 155 199 BIODEGRADABLE 0
224 140 260 140 260 199 224 199 BIODEGRADABLE 0
258 119.99999999999999 317 119.99999999999999 317 194 258 194 BIODEGRADABLE 0
312 100 371 100 371 172 312 172 BIODEGRADABLE 0
281 43 353 43 353 140 281 140 BIODEGRADABLE 0
229.00000000000003 89 281 89 281 143 229.00000000000003 143 BIODEGRADABLE 0
196 68 249 68 249 119.99999999999999 196 119.99999999999999 BIODEGRADABLE 0
272 16 358 16 358 111 272 111 BIODEGRADABLE 0
58 32 180 32 180 186 58 186 BIODEGRADABLE 0
65 86 155 86 155 192 65 192 BIODEGRADABLE 0
53 212.99999999999997 158 212.99999999999997 158 308 53 308 BIODEGRADABLE 0
13 168 225 168 225 378 13 378 BIODEGRADABLE 0
189 317 230 317 230 376 189 376 BIODEGRADABLE 0
222 328 260 328 260 382 222 382 BIODEGRADABLE 0
256 330 304 330 304 384 256 384 BIODEGRADABLE 0
291 317 325 317 325 378 291 378 BIODEGRADABLE 0
301 287 348 287 348 366 301 366 BIODEGRADABLE 0
340 276 392 276 392 368 340 368 BIODEGRADABLE 0
308 224 372 224 372 308 308 308 BIODEGRADABLE 0
295 287 331 287 331 319 295 319 BIODEGRADABLE 0
272 292 304 292 304 330 272 330 BIODEGRADABLE 0
237 297 283 297 283 351 237 351 BIODEGRADABLE 0
226.99999999999997 287 251 287 251 332 226.99999999999997 332 BIODEGRADABLE 0