1 129 199 129 199 415 1 415 BIODEGRADABLE 0
105 180 236 180 236 404 105 404 BIODEGRADABLE 0
64 333 122 333 122 415 64 415 BIODEGRADABLE 0
28 369 89 369 89 415 28 415 BIODEGRADABLE 0
14 399 35 399 35 415 14 415 BIODEGRADABLE 0
159 324 199 324 199 415 159 415 BIODEGRADABLE 0
145 372 173 372 173 415 145 415 BIODEGRADABLE 0
199 159 279 159 279 415 199 415 BIODEGRADABLE 0
248 191 314 191 314 359 248 359 BIODEGRADABLE 0
293 303 339 303 339 415 293 415 BIODEGRADABLE 0
283 164 369 164 369 346 283 346 BIODEGRADABLE 0
342 112.99999999999999 414 112.99999999999999 414 363 342 363 BIODEGRADABLE 0
255.00000000000003 351 313 351 313 415 255.00000000000003 415 BIODEGRADABLE 0
323 314 349 314 349 414 323 414 BIODEGRADABLE 0
0 50 31 50 31 332 0 332 BIODEGRADABLE 0
5 144 157 144 157 238.99999999999997 5 238.99999999999997 BIODEGRADABLE 0
4 1 206 1 206 154 4 154 BIODEGRADABLE 0
152 1 380 1 380 147 152 147 BIODEGRADABLE 0
201 1 415 1 415 194 201 194 BIODEGRADABLE 0
283 1 341 1 341 172 283 172 BIODEGRADABLE 0
346 2 414 2 414 184 346 184 BIODEGRADABLE 0