119 7 405 7 405 209 119 209 BIODEGRADABLE 0
1 234 234 234 234 415 1 415 BIODEGRADABLE 0
223 381 311 381 311 415 223 415 BIODEGRADABLE 0
284 303 348 303 348 397 284 397 BIODEGRADABLE 0
332 353 414 353 414 415 332 415 BIODEGRADABLE 0
255.00000000000003 269 391 269 391 301 255.00000000000003 301 BIODEGRADABLE 0
360 208 414 208 414 291 360 291 BIODEGRADABLE 0
394 291 414 291 414 312 394 312 BIODEGRADABLE 0
16 176 80 176 80 217 16 217 BIODEGRADABLE 0
0 230 64 230 64 260 0 260 BIODEGRADABLE 0
1 196 16 196 16 218 1 218 BIODEGRADABLE 0
9 125.99999999999999 68 125.99999999999999 68 196 9 196 BIODEGRADABLE 0
21 65 69 65 69 124 21 124 BIODEGRADABLE 0
59 96 121.00000000000001 96 121.00000000000001 119.99999999999999 59 119.99999999999999 BIODEGRADABLE 0
44 50 132 50 132 88 44 88 BIODEGRADABLE 0
71 16 143 16 143 58 71 58 BIODEGRADABLE 0
37 1 87 1 87 23 37 23 BIODEGRADABLE 0
1 12 53 12 53 79 1 79 BIODEGRADABLE 0