57.00000000000001 213.99999999999997 255.00000000000003 213.99999999999997 255.00000000000003 414 57.00000000000001 414 BIODEGRADABLE 0
244 229.00000000000003 304 229.00000000000003 304 307 244 307 BIODEGRADABLE 0
274 111 367 111 367 242.00000000000003 274 242.00000000000003 BIODEGRADABLE 0
351 175 387 175 387 297 351 297 BIODEGRADABLE 0
364 174 414 174 414 309 364 309 BIODEGRADABLE 0
353 311 413 311 413 378 353 378 BIODEGRADABLE 0
366 351 408 351 408 414 366 414 BIODEGRADABLE 0
304 336 361 336 361 414 304 414 BIODEGRADABLE 0
248 296 331 296 331 414 248 414 BIODEGRADABLE 0
244 391 276 391 276 412 244 412 BIODEGRADABLE 0
287 263 362 263 362 335 287 335 BIODEGRADABLE 0
114.00000000000001 42 292 42 292 286 114.00000000000001 286 BIODEGRADABLE 0
245 68 309 68 309 118 245 118 BIODEGRADABLE 0
197 32 266 32 266 97 197 97 BIODEGRADABLE 0
368 7 400 7 400 32 368 32 BIODEGRADABLE 0
193 1 269 1 269 23 193 23 BIODEGRADABLE 0
89 1 193 1 193 191 89 191 BIODEGRADABLE 0
23 170 103 170 103 366 23 366 BIODEGRADABLE 0
1 44 83 44 83 143 1 143 BIODEGRADABLE 0
1 100 39 100 39 200 1 200 BIODEGRADABLE 0
41 147 72 147 72 177 41 177 BIODEGRADABLE 0