2 2 97 2 97 98 2 98 BIODEGRADABLE 0
2 59 110 59 110 142 2 142 BIODEGRADABLE 0
29.999999999999996 88 118 88 118 160 29.999999999999996 160 BIODEGRADABLE 0
108.00000000000001 42 230 42 230 114.00000000000001 108.00000000000001 114.00000000000001 BIODEGRADABLE 0
91 2 233 2 233 77 91 77 BIODEGRADABLE 0
226.99999999999997 2 353 2 353 59 226.99999999999997 59 BIODEGRADABLE 0
351 2 370 2 370 22 351 22 BIODEGRADABLE 0
370 10 414 10 414 29.999999999999996 370 29.999999999999996 BIODEGRADABLE 0
366 2 414 2 414 10 366 10 BIODEGRADABLE 0
412 1 415 1 415 28 412 28 BIODEGRADABLE 0
218 54.00000000000001 288 54.00000000000001 288 104 218 104 BIODEGRADABLE 0
115 111 163 111 163 176 115 176 BIODEGRADABLE 0
121.00000000000001 150 235 150 235 249 121.00000000000001 249 BIODEGRADABLE 0
165 98 279 98 279 178 165 178 BIODEGRADABLE 0
256 96 268 96 268 116 256 116 BIODEGRADABLE 0
228.00000000000003 168 258 168 258 210 228.00000000000003 210 BIODEGRADABLE 0
81 176 123 176 123 251.99999999999997 81 251.99999999999997 BIODEGRADABLE 0
78 229.00000000000003 133 229.00000000000003 133 267 78 267 BIODEGRADABLE 0
29.999999999999996 343 80 343 80 379 29.999999999999996 379 BIODEGRADABLE 0
3 311 47 311 47 353 3 353 BIODEGRADABLE 0
2 349 40 349 40 395 2 395 BIODEGRADABLE 0
52 388 87 388 87 415 52 415 BIODEGRADABLE 0
78 388 121.00000000000001 388 121.00000000000001 415 78 415 BIODEGRADABLE 0
70 371 104 371 104 389 70 389 BIODEGRADABLE 0
110 259 158 259 158 314 110 314 BIODEGRADABLE 0
135 237 161 237 161 260 135 260 BIODEGRADABLE 0
159 238.99999999999997 235 238.99999999999997 235 297 159 297 BIODEGRADABLE 0
216.00000000000003 221 277 221 277 273 216.00000000000003 273 BIODEGRADABLE 0
228.00000000000003 205 287 205 287 254.00000000000003 228.00000000000003 254.00000000000003 BIODEGRADABLE 0
251 148 304 148 304 198 251 198 BIODEGRADABLE 0
212.99999999999997 265 268 265 268 305 212.99999999999997 305 BIODEGRADABLE 0
167 299 215.00000000000003 299 215.00000000000003 325 167 325 BIODEGRADABLE 0
161 272 229.00000000000003 272 229.00000000000003 311 161 311 BIODEGRADABLE 0
125 292 163 292 163 330 125 330 BIODEGRADABLE 0
133 318 156 318 156 338 133 338 BIODEGRADABLE 0
268 229.00000000000003 294 229.00000000000003 294 263 268 263 BIODEGRADABLE 0
251.99999999999997 199 260 199 260 207 251.99999999999997 207 BIODEGRADABLE 0
262 264 285 264 285 306 262 306 BIODEGRADABLE 0
224 304 272 304 272 348 224 348 BIODEGRADABLE 0
171 306 224 306 224 361 171 361 BIODEGRADABLE 0
156 329 171 329 171 371 156 371 BIODEGRADABLE 0
311 91 347 91 347 115 311 115 BIODEGRADABLE 0
304 73 346 73 346 94 304 94 BIODEGRADABLE 0
319 56 363 56 363 85 319 85 BIODEGRADABLE 0
368 41 412 41 412 70 368 70 BIODEGRADABLE 0
409 36 415 36 415 52 409 52 BIODEGRADABLE 0
397 53 415 53 415 92 397 92 BIODEGRADABLE 0
347 70 397 70 397 110 347 110 BIODEGRADABLE 0
384 91 415 91 415 134 384 134 BIODEGRADABLE 0
345 106 387 106 387 124 345 124 BIODEGRADABLE 0
199 343 237 343 237 387 199 387 BIODEGRADABLE 0
195 363 245 363 245 402 195 402 BIODEGRADABLE 0
167 387 190 387 190 407 167 407 BIODEGRADABLE 0
169 358 195 358 195 392 169 392 BIODEGRADABLE 0
248 322 296 322 296 374 248 374 BIODEGRADABLE 0
287 345 308 345 308 376 287 376 BIODEGRADABLE 0
245 369 289 369 289 402 245 402 BIODEGRADABLE 0
201 382 248 382 248 415 201 415 BIODEGRADABLE 0
175 395 199 395 199 415 175 415 BIODEGRADABLE 0
244 401 275 401 275 415 244 415 BIODEGRADABLE 0
300 215.00000000000003 350 215.00000000000003 350 254.00000000000003 300 254.00000000000003 BIODEGRADABLE 0
300 130 350 130 350 166 300 166 BIODEGRADABLE 0
329 146 393 146 393 203 329 203 BIODEGRADABLE 0
359 124 401 124 401 150 359 150 BIODEGRADABLE 0
393 134 415 134 415 182 393 182 BIODEGRADABLE 0
384 182 415 182 415 226.99999999999997 384 226.99999999999997 BIODEGRADABLE 0
345 200 389 200 389 239.99999999999997 345 239.99999999999997 BIODEGRADABLE 0
298 212.99999999999997 351 212.99999999999997 351 251.99999999999997 298 251.99999999999997 BIODEGRADABLE 0
291 203 317 203 317 219 291 219 BIODEGRADABLE 0
329 196 355 196 355 210 329 210 BIODEGRADABLE 0
317 259 345 259 345 290 317 290 BIODEGRADABLE 0
285 256 323 256 323 270 285 270 BIODEGRADABLE 0
283 265 306 265 306 293 283 293 BIODEGRADABLE 0
342 244 378 244 378 283 342 283 BIODEGRADABLE 0
384 230 415 230 415 267 384 267 BIODEGRADABLE 0
272 307 302 307 302 327 272 327 BIODEGRADABLE 0
283 291 306 291 306 305 283 305 BIODEGRADABLE 0
302 299 330 299 330 322 302 322 BIODEGRADABLE 0
296 322 330 322 330 345 296 345 BIODEGRADABLE 0
327 312 353 312 353 338 327 338 BIODEGRADABLE 0
338 286 370 286 370 315 338 315 BIODEGRADABLE 0
366 288 389 288 389 304 366 304 BIODEGRADABLE 0
374 265 402 265 402 286 374 286 BIODEGRADABLE 0
355 310 387 310 387 330 355 330 BIODEGRADABLE 0