89 235 293 235 293 379 89 379 BIODEGRADABLE 0
147 185 245 185 245 261 147 261 BIODEGRADABLE 0
41 112 156 112 156 332 41 332 BIODEGRADABLE 0
54.00000000000001 342 150 342 150 415 54.00000000000001 415 BIODEGRADABLE 0
143 369 247 369 247 415 143 415 BIODEGRADABLE 0
241.00000000000003 350 360 350 360 415 241.00000000000003 415 BIODEGRADABLE 0
278 124 382 124 382 226.99999999999997 278 226.99999999999997 BIODEGRADABLE 0
276 200 306 200 306 239.99999999999997 276 239.99999999999997 BIODEGRADABLE 0
238 221 288 221 288 279 238 279 BIODEGRADABLE 0
215.00000000000003 127.00000000000001 291 127.00000000000001 291 226.99999999999997 215.00000000000003 226.99999999999997 BIODEGRADABLE 0
50 49 245 49 245 200 50 200 BIODEGRADABLE 0
225.99999999999997 70 330 70 330 132 225.99999999999997 132 BIODEGRADABLE 0
106 0 243 0 243 72 106 72 BIODEGRADABLE 0