342 124 388 124 388 199 342 199 BIODEGRADABLE 0
347 18 398 18 398 100 347 100 BIODEGRADABLE 0
19 20 61 20 61 91 19 91 BIODEGRADABLE 0
203 321 241.00000000000003 321 241.00000000000003 381 203 381 BIODEGRADABLE 0
117 334 153 334 153 390 117 390 BIODEGRADABLE 0
97 319 128 319 128 357 97 357 BIODEGRADABLE 0
92 268 128 268 128 321 92 321 BIODEGRADABLE 0
8 281 40 281 40 332 8 332 BIODEGRADABLE 0
106.99999999999999 204 137 204 137 250 106.99999999999999 250 BIODEGRADABLE 0
130 195 174 195 174 248 130 248 BIODEGRADABLE 0
162 184 207 184 207 244 162 244 BIODEGRADABLE 0
191 158 241.00000000000003 158 241.00000000000003 225.99999999999997 191 225.99999999999997 BIODEGRADABLE 0
226.99999999999997 133 275 133 275 201 226.99999999999997 201 BIODEGRADABLE 0
256 100 300 100 300 162 256 162 BIODEGRADABLE 0
278 67 312 67 312 115 278 115 BIODEGRADABLE 0
52 16 334 16 334 252.99999999999997 52 252.99999999999997 BIODEGRADABLE 0
110 62 354 62 354 374 110 374 BIODEGRADABLE 0