303 371 382 371 382 415 303 415 BIODEGRADABLE 0
344 329 414 329 414 415 344 415 BIODEGRADABLE 0
364 325 414 325 414 415 364 415 BIODEGRADABLE 0
376 311 414 311 414 329 376 329 BIODEGRADABLE 0
364 272 414 272 414 311 364 311 BIODEGRADABLE 0
392 255.00000000000003 414 255.00000000000003 414 293 392 293 BIODEGRADABLE 0
258 271 380 271 380 369 258 369 BIODEGRADABLE 0
163 313 387 313 387 415 163 415 BIODEGRADABLE 0
188 375 231 375 231 415 188 415 BIODEGRADABLE 0
45 321 199 321 199 413 45 413 BIODEGRADABLE 0
0 325 68 325 68 415 0 415 BIODEGRADABLE 0
0 273 95 273 95 333 0 333 BIODEGRADABLE 0
70 230 217 230 217 338 70 338 BIODEGRADABLE 0
147 302 208 302 208 343 147 343 BIODEGRADABLE 0
185 333 251 333 251 375 185 375 BIODEGRADABLE 0
226.99999999999997 314 283 314 283 346 226.99999999999997 346 BIODEGRADABLE 0
252.99999999999997 274 319 274 319 314 252.99999999999997 314 BIODEGRADABLE 0
195 274 256 274 256 320 195 320 BIODEGRADABLE 0
210 233 292 233 292 279 210 279 BIODEGRADABLE 0
283 220 362 220 362 251.99999999999997 283 251.99999999999997 BIODEGRADABLE 0
274 246 351 246 351 293 274 293 BIODEGRADABLE 0
317 209 357 209 357 259 317 259 BIODEGRADABLE 0
355 241.00000000000003 398 241.00000000000003 398 271 355 271 BIODEGRADABLE 0
360 215.00000000000003 414 215.00000000000003 414 250 360 250 BIODEGRADABLE 0
346 203 384 203 384 223 346 223 BIODEGRADABLE 0
376 183 414 183 414 233 376 233 BIODEGRADABLE 0
301 151 385 151 385 211 301 211 BIODEGRADABLE 0
235 183 319 183 319 238 235 238 BIODEGRADABLE 0
212.99999999999997 210 245 210 245 232 212.99999999999997 232 BIODEGRADABLE 0
184 221 222 221 222 244 184 244 BIODEGRADABLE 0
106 203 192 203 192 233 106 233 BIODEGRADABLE 0
68 220 134 220 134 275 68 275 BIODEGRADABLE 0
0 217 73 217 73 278 0 278 BIODEGRADABLE 0
0 194 9 194 9 337 0 337 BIODEGRADABLE 0
0 131 147 131 147 223 0 223 BIODEGRADABLE 0
129 145 172 145 172 175 129 175 BIODEGRADABLE 0
136 150 197 150 197 206 136 206 BIODEGRADABLE 0
170 153 251.99999999999997 153 251.99999999999997 220 170 220 BIODEGRADABLE 0
209 146 301 146 301 186 209 186 BIODEGRADABLE 0
366 128 414 128 414 183 366 183 BIODEGRADABLE 0
342 133 364 133 364 150 342 150 BIODEGRADABLE 0
255.00000000000003 106.99999999999999 337 106.99999999999999 337 167 255.00000000000003 167 BIODEGRADABLE 0
106.99999999999999 128 256 128 256 152 106.99999999999999 152 BIODEGRADABLE 0
116 101 258 101 258 135 116 135 BIODEGRADABLE 0
55 115 168 115 168 139 55 139 BIODEGRADABLE 0
73 84 150 84 150 116 73 116 BIODEGRADABLE 0
96 69 239.99999999999997 69 239.99999999999997 112.99999999999999 96 112.99999999999999 BIODEGRADABLE 0
251 90 285 90 285 112 251 112 BIODEGRADABLE 0
256 95 301 95 301 121.00000000000001 256 121.00000000000001 BIODEGRADABLE 0
292 69 326 69 326 93 292 93 BIODEGRADABLE 0
313 58 335 58 335 73 313 73 BIODEGRADABLE 0
314 1 415 1 415 57.00000000000001 314 57.00000000000001 BIODEGRADABLE 0
312 31 414 31 414 135 312 135 BIODEGRADABLE 0
158 1 325 1 325 95 158 95 BIODEGRADABLE 0
179 2 197 2 197 86 179 86 BIODEGRADABLE 0
181 20 225.99999999999997 20 225.99999999999997 69 181 69 BIODEGRADABLE 0
0 1 144 1 144 92 0 92 BIODEGRADABLE 0
119 1 179 1 179 81 119 81 BIODEGRADABLE 0
0 79 39 79 39 127.00000000000001 0 127.00000000000001 BIODEGRADABLE 0
41 92 100 92 100 134 41 134 BIODEGRADABLE 0