115 137 173 137 173 260 115 260 BIODEGRADABLE 0
77 112 141 112 141 266 77 266 BIODEGRADABLE 0
119.99999999999999 234 146 234 146 277 119.99999999999999 277 BIODEGRADABLE 0
154 223 206 223 206 275 154 275 BIODEGRADABLE 0
163 186 203 186 203 232 163 232 BIODEGRADABLE 0
172 116 206 116 206 175 172 175 BIODEGRADABLE 0
129 59.99999999999999 187 59.99999999999999 187 148 129 148 BIODEGRADABLE 0
173 64 200 64 200 96 173 96 BIODEGRADABLE 0
186 61 238.99999999999997 61 238.99999999999997 123 186 123 BIODEGRADABLE 0
215.00000000000003 128 242.00000000000003 128 242.00000000000003 164 215.00000000000003 164 BIODEGRADABLE 0
194 180 234 180 234 216.00000000000003 194 216.00000000000003 BIODEGRADABLE 0
192 213.99999999999997 225.99999999999997 213.99999999999997 225.99999999999997 246 192 246 BIODEGRADABLE 0
224 182 242.00000000000003 182 242.00000000000003 230 224 230 BIODEGRADABLE 0
242.00000000000003 184 280 184 280 230 242.00000000000003 230 BIODEGRADABLE 0
242.00000000000003 135 276 135 276 171 242.00000000000003 171 BIODEGRADABLE 0
236 62 254.00000000000003 62 254.00000000000003 105 236 105 BIODEGRADABLE 0
251 62 307 62 307 160 251 160 BIODEGRADABLE 0
293 87 321 87 321 153 293 153 BIODEGRADABLE 0
280 114.00000000000001 295 114.00000000000001 295 136 280 136 BIODEGRADABLE 0
277 152 333 152 333 234 277 234 BIODEGRADABLE 0
306 164 366 164 366 260 306 260 BIODEGRADABLE 0
226.99999999999997 221 324 221 324 291 226.99999999999997 291 BIODEGRADABLE 0