302 2 406 2 406 96 302 96 BIODEGRADABLE 0
384 14 414 14 414 103 384 103 BIODEGRADABLE 0
215.00000000000003 2 331 2 331 104 215.00000000000003 104 BIODEGRADABLE 0
99 11 223 11 223 119 99 119 BIODEGRADABLE 0
77 40 138 40 138 112.99999999999999 77 112.99999999999999 BIODEGRADABLE 0
8 92 130 92 130 213.99999999999997 8 213.99999999999997 BIODEGRADABLE 0
121.00000000000001 100 247 100 247 232 121.00000000000001 232 BIODEGRADABLE 0
237 90 339 90 339 216.00000000000003 237 216.00000000000003 BIODEGRADABLE 0
316 112 414 112 414 232 316 232 BIODEGRADABLE 0
369 211 415 211 415 327 369 327 BIODEGRADABLE 0
255.00000000000003 199 371 199 371 301 255.00000000000003 301 BIODEGRADABLE 0
258 287 393 287 393 415 258 415 BIODEGRADABLE 0
376 364 415 364 415 415 376 415 BIODEGRADABLE 0
384 316 414 316 414 364 384 364 BIODEGRADABLE 0
260 391 321 391 321 415 260 415 BIODEGRADABLE 0
144 344 268 344 268 415 144 415 BIODEGRADABLE 0
125.99999999999999 234 260 234 260 336 125.99999999999999 336 BIODEGRADABLE 0
83 209 148 209 148 275 83 275 BIODEGRADABLE 0
0 197 85 197 85 307 0 307 BIODEGRADABLE 0
48 275 176 275 176 404 48 404 BIODEGRADABLE 0
26 285 66 285 66 362 26 362 BIODEGRADABLE 0
6 376 143 376 143 415 6 415 BIODEGRADABLE 0