323 2 415 2 415 128 323 128 BIODEGRADABLE 0
293 111 415 111 415 247 293 247 BIODEGRADABLE 0
290 106 340 106 340 172 290 172 BIODEGRADABLE 0
224 3 329 3 329 163 224 163 BIODEGRADABLE 0
211 145 330 145 330 313 211 313 BIODEGRADABLE 0
380 239.99999999999997 414 239.99999999999997 414 330 380 330 BIODEGRADABLE 0
316 300 414 300 414 416 316 416 BIODEGRADABLE 0
331 239.99999999999997 407 239.99999999999997 407 319 331 319 BIODEGRADABLE 0
184 279 335 279 335 415 184 415 BIODEGRADABLE 0
94 134 219 134 219 352 94 352 BIODEGRADABLE 0
110 97 229.00000000000003 97 229.00000000000003 218 110 218 BIODEGRADABLE 0
160 46 222 46 222 101 160 101 BIODEGRADABLE 0
211 24 233 24 233 66 211 66 BIODEGRADABLE 0
135 2 226.99999999999997 2 226.99999999999997 42 135 42 BIODEGRADABLE 0
1 9 163 9 163 177 1 177 BIODEGRADABLE 0
0 143 58 143 58 385 0 385 BIODEGRADABLE 0
31 239.99999999999997 137 239.99999999999997 137 415 31 415 BIODEGRADABLE 0
54.00000000000001 172 102 172 102 254.00000000000003 54.00000000000001 254.00000000000003 BIODEGRADABLE 0
0 2 22 2 22 55 0 55 BIODEGRADABLE 0
134 363 201 363 201 415 134 415 BIODEGRADABLE 0
0 382 36 382 36 415 0 415 BIODEGRADABLE 0
0 1 415 1 415 416 0 416 BIODEGRADABLE 0