343 371 389 371 389 414 343 414 BIODEGRADABLE 0
391 396 413 396 413 414 391 414 BIODEGRADABLE 0
409 389 415 389 415 414 409 414 BIODEGRADABLE 0
380 364 412 364 412 398 380 398 BIODEGRADABLE 0
377 291 415 291 415 361 377 361 BIODEGRADABLE 0
391 358 415 358 415 380 391 380 BIODEGRADABLE 0
319 314 363 314 363 364 319 364 BIODEGRADABLE 0
336 355 374 355 374 398 336 398 BIODEGRADABLE 0
356 312 380 312 380 360 356 360 BIODEGRADABLE 0
314 369 342 369 342 405 314 405 BIODEGRADABLE 0
320 398 350 398 350 414 320 414 BIODEGRADABLE 0
291 341 318 341 318 384 291 384 BIODEGRADABLE 0
302 310 318 310 318 348 302 348 BIODEGRADABLE 0
302 273 336 273 336 330 302 330 BIODEGRADABLE 0
334 255.00000000000003 368 255.00000000000003 368 309 334 309 BIODEGRADABLE 0
361 266 383 266 383 312 361 312 BIODEGRADABLE 0
386 251 410 251 410 289 386 289 BIODEGRADABLE 0
407 271 415 271 415 291 407 291 BIODEGRADABLE 0
374 284 398 284 398 312 374 312 BIODEGRADABLE 0
369 232 389 232 389 268 369 268 BIODEGRADABLE 0
403 223 415 223 415 259 403 259 BIODEGRADABLE 0
398 173 414 173 414 223 398 223 BIODEGRADABLE 0
374 193 412 193 412 250 374 250 BIODEGRADABLE 0
357 221 392 221 392 257 357 257 BIODEGRADABLE 0
350 232 374 232 374 264 350 264 BIODEGRADABLE 0
313 207 351 207 351 259 313 259 BIODEGRADABLE 0
339 159 381 159 381 226.99999999999997 339 226.99999999999997 BIODEGRADABLE 0
376 148 406 148 406 196 376 196 BIODEGRADABLE 0
318 134 362 134 362 182 318 182 BIODEGRADABLE 0
345 85 389 85 389 139 345 139 BIODEGRADABLE 0
377 112 398 112 398 144 377 144 BIODEGRADABLE 0
361 144 383 144 383 162 361 162 BIODEGRADABLE 0
306 80 353 80 353 132 306 132 BIODEGRADABLE 0
342 66 363 66 363 91 342 91 BIODEGRADABLE 0
351 39 366 39 366 69 351 69 BIODEGRADABLE 0
324 37 351 37 351 80 324 80 BIODEGRADABLE 0
333 7 360 7 360 37 333 37 BIODEGRADABLE 0
318 0 346 0 346 16 318 16 BIODEGRADABLE 0
312 28 338 28 338 71 312 71 BIODEGRADABLE 0
361 71 377 71 377 87 361 87 BIODEGRADABLE 0
366 55 384 55 384 73 366 73 BIODEGRADABLE 0
376 68 398 68 398 96 376 96 BIODEGRADABLE 0
404 80 414 80 414 114.00000000000001 404 114.00000000000001 BIODEGRADABLE 0
398 53 414 53 414 89 398 89 BIODEGRADABLE 0
401 116 415 116 415 144 401 144 BIODEGRADABLE 0
386 32 410 32 410 59.99999999999999 386 59.99999999999999 BIODEGRADABLE 0
407 29.999999999999996 415 29.999999999999996 415 52 407 52 BIODEGRADABLE 0
391 4 415 4 415 32 391 32 BIODEGRADABLE 0
383 0 415 0 415 18 383 18 BIODEGRADABLE 0
367 10 389 10 389 29.999999999999996 367 29.999999999999996 BIODEGRADABLE 0
359 23 387 23 387 55 359 55 BIODEGRADABLE 0
359 1 386 1 386 23 359 23 BIODEGRADABLE 0
348 0 366 0 366 14 348 14 BIODEGRADABLE 0
285 389 309 389 309 414 285 414 BIODEGRADABLE 0
238.99999999999997 382 281 382 281 414 238.99999999999997 414 BIODEGRADABLE 0
194 400 209 400 209 414 194 414 BIODEGRADABLE 0
193 342 235 342 235 414 193 414 BIODEGRADABLE 0
233 346 271 346 271 414 233 414 BIODEGRADABLE 0
150 382 194 382 194 414 150 414 BIODEGRADABLE 0
121.00000000000001 371 155 371 155 414 121.00000000000001 414 BIODEGRADABLE 0
144 357 171 357 171 395 144 395 BIODEGRADABLE 0
171 344 198 344 198 394 171 394 BIODEGRADABLE 0
119.99999999999999 357 142 357 142 382 119.99999999999999 382 BIODEGRADABLE 0
105 380 123 380 123 412 105 412 BIODEGRADABLE 0
96 362 119.99999999999999 362 119.99999999999999 414 96 414 BIODEGRADABLE 0
103 328 131 328 131 371 103 371 BIODEGRADABLE 0
127.00000000000001 298 161 298 161 360 127.00000000000001 360 BIODEGRADABLE 0
153 305 193 305 193 362 153 362 BIODEGRADABLE 0
64 382 96 382 96 414 64 414 BIODEGRADABLE 0
40 396 70 396 70 414 40 414 BIODEGRADABLE 0
12 364 52 364 52 414 12 414 BIODEGRADABLE 0
49 378 67 378 67 400 49 400 BIODEGRADABLE 0
0 382 24 382 24 414 0 414 BIODEGRADABLE 0
0 371 12 371 12 389 0 389 BIODEGRADABLE 0
5 321 43 321 43 371 5 371 BIODEGRADABLE 0
18 286 65 286 65 348 18 348 BIODEGRADABLE 0
50 321 94 321 94 389 50 389 BIODEGRADABLE 0
71 268 118 268 118 343 71 343 BIODEGRADABLE 0
119.99999999999999 278 148 278 148 332 119.99999999999999 332 BIODEGRADABLE 0
146 250 176 250 176 307 146 307 BIODEGRADABLE 0
176 251.99999999999997 211 251.99999999999997 211 314 176 314 BIODEGRADABLE 0
194 309 221 309 221 355 194 355 BIODEGRADABLE 0
212 276 247 276 247 330 212 330 BIODEGRADABLE 0
246 285 286 285 286 337 246 337 BIODEGRADABLE 0
279 310 317 310 317 346 279 346 BIODEGRADABLE 0
256 328 300 328 300 385 256 385 BIODEGRADABLE 0
289 341 323 341 323 384 289 384 BIODEGRADABLE 0
273 244 303 244 303 298 273 298 BIODEGRADABLE 0
290 230 318 230 318 276 290 276 BIODEGRADABLE 0
238 230 274 230 274 284 238 284 BIODEGRADABLE 0
261 212 291 212 291 252.99999999999997 261 252.99999999999997 BIODEGRADABLE 0
282 187 310 187 310 235 282 235 BIODEGRADABLE 0
306 175 332 175 332 207 306 207 BIODEGRADABLE 0
255.00000000000003 155 285 155 285 201 255.00000000000003 201 BIODEGRADABLE 0
236 191 271 191 271 234 236 234 BIODEGRADABLE 0
219 155 251 155 251 205 219 205 BIODEGRADABLE 0
221 198 236 198 236 225.99999999999997 221 225.99999999999997 BIODEGRADABLE 0
211 128 235 128 235 164 211 164 BIODEGRADABLE 0
235 135 263 135 263 173 235 173 BIODEGRADABLE 0
259 119 277 119 277 162 259 162 BIODEGRADABLE 0
275 98 310 98 310 168 275 168 BIODEGRADABLE 0
261 73 297 73 297 121.00000000000001 261 121.00000000000001 BIODEGRADABLE 0
233 105 263 105 263 141 233 141 BIODEGRADABLE 0
225.99999999999997 93 248 93 248 123 225.99999999999997 123 BIODEGRADABLE 0
233 55 260 55 260 96 233 96 BIODEGRADABLE 0
258 43 280 43 280 77 258 77 BIODEGRADABLE 0
288 41 318 41 318 89 288 89 BIODEGRADABLE 0
281 29.999999999999996 301 29.999999999999996 301 52 281 52 BIODEGRADABLE 0
290 11 312 11 312 39 290 39 BIODEGRADABLE 0
284 0 314 0 314 21 284 21 BIODEGRADABLE 0
135 241.00000000000003 157 241.00000000000003 157 275 135 275 BIODEGRADABLE 0
150 196 184 196 184 248 150 248 BIODEGRADABLE 0
177 230 195 230 195 264 177 264 BIODEGRADABLE 0
196 213.99999999999997 225.99999999999997 213.99999999999997 225.99999999999997 264 196 264 BIODEGRADABLE 0
221 230 233 230 233 262 221 262 BIODEGRADABLE 0
194 173 222 173 222 216.00000000000003 194 216.00000000000003 BIODEGRADABLE 0
168 180 198 180 198 230 168 230 BIODEGRADABLE 0
141 162 168 162 168 198 141 198 BIODEGRADABLE 0
167 166 177 166 177 184 167 184 BIODEGRADABLE 0
167 139 191 139 191 173 167 173 BIODEGRADABLE 0
181 152 203 152 203 184 181 184 BIODEGRADABLE 0
194 150 203 150 203 166 194 166 BIODEGRADABLE 0
177 103 203 103 203 144 177 144 BIODEGRADABLE 0
186 87 201 87 201 112 186 112 BIODEGRADABLE 0
200 78 218 78 218 103 200 103 BIODEGRADABLE 0
218 57.00000000000001 234 57.00000000000001 234 93 218 93 BIODEGRADABLE 0
198 50 218 50 218 78 198 78 BIODEGRADABLE 0
213.99999999999997 16 235 16 235 54.00000000000001 213.99999999999997 54.00000000000001 BIODEGRADABLE 0
233 16 252.99999999999997 16 252.99999999999997 50 233 50 BIODEGRADABLE 0
247 37 267 37 267 55 247 55 BIODEGRADABLE 0
251 0 288 0 288 37 251 37 BIODEGRADABLE 0
224 0 256 0 256 18 224 18 BIODEGRADABLE 0
202 0 224 0 224 18 202 18 BIODEGRADABLE 0
189 18 212.99999999999997 18 212.99999999999997 52 189 52 BIODEGRADABLE 0
170 0 202 0 202 32 170 32 BIODEGRADABLE 0
165 94 185 94 185 130 165 130 BIODEGRADABLE 0
147 82 171 82 171 123 147 123 BIODEGRADABLE 0
167 50 194 50 194 93 167 93 BIODEGRADABLE 0
152 34 176 34 176 75 152 75 BIODEGRADABLE 0
161 12 188 12 188 53 161 53 BIODEGRADABLE 0
150 0 172 0 172 18 150 18 BIODEGRADABLE 0
136 0 154 0 154 9 136 9 BIODEGRADABLE 0
135 111 157 111 157 141 135 141 BIODEGRADABLE 0
137 134 164 134 164 168 137 168 BIODEGRADABLE 0
117 157 141 157 141 191 117 191 BIODEGRADABLE 0
117 177 138 177 138 205 117 205 BIODEGRADABLE 0
123 191 150 191 150 238.99999999999997 123 238.99999999999997 BIODEGRADABLE 0
108.00000000000001 202 134 202 134 250 108.00000000000001 250 BIODEGRADABLE 0
112 232 136 232 136 275 112 275 BIODEGRADABLE 0
76 194 114.00000000000001 194 114.00000000000001 252.99999999999997 76 252.99999999999997 BIODEGRADABLE 0
47 235 89 235 89 305 47 305 BIODEGRADABLE 0
6 228.00000000000003 47 228.00000000000003 47 296 6 296 BIODEGRADABLE 0
0 257 20 257 20 321 0 321 BIODEGRADABLE 0
0 321 3 321 3 343 0 343 BIODEGRADABLE 0
0 0 14 0 14 43 0 43 BIODEGRADABLE 0
8 14 36 14 36 50 8 50 BIODEGRADABLE 0
18 25 59 25 59 75 18 75 BIODEGRADABLE 0
0 52 27.000000000000004 52 27.000000000000004 109 0 109 BIODEGRADABLE 0
23 71 64 71 64 112 23 112 BIODEGRADABLE 0
20 105 58 105 58 148 20 148 BIODEGRADABLE 0
33 121.00000000000001 83 121.00000000000001 83 187 33 187 BIODEGRADABLE 0
73 105 112.99999999999999 105 112.99999999999999 167 73 167 BIODEGRADABLE 0
59 95 79 95 79 123 59 123 BIODEGRADABLE 0
0 105 18 105 18 141 0 141 BIODEGRADABLE 0
0 132 32 132 32 186 0 186 BIODEGRADABLE 0
14 176 56 176 56 230 14 230 BIODEGRADABLE 0
59 164 97 164 97 210 59 210 BIODEGRADABLE 0
0 182 12 182 12 236 0 236 BIODEGRADABLE 0
99 139 123 139 123 177 99 177 BIODEGRADABLE 0
114.00000000000001 84 136 84 136 132 114.00000000000001 132 BIODEGRADABLE 0
119.99999999999999 66 152 66 152 109 119.99999999999999 109 BIODEGRADABLE 0
133 48 151 48 151 73 133 73 BIODEGRADABLE 0
99 78 121.00000000000001 78 121.00000000000001 114.00000000000001 99 114.00000000000001 BIODEGRADABLE 0
78 89 100 89 100 109 78 109 BIODEGRADABLE 0
78 57.00000000000001 108.00000000000001 57.00000000000001 108.00000000000001 91 78 91 BIODEGRADABLE 0
99 34 119.99999999999999 34 119.99999999999999 64 99 64 BIODEGRADABLE 0
109 5 135 5 135 39 109 39 BIODEGRADABLE 0
119.99999999999999 29.999999999999996 140 29.999999999999996 140 62 119.99999999999999 62 BIODEGRADABLE 0
100 0 127.00000000000001 0 127.00000000000001 18 100 18 BIODEGRADABLE 0
59 10 86 10 86 46 59 46 BIODEGRADABLE 0
56 43 80 43 80 73 56 73 BIODEGRADABLE 0
88 17 102 17 102 39 88 39 BIODEGRADABLE 0
88 0 102 0 102 14 88 14 BIODEGRADABLE 0
46 0 87 0 87 16 46 16 BIODEGRADABLE 0
23 0 47 0 47 18 23 18 BIODEGRADABLE 0
0 0 415 0 415 414 0 414 BIODEGRADABLE 0