20 57.00000000000001 70 57.00000000000001 70 212.99999999999997 20 212.99999999999997 BIODEGRADABLE 0
2 94 46 94 46 216.00000000000003 2 216.00000000000003 BIODEGRADABLE 0
2 178 52 178 52 228.00000000000003 2 228.00000000000003 BIODEGRADABLE 0
50 191 84 191 84 245 50 245 BIODEGRADABLE 0
35 233 62.99999999999999 233 62.99999999999999 275 35 275 BIODEGRADABLE 0
53 243 79 243 79 277 53 277 BIODEGRADABLE 0
75 208 103 208 103 258 75 258 BIODEGRADABLE 0
97 208 115 208 115 238 97 238 BIODEGRADABLE 0
18 0 143 0 143 104 18 104 BIODEGRADABLE 0
49 95 75 95 75 201 49 201 BIODEGRADABLE 0
68 80 114.00000000000001 80 114.00000000000001 179 68 179 BIODEGRADABLE 0
58 137 82 137 82 169 58 169 BIODEGRADABLE 0
56 166 98 166 98 208 56 208 BIODEGRADABLE 0
79 258 93 258 93 278 79 278 BIODEGRADABLE 0
92 236 119.99999999999999 236 119.99999999999999 280 92 280 BIODEGRADABLE 0
111 216.00000000000003 136 216.00000000000003 136 252.99999999999997 111 252.99999999999997 BIODEGRADABLE 0
128 228.00000000000003 156 228.00000000000003 156 258 128 258 BIODEGRADABLE 0
127.00000000000001 245 153 245 153 277 127.00000000000001 277 BIODEGRADABLE 0
117 265 128 265 128 277 117 277 BIODEGRADABLE 0
153 250 174 250 174 277 153 277 BIODEGRADABLE 0
155 228.00000000000003 179 228.00000000000003 179 258 155 258 BIODEGRADABLE 0
158 184 190 184 190 228.00000000000003 158 228.00000000000003 BIODEGRADABLE 0
178 212.99999999999997 212 212.99999999999997 212 252.99999999999997 178 252.99999999999997 BIODEGRADABLE 0
175 239.99999999999997 209 239.99999999999997 209 292 175 292 BIODEGRADABLE 0
188 285 218 285 218 322 188 322 BIODEGRADABLE 0
202 258 222 258 222 300 202 300 BIODEGRADABLE 0
21 273 182 273 182 307 21 307 BIODEGRADABLE 0
10 298 202 298 202 342 10 342 BIODEGRADABLE 0
44 324 218 324 218 364 44 364 BIODEGRADABLE 0
27.000000000000004 340 225 340 225 414 27.000000000000004 414 BIODEGRADABLE 0
222 270 400 270 400 320 222 320 BIODEGRADABLE 0
218 305 278 305 278 330 218 330 BIODEGRADABLE 0
186 317 374 317 374 342 186 342 BIODEGRADABLE 0
232 344 365 344 365 374 232 374 BIODEGRADABLE 0
187 203 297 203 297 277 187 277 BIODEGRADABLE 0
262 223 296 223 296 265 262 265 BIODEGRADABLE 0
213.99999999999997 196 270 196 270 256 213.99999999999997 256 BIODEGRADABLE 0
189 161 228.00000000000003 161 228.00000000000003 212.99999999999997 189 212.99999999999997 BIODEGRADABLE 0
171 112 275 112 275 186 171 186 BIODEGRADABLE 0
158 90 212 90 212 154 158 154 BIODEGRADABLE 0
146 82 168 82 168 125.99999999999999 146 125.99999999999999 BIODEGRADABLE 0
114.00000000000001 74 153 74 153 141 114.00000000000001 141 BIODEGRADABLE 0
100 102 116 102 116 124 100 124 BIODEGRADABLE 0
92 122 122 122 122 164 92 164 BIODEGRADABLE 0
158 38 194 38 194 82 158 82 BIODEGRADABLE 0
140 33 165 33 165 70 140 70 BIODEGRADABLE 0
135 22 151 22 151 42 135 42 BIODEGRADABLE 0
179 22 201 22 201 47 179 47 BIODEGRADABLE 0
195 35 225 35 225 75 195 75 BIODEGRADABLE 0
212 0 333 0 333 75 212 75 BIODEGRADABLE 0
225.99999999999997 35 264 35 264 85 225.99999999999997 85 BIODEGRADABLE 0
207 75 247 75 247 119 207 119 BIODEGRADABLE 0
246 47 332 47 332 149 246 149 BIODEGRADABLE 0
328 13 416 13 416 263 328 263 BIODEGRADABLE 0
333 131 387 131 387 223 333 223 BIODEGRADABLE 0
293 196 355 196 355 295 293 295 BIODEGRADABLE 0
354 206 412 206 412 302 354 302 BIODEGRADABLE 0
231 139 289 139 289 211 231 211 BIODEGRADABLE 0
280 121.00000000000001 330 121.00000000000001 330 171 280 171 BIODEGRADABLE 0
260 127.00000000000001 292 127.00000000000001 292 171 260 171 BIODEGRADABLE 0
283 161 321 161 321 212.99999999999997 283 212.99999999999997 BIODEGRADABLE 0