112.99999999999999 35 173 35 173 78 112.99999999999999 78 BIODEGRADABLE 0
141 26 191 26 191 64 141 64 BIODEGRADABLE 0
189 51 223 51 223 81 189 81 BIODEGRADABLE 0
76 58 146 58 146 106.99999999999999 76 106.99999999999999 BIODEGRADABLE 0
96 81 161 81 161 124 96 124 BIODEGRADABLE 0
154 76 193 76 193 111 154 111 BIODEGRADABLE 0
212.99999999999997 82 247 82 247 110 212.99999999999997 110 BIODEGRADABLE 0
182 109 260 109 260 143 182 143 BIODEGRADABLE 0
182 92 234 92 234 127.00000000000001 182 127.00000000000001 BIODEGRADABLE 0
258 112.99999999999999 280 112.99999999999999 280 148 258 148 BIODEGRADABLE 0
195 135 258 135 258 183 195 183 BIODEGRADABLE 0
128 151 198 151 198 199 128 199 BIODEGRADABLE 0
132 116 197 116 197 154 132 154 BIODEGRADABLE 0
62.99999999999999 111 130 111 130 157 62.99999999999999 157 BIODEGRADABLE 0
61 162 137 162 137 218 61 218 BIODEGRADABLE 0
115 191 175 191 175 239.99999999999997 115 239.99999999999997 BIODEGRADABLE 0
74 212.99999999999997 139 212.99999999999997 139 252.99999999999997 74 252.99999999999997 BIODEGRADABLE 0
83 252.99999999999997 161 252.99999999999997 161 299 83 299 BIODEGRADABLE 0
135 230 198 230 198 273 135 273 BIODEGRADABLE 0
171 182 247 182 247 248 171 248 BIODEGRADABLE 0
135 270 215.00000000000003 270 215.00000000000003 324 135 324 BIODEGRADABLE 0
95 297 145 297 145 323 95 323 BIODEGRADABLE 0
115 322 187 322 187 370 115 370 BIODEGRADABLE 0
185 313 243 313 243 361 185 361 BIODEGRADABLE 0
145 356 210 356 210 400 145 400 BIODEGRADABLE 0
182 359 232 359 232 402 182 402 BIODEGRADABLE 0
241.00000000000003 322 269 322 269 346 241.00000000000003 346 BIODEGRADABLE 0
212 294 262 294 262 322 212 322 BIODEGRADABLE 0
212.99999999999997 267 243 267 243 297 212.99999999999997 297 BIODEGRADABLE 0
235 225.99999999999997 295 225.99999999999997 295 275 235 275 BIODEGRADABLE 0
243 275 275 275 275 294 243 294 BIODEGRADABLE 0
292 234 310 234 310 254.00000000000003 292 254.00000000000003 BIODEGRADABLE 0
261 192 321 192 321 230 261 230 BIODEGRADABLE 0
232 176 273 176 273 210 232 210 BIODEGRADABLE 0
258 148 295 148 295 190 258 190 BIODEGRADABLE 0