2 291 32 291 32 385 2 385 BIODEGRADABLE 0
19 374 37 374 37 385 19 385 BIODEGRADABLE 0
21 346 53 346 53 386 21 386 BIODEGRADABLE 0
24 282 116 282 116 386 24 386 BIODEGRADABLE 0
75 344 131 344 131 388 75 388 BIODEGRADABLE 0
122 341 202 341 202 385 122 385 BIODEGRADABLE 0
180 291 270 291 270 385 180 385 BIODEGRADABLE 0
271 335 332 335 332 385 271 385 BIODEGRADABLE 0
332 348 396 348 396 386 332 386 BIODEGRADABLE 0
367 279 415 279 415 387 367 387 BIODEGRADABLE 0
321 260 387 260 387 348 321 348 BIODEGRADABLE 0
249 218 324 218 324 339 249 339 BIODEGRADABLE 0
168 238 256 238 256 337 168 337 BIODEGRADABLE 0
180 187 248 187 248 239.99999999999997 180 239.99999999999997 BIODEGRADABLE 0
103 260 175 260 175 344 103 344 BIODEGRADABLE 0
56 244 109 244 109 306 56 306 BIODEGRADABLE 0
2 226.99999999999997 61 226.99999999999997 61 313 2 313 BIODEGRADABLE 0
1 205 25 205 25 251 1 251 BIODEGRADABLE 0
50 174 116 174 116 247 50 247 BIODEGRADABLE 0
109 211 131 211 131 251 109 251 BIODEGRADABLE 0
110 212 178 212 178 269 110 269 BIODEGRADABLE 0
147 172 183 172 183 239.99999999999997 147 239.99999999999997 BIODEGRADABLE 0
104 137 159 137 159 213.99999999999997 104 213.99999999999997 BIODEGRADABLE 0
90 75 134 75 134 163 90 163 BIODEGRADABLE 0
1 68 103 68 103 216.00000000000003 1 216.00000000000003 BIODEGRADABLE 0
129 38 217 38 217 176 129 176 BIODEGRADABLE 0
183 141 238.99999999999997 141 238.99999999999997 203 183 203 BIODEGRADABLE 0
238.99999999999997 176 284 176 284 233 238.99999999999997 233 BIODEGRADABLE 0
281 205 315 205 315 243 281 243 BIODEGRADABLE 0
284 161 318 161 318 211 284 211 BIODEGRADABLE 0
314 141 348 141 348 185 314 185 BIODEGRADABLE 0
302 187 354 187 354 252.99999999999997 302 252.99999999999997 BIODEGRADABLE 0
353 229.00000000000003 415 229.00000000000003 415 286 353 286 BIODEGRADABLE 0
358 136 415 136 415 241.00000000000003 358 241.00000000000003 BIODEGRADABLE 0
329 106 367 106 367 152 329 152 BIODEGRADABLE 0
231 20 340 20 340 183 231 183 BIODEGRADABLE 0
213.99999999999997 115 232 115 232 141 213.99999999999997 141 BIODEGRADABLE 0
213.99999999999997 12 252.99999999999997 12 252.99999999999997 106 213.99999999999997 106 BIODEGRADABLE 0
203 40 225 40 225 95 203 95 BIODEGRADABLE 0
187 1 248 1 248 71 187 71 BIODEGRADABLE 0
183 5 200 5 200 38 183 38 BIODEGRADABLE 0
129 1 189 1 189 49 129 49 BIODEGRADABLE 0
153 9 173 9 173 35 153 35 BIODEGRADABLE 0
142 20 158 20 158 40 142 40 BIODEGRADABLE 0
119.99999999999999 40 142 40 142 68 119.99999999999999 68 BIODEGRADABLE 0
100 36 124 36 124 82 100 82 BIODEGRADABLE 0
22 1 72 1 72 49 22 49 BIODEGRADABLE 0
11 14 24 14 24 40 11 40 BIODEGRADABLE 0
1 1 32 1 32 44 1 44 BIODEGRADABLE 0
2 42 29 42 29 84 2 84 BIODEGRADABLE 0
28 51 72 51 72 73 28 73 BIODEGRADABLE 0
69 31 85 31 85 62 69 62 BIODEGRADABLE 0
71 48 105 48 105 86 71 86 BIODEGRADABLE 0
72 20 100 20 100 55 72 55 BIODEGRADABLE 0
93 1 136 1 136 35 93 35 BIODEGRADABLE 0
72 1 98 1 98 31 72 31 BIODEGRADABLE 0
133 1 189 1 189 38 133 38 BIODEGRADABLE 0
250 1 334 1 334 55 250 55 BIODEGRADABLE 0
337 71 368 71 368 106 337 106 BIODEGRADABLE 0
363 14.999999999999998 415 14.999999999999998 415 168 363 168 BIODEGRADABLE 0
337 53 376 53 376 75 337 75 BIODEGRADABLE 0
343 1 380 1 380 35 343 35 BIODEGRADABLE 0
326 1 348 1 348 7 326 7 BIODEGRADABLE 0
372 1 415 1 415 39 372 39 BIODEGRADABLE 0
301 1 405 1 405 64 301 64 BIODEGRADABLE 0
0 1 415 1 415 389 0 389 BIODEGRADABLE 0