212.99999999999997 119.99999999999999 277 119.99999999999999 277 196 212.99999999999997 196 BIODEGRADABLE 0
265 95 339 95 339 183 265 183 BIODEGRADABLE 0
263 181 307 181 307 205 263 205 BIODEGRADABLE 0
301 183 333 183 333 207 301 207 BIODEGRADABLE 0
324 148 411 148 411 207 324 207 BIODEGRADABLE 0
329 58 414 58 414 150 329 150 BIODEGRADABLE 0
248 50 328 50 328 119.99999999999999 248 119.99999999999999 BIODEGRADABLE 0
290 1 339 1 339 59 290 59 BIODEGRADABLE 0
322 4 404 4 404 78 322 78 BIODEGRADABLE 0
215.00000000000003 218 315 218 315 314 215.00000000000003 314 BIODEGRADABLE 0
300 243 396 243 396 335 300 335 BIODEGRADABLE 0
0 271 156 271 156 415 0 415 BIODEGRADABLE 0
137 350 229.00000000000003 350 229.00000000000003 414 137 414 BIODEGRADABLE 0
228.00000000000003 322 316 322 316 409 228.00000000000003 409 BIODEGRADABLE 0
302 337 392 337 392 415 302 415 BIODEGRADABLE 0
156 272 246 272 246 366 156 366 BIODEGRADABLE 0
96 226.99999999999997 170 226.99999999999997 170 307 96 307 BIODEGRADABLE 0
159 210 257 210 257 250 159 250 BIODEGRADABLE 0
26 209 109 209 109 285 26 285 BIODEGRADABLE 0
89 209 155 209 155 231 89 231 BIODEGRADABLE 0
1 215.00000000000003 43 215.00000000000003 43 304 1 304 BIODEGRADABLE 0
115 124 133 124 133 144 115 144 BIODEGRADABLE 0
134 132 150 132 150 148 134 148 BIODEGRADABLE 0
148 137 161 137 161 153 148 153 BIODEGRADABLE 0
97 135 115 135 115 153 97 153 BIODEGRADABLE 0
83 137 98 137 98 148 83 148 BIODEGRADABLE 0
58 137 80 137 80 153 58 153 BIODEGRADABLE 0
41 143 57.00000000000001 143 57.00000000000001 158 41 158 BIODEGRADABLE 0
38 124 54.00000000000001 124 54.00000000000001 139 38 139 BIODEGRADABLE 0
21 119.99999999999999 37 119.99999999999999 37 135 21 135 BIODEGRADABLE 0
58 124 71 124 71 139 58 139 BIODEGRADABLE 0
71 119 89 119 89 137 71 137 BIODEGRADABLE 0
89 118 106.99999999999999 118 106.99999999999999 133 89 133 BIODEGRADABLE 0
8 95 28 95 28 108.00000000000001 8 108.00000000000001 BIODEGRADABLE 0
23 85 43 85 43 106.99999999999999 23 106.99999999999999 BIODEGRADABLE 0
41 80 61 80 61 100 41 100 BIODEGRADABLE 0
61 75 81 75 81 91 61 91 BIODEGRADABLE 0
91 62.99999999999999 109 62.99999999999999 109 83 91 83 BIODEGRADABLE 0
115 62.99999999999999 133 62.99999999999999 133 78 115 78 BIODEGRADABLE 0
80 98 98 98 98 112.99999999999999 80 112.99999999999999 BIODEGRADABLE 0
102 93 119.99999999999999 93 119.99999999999999 109 102 109 BIODEGRADABLE 0
115 91 133 91 133 109 115 109 BIODEGRADABLE 0
132 82 148 82 148 100 132 100 BIODEGRADABLE 0
141 86 163 86 163 104 141 104 BIODEGRADABLE 0
150 82 174 82 174 95 150 95 BIODEGRADABLE 0
165 83 189 83 189 106.99999999999999 165 106.99999999999999 BIODEGRADABLE 0
185 89 198 89 198 102 185 102 BIODEGRADABLE 0
73 1 93 1 93 17 73 17 BIODEGRADABLE 0
104 0 119.99999999999999 0 119.99999999999999 4 104 4 BIODEGRADABLE 0
119.99999999999999 0 133 0 133 4 119.99999999999999 4 BIODEGRADABLE 0
137 0 152 0 152 6 137 6 BIODEGRADABLE 0
2 17 11 17 11 28 2 28 BIODEGRADABLE 0
292 211 414 211 414 270 292 270 BIODEGRADABLE 0