109 50 243 50 243 157 109 157 BIODEGRADABLE 0
123 134 147 134 147 162 123 162 BIODEGRADABLE 0
99 114.00000000000001 123 114.00000000000001 123 155 99 155 BIODEGRADABLE 0
111 143 161 143 161 184 111 184 BIODEGRADABLE 0
144 155 176 155 176 177 144 177 BIODEGRADABLE 0
159 169 177 169 177 189 159 189 BIODEGRADABLE 0
122 182 168 182 168 200 122 200 BIODEGRADABLE 0
95 162 127.00000000000001 162 127.00000000000001 210 95 210 BIODEGRADABLE 0
112 200 133 200 133 230 112 230 BIODEGRADABLE 0
129 194 159 194 159 228.00000000000003 129 228.00000000000003 BIODEGRADABLE 0
155 198 167 198 167 232 155 232 BIODEGRADABLE 0
157 196 191 196 191 237 157 237 BIODEGRADABLE 0
170 168 194 168 194 200 170 200 BIODEGRADABLE 0
174 182 209 182 209 273 174 273 BIODEGRADABLE 0
138 218 196 218 196 298 138 298 BIODEGRADABLE 0
117 229.00000000000003 137 229.00000000000003 137 257 117 257 BIODEGRADABLE 0
134 230 150 230 150 248 134 248 BIODEGRADABLE 0
129 238.99999999999997 153 238.99999999999997 153 269 129 269 BIODEGRADABLE 0
124 269 136 269 136 289 124 289 BIODEGRADABLE 0
101 282 159 282 159 339 101 339 BIODEGRADABLE 0
159 282 202 282 202 334 159 334 BIODEGRADABLE 0
130 307 167 307 167 357 130 357 BIODEGRADABLE 0
145 328 185 328 185 380 145 380 BIODEGRADABLE 0
71 266 108.00000000000001 266 108.00000000000001 316 71 316 BIODEGRADABLE 0
98 248 133 248 133 296 98 296 BIODEGRADABLE 0
82 230 117 230 117 268 82 268 BIODEGRADABLE 0
58 255.00000000000003 84 255.00000000000003 84 302 58 302 BIODEGRADABLE 0
73 225 89 225 89 255.00000000000003 73 255.00000000000003 BIODEGRADABLE 0
32 232 73 232 73 291 32 291 BIODEGRADABLE 0
17 305 41 305 41 346 17 346 BIODEGRADABLE 0
38 300 54.00000000000001 300 54.00000000000001 334 38 334 BIODEGRADABLE 0
51 339 62 339 62 359 51 359 BIODEGRADABLE 0
61 343 69 343 69 359 61 359 BIODEGRADABLE 0
68 344 82 344 82 366 68 366 BIODEGRADABLE 0
97 344 106 344 106 362 97 362 BIODEGRADABLE 0
106 348 118 348 118 366 106 366 BIODEGRADABLE 0
124 357 136 357 136 375 124 375 BIODEGRADABLE 0
138 360 147 360 147 380 138 380 BIODEGRADABLE 0
58 321 74 321 74 346 58 346 BIODEGRADABLE 0
50 291 106 291 106 341 50 341 BIODEGRADABLE 0
167 137 197 137 197 175 167 175 BIODEGRADABLE 0
197 139 226.99999999999997 139 226.99999999999997 159 197 159 BIODEGRADABLE 0
197 155 268 155 268 193 197 193 BIODEGRADABLE 0
226.99999999999997 134 254.00000000000003 134 254.00000000000003 162 226.99999999999997 162 BIODEGRADABLE 0
257 119 351 119 351 187 257 187 BIODEGRADABLE 0
327 187 387 187 387 280 327 280 BIODEGRADABLE 0
271 164 337 164 337 228.00000000000003 271 228.00000000000003 BIODEGRADABLE 0
220 184 268 184 268 243 220 243 BIODEGRADABLE 0
208 180 225.99999999999997 180 225.99999999999997 248 208 248 BIODEGRADABLE 0
197 237 263 237 263 305 197 305 BIODEGRADABLE 0
200 298 213.99999999999997 298 213.99999999999997 320 200 320 BIODEGRADABLE 0
215.00000000000003 289 231 289 231 317 215.00000000000003 317 BIODEGRADABLE 0
226.99999999999997 266 245 266 245 296 226.99999999999997 296 BIODEGRADABLE 0
239.99999999999997 251.99999999999997 262 251.99999999999997 262 280 239.99999999999997 280 BIODEGRADABLE 0
256 245 266 245 266 273 256 273 BIODEGRADABLE 0
263 234 277 234 277 262 263 262 BIODEGRADABLE 0
262 219 288 219 288 238.99999999999997 262 238.99999999999997 BIODEGRADABLE 0
277 229.00000000000003 291 229.00000000000003 291 257 277 257 BIODEGRADABLE 0
287 225.99999999999997 301 225.99999999999997 301 248 287 248 BIODEGRADABLE 0
270 262 279 262 279 280 270 280 BIODEGRADABLE 0
279 255.00000000000003 295 255.00000000000003 295 275 279 275 BIODEGRADABLE 0
289 242.00000000000003 304 242.00000000000003 304 264 289 264 BIODEGRADABLE 0
305 238.99999999999997 315 238.99999999999997 315 259 305 259 BIODEGRADABLE 0
314 232 324 232 324 248 314 248 BIODEGRADABLE 0
298 221 319 221 319 241.00000000000003 298 241.00000000000003 BIODEGRADABLE 0
321 225 337 225 337 248 321 248 BIODEGRADABLE 0
335 238.99999999999997 350 238.99999999999997 350 267 335 267 BIODEGRADABLE 0
345 232 357 232 357 260 345 260 BIODEGRADABLE 0
277 273 291 273 291 293 277 293 BIODEGRADABLE 0
298 261 313 261 313 273 298 273 BIODEGRADABLE 0
313 251.99999999999997 339 251.99999999999997 339 280 313 280 BIODEGRADABLE 0
326 273 353 273 353 316 326 316 BIODEGRADABLE 0
342 259 370 259 370 307 342 307 BIODEGRADABLE 0
353 300 371 300 371 346 353 346 BIODEGRADABLE 0
362 342 377 342 377 364 362 364 BIODEGRADABLE 0
372 337 387 337 387 362 372 362 BIODEGRADABLE 0
368 301 395 301 395 339 368 339 BIODEGRADABLE 0
389 335 404 335 404 355 389 355 BIODEGRADABLE 0
383 289 405 289 405 325 383 325 BIODEGRADABLE 0
368 282 388 282 388 312 368 312 BIODEGRADABLE 0
286 198 301 198 301 225.99999999999997 286 225.99999999999997 BIODEGRADABLE 0
307 209 325 209 325 230 307 230 BIODEGRADABLE 0
321 198 337 198 337 219 321 219 BIODEGRADABLE 0
282 180 298 180 298 198 282 198 BIODEGRADABLE 0
296 171 306 171 306 191 296 191 BIODEGRADABLE 0
304 173 316 173 316 198 304 198 BIODEGRADABLE 0
316 184 325 184 325 198 316 198 BIODEGRADABLE 0
285 166 294 166 294 178 285 178 BIODEGRADABLE 0
273 173 282 173 282 193 273 193 BIODEGRADABLE 0
332 314 360 314 360 352 332 352 BIODEGRADABLE 0
337 348 357 348 357 368 337 368 BIODEGRADABLE 0
327 355 343 355 343 380 327 380 BIODEGRADABLE 0
307 323 339 323 339 377 307 377 BIODEGRADABLE 0
304 284 336 284 336 327 304 327 BIODEGRADABLE 0
313 250 340 250 340 278 313 278 BIODEGRADABLE 0
288 273 318 273 318 314 288 314 BIODEGRADABLE 0
274 287 300 287 300 330 274 330 BIODEGRADABLE 0
275 325 309 325 309 384 275 384 BIODEGRADABLE 0
258 307 288 307 288 350 258 350 BIODEGRADABLE 0
248 273 274 273 274 319 248 319 BIODEGRADABLE 0
235 296 257 296 257 332 235 332 BIODEGRADABLE 0
252.99999999999997 346 280 346 280 389 252.99999999999997 389 BIODEGRADABLE 0
178 330 230 330 230 358 178 358 BIODEGRADABLE 0
189 319 233 319 233 369 189 369 BIODEGRADABLE 0
182 327 229.00000000000003 327 229.00000000000003 341 182 341 BIODEGRADABLE 0
232 323 260 323 260 341 232 341 BIODEGRADABLE 0
232 339 250 339 250 361 232 361 BIODEGRADABLE 0
230 357 248 357 248 371 230 371 BIODEGRADABLE 0
188 371 250 371 250 385 188 385 BIODEGRADABLE 0