305 286 414 286 414 321 305 321 BIODEGRADABLE 0
282 294 386 294 386 342 282 342 BIODEGRADABLE 0
248 291 266 291 266 305 248 305 BIODEGRADABLE 0
260 280 282 280 282 292 260 292 BIODEGRADABLE 0
264 268 282 268 282 283 264 283 BIODEGRADABLE 0
237 272 259 272 259 292 237 292 BIODEGRADABLE 0
243 259 268 259 268 274 243 274 BIODEGRADABLE 0
266 251 282 251 282 266 266 266 BIODEGRADABLE 0
216.00000000000003 261 246 261 246 276 216.00000000000003 276 BIODEGRADABLE 0
212 271 234 271 234 283 212 283 BIODEGRADABLE 0
225.99999999999997 251.99999999999997 246 251.99999999999997 246 262 225.99999999999997 262 BIODEGRADABLE 0
243 244 271 244 271 258 243 258 BIODEGRADABLE 0
228.00000000000003 238 248 238 248 252.99999999999997 228.00000000000003 252.99999999999997 BIODEGRADABLE 0
191 256 216.00000000000003 256 216.00000000000003 270 191 270 BIODEGRADABLE 0
200 238.99999999999997 228.00000000000003 238.99999999999997 228.00000000000003 257 200 257 BIODEGRADABLE 0
173 243 203 243 203 259 173 259 BIODEGRADABLE 0
182 217 207 217 207 241.00000000000003 182 241.00000000000003 BIODEGRADABLE 0
207 221 226.99999999999997 221 226.99999999999997 238.99999999999997 207 238.99999999999997 BIODEGRADABLE 0
167 225.99999999999997 189 225.99999999999997 189 244 167 244 BIODEGRADABLE 0
223 224 266 224 266 251 223 251 BIODEGRADABLE 0
232 218 273 218 273 245 232 245 BIODEGRADABLE 0
246 215.00000000000003 280 215.00000000000003 280 249 246 249 BIODEGRADABLE 0
262 216.00000000000003 378 216.00000000000003 378 256 262 256 BIODEGRADABLE 0
316 197 344 197 344 235 316 235 BIODEGRADABLE 0
341 209 409 209 409 245 341 245 BIODEGRADABLE 0
353 203 375 203 375 212.99999999999997 353 212.99999999999997 BIODEGRADABLE 0
396 188 414 188 414 204 396 204 BIODEGRADABLE 0
398 173 414 173 414 193 398 193 BIODEGRADABLE 0
405 161 414 161 414 171 405 171 BIODEGRADABLE 0
376 182 396 182 396 188 376 188 BIODEGRADABLE 0
376 172 398 172 398 180 376 180 BIODEGRADABLE 0
384 165 412 165 412 175 384 175 BIODEGRADABLE 0
221 158 325 158 325 205 221 205 BIODEGRADABLE 0
319 180 394 180 394 194 319 194 BIODEGRADABLE 0
346 167 380 167 380 177 346 177 BIODEGRADABLE 0
311 172 339 172 339 180 311 180 BIODEGRADABLE 0
314 160 339 160 339 171 314 171 BIODEGRADABLE 0
362 138 414 138 414 165 362 165 BIODEGRADABLE 0
319 133 371 133 371 157 319 157 BIODEGRADABLE 0
282 129 339 129 339 147 282 147 BIODEGRADABLE 0
250 94 328 94 328 135 250 135 BIODEGRADABLE 0
316 92 357 92 357 112 316 112 BIODEGRADABLE 0
323 111 348 111 348 125.99999999999999 323 125.99999999999999 BIODEGRADABLE 0
343 115 373 115 373 130 343 130 BIODEGRADABLE 0
375 108.00000000000001 403 108.00000000000001 403 125.99999999999999 375 125.99999999999999 BIODEGRADABLE 0
373 123 403 123 403 135 373 135 BIODEGRADABLE 0
402 112 414 112 414 138 402 138 BIODEGRADABLE 0
396 97 414 97 414 118 396 118 BIODEGRADABLE 0
371 94 403 94 403 108.00000000000001 371 108.00000000000001 BIODEGRADABLE 0
351 105 389 105 389 117 351 117 BIODEGRADABLE 0
341 84 377 84 377 102 341 102 BIODEGRADABLE 0
371 64 414 64 414 99 371 99 BIODEGRADABLE 0
202 48 366 48 366 97 202 97 BIODEGRADABLE 0
376 2 414 2 414 56 376 56 BIODEGRADABLE 0
282 2 373 2 373 55 282 55 BIODEGRADABLE 0
193 2 289 2 289 61 193 61 BIODEGRADABLE 0
114.00000000000001 59 217 59 217 117 114.00000000000001 117 BIODEGRADABLE 0
1 54.00000000000001 118 54.00000000000001 118 121.00000000000001 1 121.00000000000001 BIODEGRADABLE 0
1 0 196 0 196 61 1 61 BIODEGRADABLE 0
29.999999999999996 272 123 272 123 286 29.999999999999996 286 BIODEGRADABLE 0
32 257 152 257 152 275 32 275 BIODEGRADABLE 0
27.000000000000004 251 150 251 150 271 27.000000000000004 271 BIODEGRADABLE 0
29 239.99999999999997 157 239.99999999999997 157 262 29 262 BIODEGRADABLE 0
145 251 173 251 173 260 145 260 BIODEGRADABLE 0
73 115 121.00000000000001 115 121.00000000000001 132 73 132 BIODEGRADABLE 0
87 102 128 102 128 119.99999999999999 87 119.99999999999999 BIODEGRADABLE 0
71 125.99999999999999 106.99999999999999 125.99999999999999 106.99999999999999 141 71 141 BIODEGRADABLE 0
29.999999999999996 129 68 129 68 147 29.999999999999996 147 BIODEGRADABLE 0
37 117 71 117 71 135 37 135 BIODEGRADABLE 0
1 121.00000000000001 28 121.00000000000001 28 140 1 140 BIODEGRADABLE 0
2 105 29.999999999999996 105 29.999999999999996 127.00000000000001 2 127.00000000000001 BIODEGRADABLE 0
1 134 34 134 34 159 1 159 BIODEGRADABLE 0
34 141 80 141 80 171 34 171 BIODEGRADABLE 0
7 159 41 159 41 181 7 181 BIODEGRADABLE 0
2 170 68 170 68 208 2 208 BIODEGRADABLE 0
123 182 189 182 189 203 123 203 BIODEGRADABLE 0
141 180 205 180 205 201 141 201 BIODEGRADABLE 0
139 133 205 133 205 154 139 154 BIODEGRADABLE 0
159 127.00000000000001 223 127.00000000000001 223 141 159 141 BIODEGRADABLE 0
159 152 209 152 209 173 159 173 BIODEGRADABLE 0
109 191 209 191 209 223 109 223 BIODEGRADABLE 0
79 150 132 150 132 188 79 188 BIODEGRADABLE 0
75 159 116 159 116 190 75 190 BIODEGRADABLE 0
68 170 109 170 109 197 68 197 BIODEGRADABLE 0
62 177 119 177 119 198 62 198 BIODEGRADABLE 0
96 138 164 138 164 184 96 184 BIODEGRADABLE 0
91 195 123 195 123 210 91 210 BIODEGRADABLE 0
118 208 146 208 146 225.99999999999997 118 225.99999999999997 BIODEGRADABLE 0
89 213.99999999999997 121.00000000000001 213.99999999999997 121.00000000000001 232 89 232 BIODEGRADABLE 0
71 220 93 220 93 238 71 238 BIODEGRADABLE 0
71 200 96 200 96 220 71 220 BIODEGRADABLE 0
7 203 77 203 77 238.99999999999997 7 238.99999999999997 BIODEGRADABLE 0
98 235 128 235 128 249 98 249 BIODEGRADABLE 0
75 235 93 235 93 246 75 246 BIODEGRADABLE 0
55 242.00000000000003 82 242.00000000000003 82 251 55 251 BIODEGRADABLE 0
29.999999999999996 238.99999999999997 59.99999999999999 238.99999999999997 59.99999999999999 251 29.999999999999996 251 BIODEGRADABLE 0
132 224 152 224 152 238 132 238 BIODEGRADABLE 0