142 174 236 174 236 208 142 208 BIODEGRADABLE 0
164 118 278 118 278 170 164 170 BIODEGRADABLE 0
103 31 197 31 197 71 103 71 BIODEGRADABLE 0
175 22 211 22 211 40 175 40 BIODEGRADABLE 0
83 1 161 1 161 27.000000000000004 83 27.000000000000004 BIODEGRADABLE 0
3 1 105 1 105 53 3 53 BIODEGRADABLE 0
314 27.000000000000004 339 27.000000000000004 339 37 314 37 BIODEGRADABLE 0
230 2 308 2 308 40 230 40 BIODEGRADABLE 0
175 2 225 2 225 23 175 23 BIODEGRADABLE 0
252.99999999999997 48 289 48 289 66 252.99999999999997 66 BIODEGRADABLE 0
372 25 408 25 408 40 372 40 BIODEGRADABLE 0
352 13 372 13 372 23 352 23 BIODEGRADABLE 0
341 1 375 1 375 11 341 11 BIODEGRADABLE 0
369 4 397 4 397 14 369 14 BIODEGRADABLE 0
375 10 400 10 400 22 375 22 BIODEGRADABLE 0
308 7 330 7 330 14.999999999999998 308 14.999999999999998 BIODEGRADABLE 0
306 2 336 2 336 8 306 8 BIODEGRADABLE 0
291 2 302 2 302 10 291 10 BIODEGRADABLE 0
291 37 413 37 413 99 291 99 BIODEGRADABLE 0
167 104 189 104 189 115 167 115 BIODEGRADABLE 0
178 66 314 66 314 118 178 118 BIODEGRADABLE 0
122 72 172 72 172 96 122 96 BIODEGRADABLE 0
100 82 116 82 116 92 100 92 BIODEGRADABLE 0
106 96 131 96 131 106.99999999999999 106 106.99999999999999 BIODEGRADABLE 0
150 96 172 96 172 108.00000000000001 150 108.00000000000001 BIODEGRADABLE 0
144 109 164 109 164 119.99999999999999 144 119.99999999999999 BIODEGRADABLE 0
266 114.00000000000001 294 114.00000000000001 294 124 266 124 BIODEGRADABLE 0
278 135 308 135 308 145 278 145 BIODEGRADABLE 0
314 106 380 106 380 140 314 140 BIODEGRADABLE 0
366 99 413 99 413 117 366 117 BIODEGRADABLE 0
377 135 405 135 405 146 377 146 BIODEGRADABLE 0
305 140 361 140 361 164 305 164 BIODEGRADABLE 0
364 158 414 158 414 176 364 176 BIODEGRADABLE 0
292 176 322 176 322 188 292 188 BIODEGRADABLE 0
261 167 295 167 295 177 261 177 BIODEGRADABLE 0
267 155 297 155 297 166 267 166 BIODEGRADABLE 0
233 167 261 167 261 181 233 181 BIODEGRADABLE 0
114.00000000000001 147 158 147 158 165 114.00000000000001 165 BIODEGRADABLE 0
44 106 150 106 150 150 44 150 BIODEGRADABLE 0
0 101 11 101 11 119 0 119 BIODEGRADABLE 0
1 47 103 47 103 100 1 100 BIODEGRADABLE 0
0 118 144 118 144 204 0 204 BIODEGRADABLE 0
0 169 133 169 133 246 0 246 BIODEGRADABLE 0
133 198 175 198 175 222 133 222 BIODEGRADABLE 0
197 208 233 208 233 220 197 220 BIODEGRADABLE 0
236 188 283 188 283 212 236 212 BIODEGRADABLE 0
316 183 413 183 413 226.99999999999997 316 226.99999999999997 BIODEGRADABLE 0
349 225.99999999999997 405 225.99999999999997 405 248 349 248 BIODEGRADABLE 0
236 212 356 212 356 270 236 270 BIODEGRADABLE 0
133 229.00000000000003 225 229.00000000000003 225 270 133 270 BIODEGRADABLE 0
64 252.99999999999997 103 252.99999999999997 103 271 64 271 BIODEGRADABLE 0
183 269 225 269 225 287 183 287 BIODEGRADABLE 0
297 269 336 269 336 290 297 290 BIODEGRADABLE 0
339 263 389 263 389 283 339 283 BIODEGRADABLE 0
272 284 311 284 311 300 272 300 BIODEGRADABLE 0
226.99999999999997 251.99999999999997 269 251.99999999999997 269 310 226.99999999999997 310 BIODEGRADABLE 0
294 291 380 291 380 330 294 330 BIODEGRADABLE 0
364 280 408 280 408 348 364 348 BIODEGRADABLE 0
272 322 364 322 364 356 272 356 BIODEGRADABLE 0
222 336 300 336 300 372 222 372 BIODEGRADABLE 0
135 366 228.00000000000003 366 228.00000000000003 415 135 415 BIODEGRADABLE 0
175 333 414 333 414 415 175 415 BIODEGRADABLE 0
78 370 137 370 137 415 78 415 BIODEGRADABLE 0
125 366 172 366 172 400 125 400 BIODEGRADABLE 0
0 379 65 379 65 415 0 415 BIODEGRADABLE 0
1 360 17 360 17 378 1 378 BIODEGRADABLE 0
3 343 103 343 103 372 3 372 BIODEGRADABLE 0
0 312 75 312 75 354 0 354 BIODEGRADABLE 0
0 312 70 312 70 349 0 349 BIODEGRADABLE 0
39 327 181 327 181 368 39 368 BIODEGRADABLE 0
100 297 144 297 144 383 100 383 BIODEGRADABLE 0
75 300 189 300 189 360 75 360 BIODEGRADABLE 0
50 300 78 300 78 326 50 326 BIODEGRADABLE 0
17 299 51 299 51 315 17 315 BIODEGRADABLE 0
111 251 255.00000000000003 251 255.00000000000003 302 111 302 BIODEGRADABLE 0
92 279 244 279 244 321 92 321 BIODEGRADABLE 0
95 274 252.99999999999997 274 252.99999999999997 318 95 318 BIODEGRADABLE 0
94 269 244 269 244 310 94 310 BIODEGRADABLE 0
64 270 236 270 236 333 64 333 BIODEGRADABLE 0
195 328 261 328 261 343 195 343 BIODEGRADABLE 0
150 334 222 334 222 362 150 362 BIODEGRADABLE 0
0 232 64 232 64 283 0 283 BIODEGRADABLE 0
0 266 25 266 25 282 0 282 BIODEGRADABLE 0
0 281 45 281 45 297 0 297 BIODEGRADABLE 0