51 114.00000000000001 121.00000000000001 114.00000000000001 121.00000000000001 194 51 194 BIODEGRADABLE 0
103 182 149 182 149 234 103 234 BIODEGRADABLE 0
111 87 152 87 152 155 111 155 BIODEGRADABLE 0
71 62 124 62 124 114.00000000000001 71 114.00000000000001 BIODEGRADABLE 0
185 68 238.99999999999997 68 238.99999999999997 182 185 182 BIODEGRADABLE 0
186 68 224 68 224 182 186 182 BIODEGRADABLE 0
140 66 220 66 220 189 140 189 BIODEGRADABLE 0
161 66 188 66 188 106.99999999999999 161 106.99999999999999 BIODEGRADABLE 0
127.00000000000001 64 195 64 195 173 127.00000000000001 173 BIODEGRADABLE 0
191 173 331 173 331 341 191 341 BIODEGRADABLE 0
238.99999999999997 123 309 123 309 216.00000000000003 238.99999999999997 216.00000000000003 BIODEGRADABLE 0
236 85 304 85 304 123 236 123 BIODEGRADABLE 0
299 147 415 147 415 340 299 340 BIODEGRADABLE 0
49 189 85 189 85 252.99999999999997 49 252.99999999999997 BIODEGRADABLE 0
71 223 105 223 105 287 71 287 BIODEGRADABLE 0
2 223 17 223 17 275 2 275 BIODEGRADABLE 0
14 235 36 235 36 271 14 271 BIODEGRADABLE 0
1 341 144 341 144 415 1 415 BIODEGRADABLE 0
1 343 41 343 41 405 1 405 BIODEGRADABLE 0
13 375 64 375 64 415 13 415 BIODEGRADABLE 0
53 402 89 402 89 415 53 415 BIODEGRADABLE 0
83 386 118 386 118 415 83 415 BIODEGRADABLE 0
112 360 144 360 144 414 112 414 BIODEGRADABLE 0
12 273 52 273 52 332 12 332 BIODEGRADABLE 0
38 238.99999999999997 59.99999999999999 238.99999999999997 59.99999999999999 277 38 277 BIODEGRADABLE 0
14.999999999999998 198 39 198 39 238.99999999999997 14.999999999999998 238.99999999999997 BIODEGRADABLE 0
6 191 18 191 18 223 6 223 BIODEGRADABLE 0