31 327 75 327 75 378 31 378 BIODEGRADABLE 0
2 356 24 356 24 378 2 378 BIODEGRADABLE 0
10 336 33 336 33 370 10 370 BIODEGRADABLE 0
6 302 36 302 36 336 6 336 BIODEGRADABLE 0
2 285 16 285 16 367 2 367 BIODEGRADABLE 0
2 267 44 267 44 311 2 311 BIODEGRADABLE 0
26 374 70 374 70 392 26 392 BIODEGRADABLE 0
81 363 105 363 105 392 81 392 BIODEGRADABLE 0
109 368 129 368 129 392 109 392 BIODEGRADABLE 0
130 363 161 363 161 392 130 392 BIODEGRADABLE 0
104 307 140 307 140 343 104 343 BIODEGRADABLE 0
92 261 132 261 132 301 92 301 BIODEGRADABLE 0
72 294 96 294 96 325 72 325 BIODEGRADABLE 0
70 216.00000000000003 125.99999999999999 216.00000000000003 125.99999999999999 262 70 262 BIODEGRADABLE 0
44 243 116 243 116 319 44 319 BIODEGRADABLE 0
45 199 75 199 75 283 45 283 BIODEGRADABLE 0
2 100 56 100 56 213.99999999999997 2 213.99999999999997 BIODEGRADABLE 0
10 22 78 22 78 156 10 156 BIODEGRADABLE 0
33 34 103 34 103 125 33 125 BIODEGRADABLE 0
26 21 54.00000000000001 21 54.00000000000001 65 26 65 BIODEGRADABLE 0
64 2 124 2 124 56 64 56 BIODEGRADABLE 0
96 56 152 56 152 156 96 156 BIODEGRADABLE 0
118 33 184 33 184 169 118 169 BIODEGRADABLE 0
324 9 398 9 398 133 324 133 BIODEGRADABLE 0
312 0 356 0 356 58 312 58 BIODEGRADABLE 0
370 83 401 83 401 185 370 185 BIODEGRADABLE 0
399 73 415 73 415 158 399 158 BIODEGRADABLE 0
350 156 409 156 409 254.00000000000003 350 254.00000000000003 BIODEGRADABLE 0
336 225 378 225 378 287 336 287 BIODEGRADABLE 0
375 267 407 267 407 371 375 371 BIODEGRADABLE 0
255.00000000000003 298 379 298 379 360 255.00000000000003 360 BIODEGRADABLE 0
272 341 314 341 314 385 272 385 BIODEGRADABLE 0
312 352 348 352 348 394 312 394 BIODEGRADABLE 0
344 361 384 361 384 392 344 392 BIODEGRADABLE 0
225.99999999999997 321 258 321 258 390 225.99999999999997 390 BIODEGRADABLE 0
211 292 243 292 243 332 211 332 BIODEGRADABLE 0
172 289 206 289 206 347 172 347 BIODEGRADABLE 0
161 338 193 338 193 389 161 389 BIODEGRADABLE 0
102 285 166 285 166 325 102 325 BIODEGRADABLE 0
112.99999999999999 192 151 192 151 236 112.99999999999999 236 BIODEGRADABLE 0
48 158 134 158 134 196 48 196 BIODEGRADABLE 0
238.99999999999997 1 305 1 305 67 238.99999999999997 67 BIODEGRADABLE 0
197 0 235 0 235 25 197 25 BIODEGRADABLE 0
232 16 251.99999999999997 16 251.99999999999997 56 232 56 BIODEGRADABLE 0
194 20 251 20 251 176 194 176 BIODEGRADABLE 0
173 69 201 69 201 106.99999999999999 173 106.99999999999999 BIODEGRADABLE 0
167 29 207 29 207 69 167 69 BIODEGRADABLE 0
251.99999999999997 58 269 58 269 92 251.99999999999997 92 BIODEGRADABLE 0
255.00000000000003 69 285 69 285 140 255.00000000000003 140 BIODEGRADABLE 0
243 125 259 125 259 191 243 191 BIODEGRADABLE 0
260 145 284 145 284 194 260 194 BIODEGRADABLE 0
268 134 304 134 304 243 268 243 BIODEGRADABLE 0
280 87 351 87 351 203 280 203 BIODEGRADABLE 0
301 92 333 92 333 134 301 134 BIODEGRADABLE 0
303 156 323 156 323 194 303 194 BIODEGRADABLE 0
305 198 345 198 345 280 305 280 BIODEGRADABLE 0
282 258 339 258 339 298 282 298 BIODEGRADABLE 0
273 220 313 220 313 274 273 274 BIODEGRADABLE 0
249 265 286 265 286 329 249 329 BIODEGRADABLE 0
232 207 274 207 274 267 232 267 BIODEGRADABLE 0
220 243 251 243 251 287 220 287 BIODEGRADABLE 0
212 178 246 178 246 209 212 209 BIODEGRADABLE 0
170 176 206 176 206 205 170 205 BIODEGRADABLE 0
164 196 229.00000000000003 196 229.00000000000003 290 164 290 BIODEGRADABLE 0
116 189 172 189 172 283 116 283 BIODEGRADABLE 0
121.00000000000001 0 186 0 186 49 121.00000000000001 49 BIODEGRADABLE 0
412 29 416 29 416 67 412 67 BIODEGRADABLE 0