128 239.99999999999997 237 239.99999999999997 237 410 128 410 BIODEGRADABLE 0
25 244 131 244 131 414 25 414 BIODEGRADABLE 0
2 307 40 307 40 383 2 383 BIODEGRADABLE 0
35 216.00000000000003 68 216.00000000000003 68 268 35 268 BIODEGRADABLE 0
2 159 54.00000000000001 159 54.00000000000001 242.00000000000003 2 242.00000000000003 BIODEGRADABLE 0
79 163 123 163 123 244 79 244 BIODEGRADABLE 0
173 159 211 159 211 235 173 235 BIODEGRADABLE 0
210 124 259 124 259 218 210 218 BIODEGRADABLE 0
241.00000000000003 205 325 205 325 353 241.00000000000003 353 BIODEGRADABLE 0
323 172 400 172 400 312 323 312 BIODEGRADABLE 0
110 122 137 122 137 170 110 170 BIODEGRADABLE 0
66 127.00000000000001 96 127.00000000000001 96 164 66 164 BIODEGRADABLE 0
5 127.00000000000001 55 127.00000000000001 55 157 5 157 BIODEGRADABLE 0
191 72 211 72 211 90 191 90 BIODEGRADABLE 0
389 142 415 142 415 245 389 245 BIODEGRADABLE 0