314 31 415 31 415 137 314 137 BIODEGRADABLE 0
357 137 415 137 415 283 357 283 BIODEGRADABLE 0
353 281 415 281 415 385 353 385 BIODEGRADABLE 0
275 170 404 170 404 334 275 334 BIODEGRADABLE 0
293 329 415 329 415 415 293 415 BIODEGRADABLE 0
219 257 344 257 344 415 219 415 BIODEGRADABLE 0
36 192 336 192 336 380 36 380 BIODEGRADABLE 0
77 137 364 137 364 305 77 305 BIODEGRADABLE 0
70 109 341 109 341 303 70 303 BIODEGRADABLE 0
57.00000000000001 78 283 78 283 294 57.00000000000001 294 BIODEGRADABLE 0
160 151 210 151 210 226.99999999999997 160 226.99999999999997 BIODEGRADABLE 0
172 225 210 225 210 275 172 275 BIODEGRADABLE 0
150 209 182 209 182 270 150 270 BIODEGRADABLE 0
105 209 161 209 161 294 105 294 BIODEGRADABLE 0
62.99999999999999 74 216.00000000000003 74 216.00000000000003 246 62.99999999999999 246 BIODEGRADABLE 0
14 229.00000000000003 104 229.00000000000003 104 281 14 281 BIODEGRADABLE 0
0 87 137 87 137 275 0 275 BIODEGRADABLE 0
5 62.99999999999999 61 62.99999999999999 61 137 5 137 BIODEGRADABLE 0
157 316 284 316 284 415 157 415 BIODEGRADABLE 0
143 325 167 325 167 381 143 381 BIODEGRADABLE 0
119.99999999999999 323 161 323 161 358 119.99999999999999 358 BIODEGRADABLE 0
117 299 158 299 158 336 117 336 BIODEGRADABLE 0
71 329 111 329 111 383 71 383 BIODEGRADABLE 0
106.99999999999999 312 147 312 147 366 106.99999999999999 366 BIODEGRADABLE 0
99 381 166 381 166 415 99 415 BIODEGRADABLE 0
98 359 160 359 160 401 98 401 BIODEGRADABLE 0
68 381 105 381 105 415 68 415 BIODEGRADABLE 0
49 366 97 366 97 414 49 414 BIODEGRADABLE 0
1 349 57.00000000000001 349 57.00000000000001 395 1 395 BIODEGRADABLE 0
0 259 74 259 74 353 0 353 BIODEGRADABLE 0
0 349 49 349 49 401 0 401 BIODEGRADABLE 0
0 394 42 394 42 415 0 415 BIODEGRADABLE 0