149 294 367 294 367 329 149 329 BIODEGRADABLE 0
262 220 388 220 388 363 262 363 BIODEGRADABLE 0
249 247 408 247 408 347 249 347 BIODEGRADABLE 0
159 221 393 221 393 337 159 337 BIODEGRADABLE 0
283 220 381 220 381 242.00000000000003 283 242.00000000000003 BIODEGRADABLE 0
391 130 414 130 414 272 391 272 BIODEGRADABLE 0
280 98 386 98 386 164 280 164 BIODEGRADABLE 0
283 171 355 171 355 225.99999999999997 283 225.99999999999997 BIODEGRADABLE 0
270 16 365 16 365 83 270 83 BIODEGRADABLE 0
183 174 224 174 224 206 183 206 BIODEGRADABLE 0
247 184 288 184 288 202 247 202 BIODEGRADABLE 0
105 202 193 202 193 269 105 269 BIODEGRADABLE 0
26 20 132 20 132 102 26 102 BIODEGRADABLE 0
247 24 275 24 275 62 247 62 BIODEGRADABLE 0
190 103 225.99999999999997 103 225.99999999999997 143 190 143 BIODEGRADABLE 0
69 164 121.00000000000001 164 121.00000000000001 198 69 198 BIODEGRADABLE 0
149 139 177 139 177 170 149 170 BIODEGRADABLE 0
31 119 57.00000000000001 119 57.00000000000001 149 31 149 BIODEGRADABLE 0
103 262 173 262 173 292 103 292 BIODEGRADABLE 0
41 213.99999999999997 129 213.99999999999997 129 257 41 257 BIODEGRADABLE 0
0 1 415 1 415 365 0 365 BIODEGRADABLE 0