224 154 276 154 276 258 224 258 BIODEGRADABLE 0
178 166 225.99999999999997 166 225.99999999999997 262 178 262 BIODEGRADABLE 0
179 87 223 87 223 173 179 173 BIODEGRADABLE 0
183 1 238.99999999999997 1 238.99999999999997 97 183 97 BIODEGRADABLE 0
221 65 278 65 278 161 221 161 BIODEGRADABLE 0
245 38 293 38 293 124 245 124 BIODEGRADABLE 0
270 161 300 161 300 231 270 231 BIODEGRADABLE 0
249 228.00000000000003 307 228.00000000000003 307 327 249 327 BIODEGRADABLE 0
207 256 232 256 232 300 207 300 BIODEGRADABLE 0
183 270 230 270 230 356 183 356 BIODEGRADABLE 0
223 310 275 310 275 396 223 396 BIODEGRADABLE 0
203 354 247 354 247 414 203 414 BIODEGRADABLE 0
265 325 293 325 293 392 265 392 BIODEGRADABLE 0
238 139 276 139 276 171 238 171 BIODEGRADABLE 0