3 197 112 197 112 295 3 295 BIODEGRADABLE 0
32 265 168 265 168 357 32 357 BIODEGRADABLE 0
86 322 213.99999999999997 322 213.99999999999997 412 86 412 BIODEGRADABLE 0
119 404 205 404 205 415 119 415 BIODEGRADABLE 0
187 351 285 351 285 415 187 415 BIODEGRADABLE 0
289 397 377 397 377 415 289 415 BIODEGRADABLE 0
270 313 398 313 398 395 270 395 BIODEGRADABLE 0
363 353 415 353 415 416 363 416 BIODEGRADABLE 0
178 283 287 283 287 349 178 349 BIODEGRADABLE 0
130 224 252.99999999999997 224 252.99999999999997 306 130 306 BIODEGRADABLE 0
182 178 282 178 282 244 182 244 BIODEGRADABLE 0
96 144 205 144 205 224 96 224 BIODEGRADABLE 0
2 100 130 100 130 190 2 190 BIODEGRADABLE 0
3 174 12 174 12 208 3 208 BIODEGRADABLE 0
2 74 18 74 18 130 2 130 BIODEGRADABLE 0
2 6 118 6 118 97 2 97 BIODEGRADABLE 0
76 61 196 61 196 137 76 137 BIODEGRADABLE 0
59.99999999999999 0 180 0 180 56 59.99999999999999 56 BIODEGRADABLE 0
182 0 302 0 302 71 182 71 BIODEGRADABLE 0
243 47 343 47 343 112.99999999999999 243 112.99999999999999 BIODEGRADABLE 0
291 0 375 0 375 44 291 44 BIODEGRADABLE 0
271 97 387 97 387 171 271 171 BIODEGRADABLE 0
161 93 275 93 275 171 161 171 BIODEGRADABLE 0
255.00000000000003 160 348 160 348 212 255.00000000000003 212 BIODEGRADABLE 0
246 211 334 211 334 279 246 279 BIODEGRADABLE 0
309 206 387 206 387 280 309 280 BIODEGRADABLE 0
292 283 396 283 396 347 292 347 BIODEGRADABLE 0
379 302 415 302 415 372 379 372 BIODEGRADABLE 0
366 234 415 234 415 306 366 306 BIODEGRADABLE 0
350 170 415 170 415 235 350 235 BIODEGRADABLE 0
378 112 416 112 416 171 378 171 BIODEGRADABLE 0