31 67 70 67 70 119.99999999999999 31 119.99999999999999 BIODEGRADABLE 0
53 3 92 3 92 51 53 51 BIODEGRADABLE 0
50 38 75 38 75 74 50 74 BIODEGRADABLE 0
72 44 106 44 106 102 72 102 BIODEGRADABLE 0
74 102 98 102 98 155 74 155 BIODEGRADABLE 0
45 105 76 105 76 153 45 153 BIODEGRADABLE 0
37 144 70 144 70 186 37 186 BIODEGRADABLE 0
26 166 50 166 50 195 26 195 BIODEGRADABLE 0
50 164 83 164 83 206 50 206 BIODEGRADABLE 0
41 197 67 197 67 241.00000000000003 41 241.00000000000003 BIODEGRADABLE 0
68 193 92 193 92 235 68 235 BIODEGRADABLE 0
70 235 100 235 100 283 70 283 BIODEGRADABLE 0
42 248 76 248 76 296 42 296 BIODEGRADABLE 0
78 286 110 286 110 328 78 328 BIODEGRADABLE 0
99 266 118 266 118 295 99 295 BIODEGRADABLE 0
101 3 125 3 125 29 101 29 BIODEGRADABLE 0
81 2 98 2 98 16 81 16 BIODEGRADABLE 0
93 18 119.99999999999999 18 119.99999999999999 49 93 49 BIODEGRADABLE 0
106 42 129 42 129 80 106 80 BIODEGRADABLE 0
100 76 117 76 117 118 100 118 BIODEGRADABLE 0
98 104 128 104 128 148 98 148 BIODEGRADABLE 0
115 62 143 62 143 119.99999999999999 115 119.99999999999999 BIODEGRADABLE 0
114.00000000000001 140 148 140 148 188 114.00000000000001 188 BIODEGRADABLE 0
87 155 112.99999999999999 155 112.99999999999999 204 87 204 BIODEGRADABLE 0
75 153 89 153 89 191 75 191 BIODEGRADABLE 0
106.99999999999999 188 137 188 137 228.00000000000003 106.99999999999999 228.00000000000003 BIODEGRADABLE 0
87 197 115 197 115 248 87 248 BIODEGRADABLE 0
101 228.00000000000003 125 228.00000000000003 125 279 101 279 BIODEGRADABLE 0
117 268 146 268 146 312 117 312 BIODEGRADABLE 0
112.99999999999999 296 138 296 138 332 112.99999999999999 332 BIODEGRADABLE 0
97 317 128 317 128 350 97 350 BIODEGRADABLE 0
115 350 137 350 137 379 115 379 BIODEGRADABLE 0
134 361 162 361 162 392 134 392 BIODEGRADABLE 0
159 361 179 361 179 390 159 390 BIODEGRADABLE 0
131 330 165 330 165 363 131 363 BIODEGRADABLE 0
119 323 129 323 129 341 119 341 BIODEGRADABLE 0
134 306 184 306 184 352 134 352 BIODEGRADABLE 0
144 250 180 250 180 314 144 314 BIODEGRADABLE 0
121.00000000000001 220 155 220 155 266 121.00000000000001 266 BIODEGRADABLE 0
143 200 177 200 177 248 143 248 BIODEGRADABLE 0
137 189 153 189 153 215.00000000000003 137 215.00000000000003 BIODEGRADABLE 0
147 148 191 148 191 210 147 210 BIODEGRADABLE 0
130 116 160 116 160 164 130 164 BIODEGRADABLE 0
112 146 146 146 146 188 112 188 BIODEGRADABLE 0
140 62 191 62 191 148 140 148 BIODEGRADABLE 0
135 18 171 18 171 82 135 82 BIODEGRADABLE 0
119.99999999999999 2 146 2 146 44 119.99999999999999 44 BIODEGRADABLE 0
145 3 187 3 187 27.000000000000004 145 27.000000000000004 BIODEGRADABLE 0
170 16 204 16 204 64 170 64 BIODEGRADABLE 0
193 32 246 32 246 100 193 100 BIODEGRADABLE 0
188 3 212 3 212 25 188 25 BIODEGRADABLE 0
187 82 207 82 207 130 187 130 BIODEGRADABLE 0
181 129 207 129 207 180 181 180 BIODEGRADABLE 0
169 195 213.99999999999997 195 213.99999999999997 257 169 257 BIODEGRADABLE 0
172 246 208 246 208 284 172 284 BIODEGRADABLE 0
177 279 201 279 201 301 177 301 BIODEGRADABLE 0
179 299 199 299 199 321 179 321 BIODEGRADABLE 0
163 319 196 319 196 361 163 361 BIODEGRADABLE 0
180 357 196 357 196 381 180 381 BIODEGRADABLE 0
193 365 210 365 210 385 193 385 BIODEGRADABLE 0
210 379 232 379 232 401 210 401 BIODEGRADABLE 0
233 372 259 372 259 408 233 408 BIODEGRADABLE 0
255.00000000000003 365 278 365 278 401 255.00000000000003 401 BIODEGRADABLE 0
270 367 290 367 290 383 270 383 BIODEGRADABLE 0
289 347 317 347 317 385 289 385 BIODEGRADABLE 0
269 334 300 334 300 367 269 367 BIODEGRADABLE 0
284 310 312 310 312 341 284 341 BIODEGRADABLE 0
305 321 336 321 336 354 305 354 BIODEGRADABLE 0
333 316 353 316 353 330 333 330 BIODEGRADABLE 0
345 295 370 295 370 315 345 315 BIODEGRADABLE 0
305 290 351 290 351 319 305 319 BIODEGRADABLE 0
334 246 362 246 362 299 334 299 BIODEGRADABLE 0
317 246 334 246 334 286 317 286 BIODEGRADABLE 0
360 257 374 257 374 286 360 286 BIODEGRADABLE 0
374 215.00000000000003 404 215.00000000000003 404 260 374 260 BIODEGRADABLE 0
345 199 385 199 385 251.99999999999997 345 251.99999999999997 BIODEGRADABLE 0
316 201 348 201 348 248 316 248 BIODEGRADABLE 0
384 171 416 171 416 217 384 217 BIODEGRADABLE 0
356 171 387 171 387 202 356 202 BIODEGRADABLE 0
334 180 354 180 354 206 334 206 BIODEGRADABLE 0
301 160 339 160 339 212.99999999999997 301 212.99999999999997 BIODEGRADABLE 0
337 122 377 122 377 186 337 186 BIODEGRADABLE 0
369 133 393 133 393 177 369 177 BIODEGRADABLE 0
391 128 415 128 415 175 391 175 BIODEGRADABLE 0
389 88 415 88 415 132 389 132 BIODEGRADABLE 0
359 85 401 85 401 133 359 133 BIODEGRADABLE 0
330 91 362 91 362 142 330 142 BIODEGRADABLE 0
301 97 343 97 343 153 301 153 BIODEGRADABLE 0
287 133 331 133 331 182 287 182 BIODEGRADABLE 0
272 166 296 166 296 197 272 197 BIODEGRADABLE 0
263 109 291 109 291 151 263 151 BIODEGRADABLE 0
265 62 309 62 309 119.99999999999999 265 119.99999999999999 BIODEGRADABLE 0
259 29 301 29 301 73 259 73 BIODEGRADABLE 0
270 3 294 3 294 36 270 36 BIODEGRADABLE 0
234 7 270 7 270 53 234 53 BIODEGRADABLE 0
206 2 250 2 250 40 206 40 BIODEGRADABLE 0
226.99999999999997 54.00000000000001 265 54.00000000000001 265 119.99999999999999 226.99999999999997 119.99999999999999 BIODEGRADABLE 0
204 97 250 97 250 155 204 155 BIODEGRADABLE 0
293 2 329 2 329 33 293 33 BIODEGRADABLE 0
297 24 323 24 323 62 297 62 BIODEGRADABLE 0
304 53 329 53 329 98 304 98 BIODEGRADABLE 0
320 33 362 33 362 93 320 93 BIODEGRADABLE 0
337 3 367 3 367 47 337 47 BIODEGRADABLE 0
328 5 374 5 374 47 328 47 BIODEGRADABLE 0
357 38 393 38 393 96 357 96 BIODEGRADABLE 0
373 2 407 2 407 53 373 53 BIODEGRADABLE 0
390 46 408 46 408 82 390 82 BIODEGRADABLE 0
230 122 274 122 274 184 230 184 BIODEGRADABLE 0
198 157 238 157 238 221 198 221 BIODEGRADABLE 0
210 217 258 217 258 285 210 285 BIODEGRADABLE 0
235 177 283 177 283 238.99999999999997 235 238.99999999999997 BIODEGRADABLE 0
264 186 312 186 312 259 264 259 BIODEGRADABLE 0
287 233 329 233 329 297 287 297 BIODEGRADABLE 0
242.00000000000003 252.99999999999997 290 252.99999999999997 290 319 242.00000000000003 319 BIODEGRADABLE 0
267 314 278 314 278 343 267 343 BIODEGRADABLE 0
226.99999999999997 303 271 303 271 356 226.99999999999997 356 BIODEGRADABLE 0
194 281 235 281 235 337 194 337 BIODEGRADABLE 0
218 350 235 350 235 376 218 376 BIODEGRADABLE 0
191 328 229.00000000000003 328 229.00000000000003 368 191 368 BIODEGRADABLE 0
236 352 261 352 261 376 236 376 BIODEGRADABLE 0