17 280 80 280 80 372 17 372 BIODEGRADABLE 0
9 194 51 194 51 291 9 291 BIODEGRADABLE 0
32 58 83 58 83 192 32 192 BIODEGRADABLE 0
75 5 119.99999999999999 5 119.99999999999999 110 75 110 BIODEGRADABLE 0
118 149 144 149 144 264 118 264 BIODEGRADABLE 0
73 175 115 175 115 267 73 267 BIODEGRADABLE 0
148 194 192 194 192 283 148 283 BIODEGRADABLE 0
204 125.99999999999999 250 125.99999999999999 250 228.00000000000003 204 228.00000000000003 BIODEGRADABLE 0
199 8 245 8 245 116 199 116 BIODEGRADABLE 0
265 301 305 301 305 367 265 367 BIODEGRADABLE 0
229.00000000000003 249 267 249 267 319 229.00000000000003 319 BIODEGRADABLE 0
256 196 288 196 288 262 256 262 BIODEGRADABLE 0
271 197 309 197 309 291 271 291 BIODEGRADABLE 0
306 267 340 267 340 356 306 356 BIODEGRADABLE 0
325 259 363 259 363 333 325 333 BIODEGRADABLE 0
349 299 407 299 407 414 349 414 BIODEGRADABLE 0
364 186 415 186 415 322 364 322 BIODEGRADABLE 0
348 154 406 154 406 259 348 259 BIODEGRADABLE 0
402 165 415 165 415 241.00000000000003 402 241.00000000000003 BIODEGRADABLE 0
389 66 415 66 415 168 389 168 BIODEGRADABLE 0
393 0 415 0 415 58 393 58 BIODEGRADABLE 0
377 37 402 37 402 84 377 84 BIODEGRADABLE 0
339 1 383 1 383 59.99999999999999 339 59.99999999999999 BIODEGRADABLE 0
306 11 348 11 348 116 306 116 BIODEGRADABLE 0
335 68 387 68 387 162 335 162 BIODEGRADABLE 0
326 168 358 168 358 265 326 265 BIODEGRADABLE 0
287 110 337 110 337 215.00000000000003 287 215.00000000000003 BIODEGRADABLE 0
247 68 292 68 292 188 247 188 BIODEGRADABLE 0
272 24 315 24 315 110 272 110 BIODEGRADABLE 0
236 29 273 29 273 103 236 103 BIODEGRADABLE 0