13 370 97 370 97 415 13 415 BIODEGRADABLE 0
2 365 33 365 33 415 2 415 BIODEGRADABLE 0
3 299 87 299 87 379 3 379 BIODEGRADABLE 0
134 284 208 284 208 332 134 332 BIODEGRADABLE 0
80 359 134 359 134 406 80 406 BIODEGRADABLE 0
101 391 215.00000000000003 391 215.00000000000003 415 101 415 BIODEGRADABLE 0
72 311 216.00000000000003 311 216.00000000000003 399 72 399 BIODEGRADABLE 0
187 366 233 366 233 408 187 408 BIODEGRADABLE 0
221 344 256 344 256 374 221 374 BIODEGRADABLE 0
210 334 243 334 243 368 210 368 BIODEGRADABLE 0
218 368 336 368 336 415 218 415 BIODEGRADABLE 0
324 334 416 334 416 414 324 414 BIODEGRADABLE 0
252.99999999999997 309 352 309 352 368 252.99999999999997 368 BIODEGRADABLE 0
206 242.00000000000003 320 242.00000000000003 320 339 206 339 BIODEGRADABLE 0
317 274 373 274 373 302 317 302 BIODEGRADABLE 0
333 244 415 244 415 335 333 335 BIODEGRADABLE 0
377 190 415 190 415 234 377 234 BIODEGRADABLE 0
317 200 415 200 415 283 317 283 BIODEGRADABLE 0
216.00000000000003 162 352 162 352 251.99999999999997 216.00000000000003 251.99999999999997 BIODEGRADABLE 0
141 219 231 219 231 289 141 289 BIODEGRADABLE 0
50 246 149 246 149 315 50 315 BIODEGRADABLE 0
12 241.00000000000003 68 241.00000000000003 68 281 12 281 BIODEGRADABLE 0
2 246 29 246 29 348 2 348 BIODEGRADABLE 0
2 157 80 157 80 242.00000000000003 2 242.00000000000003 BIODEGRADABLE 0
72 187 152 187 152 229.00000000000003 72 229.00000000000003 BIODEGRADABLE 0
72 223 140 223 140 249 72 249 BIODEGRADABLE 0
118 139 208 139 208 219 118 219 BIODEGRADABLE 0
198 142 226.99999999999997 142 226.99999999999997 189 198 189 BIODEGRADABLE 0
125.99999999999999 131 192 131 192 151 125.99999999999999 151 BIODEGRADABLE 0
101 86 153 86 153 124 101 124 BIODEGRADABLE 0
2 84 72 84 72 114.00000000000001 2 114.00000000000001 BIODEGRADABLE 0
2 100 33 100 33 167 2 167 BIODEGRADABLE 0
31 95 132 95 132 182 31 182 BIODEGRADABLE 0
2 14 124 14 124 106 2 106 BIODEGRADABLE 0
2 0 52 0 52 22 2 22 BIODEGRADABLE 0
70 1 199 1 199 54.00000000000001 70 54.00000000000001 BIODEGRADABLE 0
134 53 243 53 243 147 134 147 BIODEGRADABLE 0
221 95 322 95 322 172 221 172 BIODEGRADABLE 0
315 132 346 132 346 176 315 176 BIODEGRADABLE 0
319 104 415 104 415 192 319 192 BIODEGRADABLE 0
299 70 345 70 345 115 299 115 BIODEGRADABLE 0
340 88 377 88 377 112 340 112 BIODEGRADABLE 0
235 85 301 85 301 109 235 109 BIODEGRADABLE 0
210 7 330 7 330 89 210 89 BIODEGRADABLE 0
196 0 328 0 328 22 196 22 BIODEGRADABLE 0
319 5 354 5 354 47 319 47 BIODEGRADABLE 0
309 39 399 39 399 99 309 99 BIODEGRADABLE 0
375 51 415 51 415 131 375 131 BIODEGRADABLE 0
349 1 415 1 415 54.00000000000001 349 54.00000000000001 BIODEGRADABLE 0
309 0 348 0 348 12 309 12 BIODEGRADABLE 0
1 1 415 1 415 415 1 415 BIODEGRADABLE 0