380 0 415 0 415 32 380 32 BIODEGRADABLE 0
389 32 415 32 415 102 389 102 BIODEGRADABLE 0
369 78 411 78 411 176 369 176 BIODEGRADABLE 0
339 104 379 104 379 202 339 202 BIODEGRADABLE 0
386 136 415 136 415 193 386 193 BIODEGRADABLE 0
359 177 415 177 415 302 359 302 BIODEGRADABLE 0
251.99999999999997 213.99999999999997 336 213.99999999999997 336 286 251.99999999999997 286 BIODEGRADABLE 0
228.00000000000003 282 301 282 301 352 228.00000000000003 352 BIODEGRADABLE 0
195 204 268 204 268 328 195 328 BIODEGRADABLE 0
143 195 201 195 201 312 143 312 BIODEGRADABLE 0
74 146 152 146 152 256 74 256 BIODEGRADABLE 0
68 104 114.00000000000001 104 114.00000000000001 184 68 184 BIODEGRADABLE 0
26 115 68 115 68 182 26 182 BIODEGRADABLE 0
10 85 46 85 46 159 10 159 BIODEGRADABLE 0
2 28 42 28 42 95 2 95 BIODEGRADABLE 0
2 0 21 0 21 24 2 24 BIODEGRADABLE 0
40 20 100 20 100 102 40 102 BIODEGRADABLE 0
92 44 150 44 150 130 92 130 BIODEGRADABLE 0
105 0 192 0 192 39 105 39 BIODEGRADABLE 0
61 0 105 0 105 28 61 28 BIODEGRADABLE 0
151 46 195 46 195 137 151 137 BIODEGRADABLE 0
150 125.99999999999999 206 125.99999999999999 206 224 150 224 BIODEGRADABLE 0
181 141 222 141 222 211 181 211 BIODEGRADABLE 0
225 62.99999999999999 285 62.99999999999999 285 147 225 147 BIODEGRADABLE 0
286 5 340 5 340 112.99999999999999 286 112.99999999999999 BIODEGRADABLE 0
337 9 381 9 381 81 337 81 BIODEGRADABLE 0
337 71 365 71 365 115 337 115 BIODEGRADABLE 0
270 162 356 162 356 260 270 260 BIODEGRADABLE 0
212 117 283 117 283 208 212 208 BIODEGRADABLE 0
271 109 341 109 341 165 271 165 BIODEGRADABLE 0
215.00000000000003 0 283 0 283 93 215.00000000000003 93 BIODEGRADABLE 0
185 1 242.00000000000003 1 242.00000000000003 61 185 61 BIODEGRADABLE 0