329 184 415 184 415 394 329 394 BIODEGRADABLE 0
303 358 415 358 415 414 303 414 BIODEGRADABLE 0
178 348 306 348 306 414 178 414 BIODEGRADABLE 0
190 103 332 103 332 377 190 377 BIODEGRADABLE 0
281 130 363 130 363 239.99999999999997 281 239.99999999999997 BIODEGRADABLE 0
162 76 239.99999999999997 76 239.99999999999997 342 162 342 BIODEGRADABLE 0
49 157 192 157 192 414 49 414 BIODEGRADABLE 0
17 340 195 340 195 414 17 414 BIODEGRADABLE 0
234 167 266 167 266 223 234 223 BIODEGRADABLE 0
127.00000000000001 147 171 147 171 259 127.00000000000001 259 BIODEGRADABLE 0
12 125 136 125 136 239.99999999999997 12 239.99999999999997 BIODEGRADABLE 0
0 162 21 162 21 206 0 206 BIODEGRADABLE 0
0 196 21 196 21 232 0 232 BIODEGRADABLE 0
0 233 77 233 77 414 0 414 BIODEGRADABLE 0
31 225 70 225 70 286 31 286 BIODEGRADABLE 0