87 356 131 356 131 401 87 401 BIODEGRADABLE 0
73 339 97 339 97 406 73 406 BIODEGRADABLE 0
66 272 92 272 92 337 66 337 BIODEGRADABLE 0
80 296 116 296 116 356 80 356 BIODEGRADABLE 0
89 236 125.99999999999999 236 125.99999999999999 294 89 294 BIODEGRADABLE 0
108.00000000000001 285 136 285 136 330 108.00000000000001 330 BIODEGRADABLE 0
114.00000000000001 313 166 313 166 369 114.00000000000001 369 BIODEGRADABLE 0
132 365 145 365 145 399 132 399 BIODEGRADABLE 0
145 356 187 356 187 414 145 414 BIODEGRADABLE 0
177 365 221 365 221 410 177 410 BIODEGRADABLE 0
213.99999999999997 371 234 371 234 397 213.99999999999997 397 BIODEGRADABLE 0
204 337 233 337 233 371 204 371 BIODEGRADABLE 0
167 318 212 318 212 365 167 365 BIODEGRADABLE 0
163 275 201 275 201 322 163 322 BIODEGRADABLE 0
187 262 208 262 208 314 187 314 BIODEGRADABLE 0
125 238 154 238 154 270 125 270 BIODEGRADABLE 0
133 268 159 268 159 311 133 311 BIODEGRADABLE 0
141 256 183 256 183 294 141 294 BIODEGRADABLE 0
153 238.99999999999997 182 238.99999999999997 182 279 153 279 BIODEGRADABLE 0
175 238 196 238 196 272 175 272 BIODEGRADABLE 0
198 241.00000000000003 232 241.00000000000003 232 279 198 279 BIODEGRADABLE 0
203 277 233 277 233 329 203 329 BIODEGRADABLE 0
95 189 132 189 132 217 95 217 BIODEGRADABLE 0
70 172 100 172 100 215.00000000000003 70 215.00000000000003 BIODEGRADABLE 0
59.99999999999999 183 78 183 78 217 59.99999999999999 217 BIODEGRADABLE 0
50 166 68 166 68 202 50 202 BIODEGRADABLE 0
52 140 76 140 76 183 52 183 BIODEGRADABLE 0
48 135 61 135 61 163 48 163 BIODEGRADABLE 0
47 95 65 95 65 131 47 131 BIODEGRADABLE 0
61 110 89 110 89 142 61 142 BIODEGRADABLE 0
74 146 118 146 118 186 74 186 BIODEGRADABLE 0
109 157 129 157 129 187 109 187 BIODEGRADABLE 0
112.99999999999999 114.00000000000001 134 114.00000000000001 134 187 112.99999999999999 187 BIODEGRADABLE 0
88 127.00000000000001 116 127.00000000000001 116 159 88 159 BIODEGRADABLE 0
94 110 116 110 116 140 94 140 BIODEGRADABLE 0
82 99 98 99 98 119 82 119 BIODEGRADABLE 0
58 69 82 69 82 106.99999999999999 58 106.99999999999999 BIODEGRADABLE 0
36 61 65 61 65 99 36 99 BIODEGRADABLE 0
50 41 78 41 78 73 50 73 BIODEGRADABLE 0
72 39 98 39 98 95 72 95 BIODEGRADABLE 0
93 39 133 39 133 86 93 86 BIODEGRADABLE 0
124 75 137 75 137 122 124 122 BIODEGRADABLE 0
103 2 137 2 137 54.00000000000001 103 54.00000000000001 BIODEGRADABLE 0
69 0 111 0 111 54.00000000000001 69 54.00000000000001 BIODEGRADABLE 0
50 7 71 7 71 52 50 52 BIODEGRADABLE 0
143 189 167 189 167 215.00000000000003 143 215.00000000000003 BIODEGRADABLE 0
141 157 169 157 169 183 141 183 BIODEGRADABLE 0
167 163 191 163 191 212.99999999999997 167 212.99999999999997 BIODEGRADABLE 0
145 185 169 185 169 195 145 195 BIODEGRADABLE 0
148 146 169 146 169 163 148 163 BIODEGRADABLE 0
139 101 177 101 177 146 139 146 BIODEGRADABLE 0
164 106.99999999999999 182 106.99999999999999 182 133 164 133 BIODEGRADABLE 0
166 134 192 134 192 174 166 174 BIODEGRADABLE 0
186 157 204 157 204 185 186 185 BIODEGRADABLE 0
187 191 226.99999999999997 191 226.99999999999997 215.00000000000003 187 215.00000000000003 BIODEGRADABLE 0
225 170 252.99999999999997 170 252.99999999999997 215.00000000000003 225 215.00000000000003 BIODEGRADABLE 0
195 159 235 159 235 195 195 195 BIODEGRADABLE 0
219 142 252.99999999999997 142 252.99999999999997 176 219 176 BIODEGRADABLE 0
220 127.00000000000001 246 127.00000000000001 246 151 220 151 BIODEGRADABLE 0
207 103 236 103 236 135 207 135 BIODEGRADABLE 0
193 114.00000000000001 219 114.00000000000001 219 150 193 150 BIODEGRADABLE 0
177 101 211 101 211 139 177 139 BIODEGRADABLE 0
193 137 221 137 221 161 193 161 BIODEGRADABLE 0
138 61 170 61 170 97 138 97 BIODEGRADABLE 0
157 28 193 28 193 92 157 92 BIODEGRADABLE 0
180 37 213.99999999999997 37 213.99999999999997 91 180 91 BIODEGRADABLE 0
206 45 232 45 232 90 206 90 BIODEGRADABLE 0
226.99999999999997 43 252.99999999999997 43 252.99999999999997 88 226.99999999999997 88 BIODEGRADABLE 0
219 14.999999999999998 252.99999999999997 14.999999999999998 252.99999999999997 45 219 45 BIODEGRADABLE 0
199 5 228.00000000000003 5 228.00000000000003 35 199 35 BIODEGRADABLE 0
211 1 249 1 249 20 211 20 BIODEGRADABLE 0
187 0 203 0 203 26 187 26 BIODEGRADABLE 0
162 0 183 0 183 24 162 24 BIODEGRADABLE 0
167 13 191 13 191 39 167 39 BIODEGRADABLE 0
143 17 172 17 172 67 143 67 BIODEGRADABLE 0
141 29.999999999999996 151 29.999999999999996 151 59.99999999999999 141 59.99999999999999 BIODEGRADABLE 0
142 1 164 1 164 22 142 22 BIODEGRADABLE 0
376 307 389 307 389 327 376 327 BIODEGRADABLE 0
367 311 378 311 378 331 367 331 BIODEGRADABLE 0
365 301 373 301 373 311 365 311 BIODEGRADABLE 0
354 300 362 300 362 315 354 315 BIODEGRADABLE 0
358 316 366 316 366 324 358 324 BIODEGRADABLE 0
344 314 352 314 352 324 344 324 BIODEGRADABLE 0
344 301 352 301 352 309 344 309 BIODEGRADABLE 0
329 307 339 307 339 327 329 327 BIODEGRADABLE 0
320 307 328 307 328 322 320 322 BIODEGRADABLE 0
302 302 318 302 318 324 302 324 BIODEGRADABLE 0
293 301 304 301 304 318 293 318 BIODEGRADABLE 0
278 305 291 305 291 320 278 320 BIODEGRADABLE 0
269 292 283 292 283 309 269 309 BIODEGRADABLE 0
268 277 276 277 276 292 268 292 BIODEGRADABLE 0
376 277 394 277 394 300 376 300 BIODEGRADABLE 0
363 286 384 286 384 311 363 311 BIODEGRADABLE 0
344 279 362 279 362 302 344 302 BIODEGRADABLE 0
331 289 344 289 344 311 331 311 BIODEGRADABLE 0
330 271 344 271 344 288 330 288 BIODEGRADABLE 0
317 279 330 279 330 311 317 311 BIODEGRADABLE 0
299 279 319 279 319 301 299 301 BIODEGRADABLE 0
288 277 301 277 301 294 288 294 BIODEGRADABLE 0
283 290 297 290 297 305 283 305 BIODEGRADABLE 0
276 270 286 270 286 290 276 290 BIODEGRADABLE 0
380 260 394 260 394 277 380 277 BIODEGRADABLE 0
384 247 395 247 395 260 384 260 BIODEGRADABLE 0
381 232 397 232 397 245 381 245 BIODEGRADABLE 0
386 216.00000000000003 400 216.00000000000003 400 236 386 236 BIODEGRADABLE 0
384 208 392 208 392 223 384 223 BIODEGRADABLE 0
384 191 397 191 397 212.99999999999997 384 212.99999999999997 BIODEGRADABLE 0
382 171 400 171 400 191 382 191 BIODEGRADABLE 0
378 152 394 152 394 172 378 172 BIODEGRADABLE 0
386 140 397 140 397 157 386 157 BIODEGRADABLE 0
384 122 397 122 397 137 384 137 BIODEGRADABLE 0
381 110 391 110 391 119.99999999999999 381 119.99999999999999 BIODEGRADABLE 0
383 95 397 95 397 110 383 110 BIODEGRADABLE 0
371 119.99999999999999 384 119.99999999999999 384 135 371 135 BIODEGRADABLE 0
376 135 386 135 386 152 376 152 BIODEGRADABLE 0
366 146 379 146 379 161 366 161 BIODEGRADABLE 0
362 161 373 161 373 174 362 174 BIODEGRADABLE 0
371 165 382 165 382 189 371 189 BIODEGRADABLE 0
371 184 382 184 382 206 371 206 BIODEGRADABLE 0
365 197 381 197 381 219 365 219 BIODEGRADABLE 0
371 217 382 217 382 241.00000000000003 371 241.00000000000003 BIODEGRADABLE 0
365 79 386 79 386 99 365 99 BIODEGRADABLE 0
358 97 374 97 374 114.00000000000001 358 114.00000000000001 BIODEGRADABLE 0
371 99 381 99 381 119 371 119 BIODEGRADABLE 0
355 112 369 112 369 129 355 129 BIODEGRADABLE 0
362 127.00000000000001 373 127.00000000000001 373 144 362 144 BIODEGRADABLE 0
347 135 361 135 361 150 347 150 BIODEGRADABLE 0
349 148 363 148 363 168 349 168 BIODEGRADABLE 0
355 172 371 172 371 189 355 189 BIODEGRADABLE 0
357 191 370 191 370 204 357 204 BIODEGRADABLE 0
349 202 362 202 362 215.00000000000003 349 215.00000000000003 BIODEGRADABLE 0
349 215.00000000000003 363 215.00000000000003 363 228.00000000000003 349 228.00000000000003 BIODEGRADABLE 0
358 217 379 217 379 241.00000000000003 358 241.00000000000003 BIODEGRADABLE 0
358 247 376 247 376 269 358 269 BIODEGRADABLE 0
365 264 376 264 376 279 365 279 BIODEGRADABLE 0
344 260 358 260 358 277 344 277 BIODEGRADABLE 0
346 249 359 249 359 262 346 262 BIODEGRADABLE 0
351 234 362 234 362 247 351 247 BIODEGRADABLE 0
342 221 358 221 358 241.00000000000003 342 241.00000000000003 BIODEGRADABLE 0
333 236 349 236 349 256 333 256 BIODEGRADABLE 0
331 256 345 256 345 273 331 273 BIODEGRADABLE 0
319 251 333 251 333 268 319 268 BIODEGRADABLE 0
312 266 326 266 326 279 312 279 BIODEGRADABLE 0
305 252.99999999999997 318 252.99999999999997 318 275 305 275 BIODEGRADABLE 0
349 79 363 79 363 101 349 101 BIODEGRADABLE 0
347 101 355 101 355 118 347 118 BIODEGRADABLE 0
341 106.99999999999999 351 106.99999999999999 351 129 341 129 BIODEGRADABLE 0
334 129 347 129 347 151 334 151 BIODEGRADABLE 0
339 146 352 146 352 166 339 166 BIODEGRADABLE 0
341 167 352 167 352 187 341 187 BIODEGRADABLE 0
346 189 354 189 354 202 346 202 BIODEGRADABLE 0
336 193 342 193 342 206 336 206 BIODEGRADABLE 0
336 208 347 208 347 228.00000000000003 336 228.00000000000003 BIODEGRADABLE 0
321 221 339 221 339 236 321 236 BIODEGRADABLE 0
315 236 333 236 333 251 315 251 BIODEGRADABLE 0
301 226.99999999999997 317 226.99999999999997 317 251 301 251 BIODEGRADABLE 0
292 242.00000000000003 305 242.00000000000003 305 255.00000000000003 292 255.00000000000003 BIODEGRADABLE 0
296 252.99999999999997 304 252.99999999999997 304 275 296 275 BIODEGRADABLE 0
282 251 296 251 296 271 282 271 BIODEGRADABLE 0
270 255.00000000000003 280 255.00000000000003 280 277 270 277 BIODEGRADABLE 0
338 86 349 86 349 108.00000000000001 338 108.00000000000001 BIODEGRADABLE 0
325 84 336 84 336 108.00000000000001 325 108.00000000000001 BIODEGRADABLE 0
333 103 339 103 339 118 333 118 BIODEGRADABLE 0
326 114.00000000000001 339 114.00000000000001 339 136 326 136 BIODEGRADABLE 0
319 133 333 133 333 153 319 153 BIODEGRADABLE 0
317 155 328 155 328 168 317 168 BIODEGRADABLE 0
328 148 339 148 339 163 328 163 BIODEGRADABLE 0
330 161 341 161 341 178 330 178 BIODEGRADABLE 0
325 178 343 178 343 193 325 193 BIODEGRADABLE 0
314 163 328 163 328 183 314 183 BIODEGRADABLE 0
320 187 336 187 336 215.00000000000003 320 215.00000000000003 BIODEGRADABLE 0
301 210 315 210 315 223 301 223 BIODEGRADABLE 0
306 193 320 193 320 206 306 206 BIODEGRADABLE 0
305 176 323 176 323 196 305 196 BIODEGRADABLE 0
294 172 305 172 305 196 294 196 BIODEGRADABLE 0
304 157 317 157 317 181 304 181 BIODEGRADABLE 0
302 142 315 142 315 152 302 152 BIODEGRADABLE 0
302 122 313 122 313 144 302 144 BIODEGRADABLE 0
316 116 326 116 326 131 316 131 BIODEGRADABLE 0
309 97 322 97 322 112 309 112 BIODEGRADABLE 0
302 110 316 110 316 127.00000000000001 302 127.00000000000001 BIODEGRADABLE 0
313 82 323 82 323 97 313 97 BIODEGRADABLE 0
301 86 312 86 312 106 301 106 BIODEGRADABLE 0
294 99 304 99 304 116 294 116 BIODEGRADABLE 0
292 112 302 112 302 129 292 129 BIODEGRADABLE 0
293 125 299 125 299 142 293 142 BIODEGRADABLE 0
285 137 299 137 299 159 285 159 BIODEGRADABLE 0
294 155 302 155 302 170 294 170 BIODEGRADABLE 0
278 156 291 156 291 176 278 176 BIODEGRADABLE 0
281 179 292 179 292 187 281 187 BIODEGRADABLE 0
278 189 291 189 291 206 278 206 BIODEGRADABLE 0
291 195 302 195 302 208 291 208 BIODEGRADABLE 0
289 212 299 212 299 234 289 234 BIODEGRADABLE 0
277 208 288 208 288 232 277 232 BIODEGRADABLE 0
288 231 299 231 299 251 288 251 BIODEGRADABLE 0
275 238 285 238 285 252.99999999999997 275 252.99999999999997 BIODEGRADABLE 0
270 238 275 238 275 251 270 251 BIODEGRADABLE 0
269 213.99999999999997 280 213.99999999999997 280 238 269 238 BIODEGRADABLE 0
268 202 278 202 278 215.00000000000003 268 215.00000000000003 BIODEGRADABLE 0
268 187 276 187 276 202 268 202 BIODEGRADABLE 0
269 170 280 170 280 187 269 187 BIODEGRADABLE 0
270 159 276 159 276 172 270 172 BIODEGRADABLE 0
273 146 289 146 289 161 273 161 BIODEGRADABLE 0
270 138 281 138 281 155 270 155 BIODEGRADABLE 0
268 122 278 122 278 135 268 135 BIODEGRADABLE 0
280 114.00000000000001 294 114.00000000000001 294 138 280 138 BIODEGRADABLE 0
274 112 280 112 280 122 274 122 BIODEGRADABLE 0
280 103 291 103 291 116 280 116 BIODEGRADABLE 0
270 90 283 90 283 112 270 112 BIODEGRADABLE 0
286 88 297 88 297 108.00000000000001 286 108.00000000000001 BIODEGRADABLE 0
36 225.99999999999997 243 225.99999999999997 243 414 36 414 PLASTIC 0
259 62.99999999999999 413 62.99999999999999 413 348 259 348 PLASTIC 0
28 1 272 1 272 225 28 225 PLASTIC 0