99 73 183 73 183 163 99 163 BIODEGRADABLE 0
167 47 247 47 247 85 167 85 BIODEGRADABLE 0
174 83 204 83 204 103 174 103 BIODEGRADABLE 0
110 2 204 2 204 182 110 182 BIODEGRADABLE 0
133 39 234 39 234 167 133 167 BIODEGRADABLE 0
206 162 239.99999999999997 162 239.99999999999997 188 206 188 BIODEGRADABLE 0
238 153 258 153 258 174 238 174 BIODEGRADABLE 0
239.99999999999997 179 252.99999999999997 179 252.99999999999997 195 239.99999999999997 195 BIODEGRADABLE 0
221 187 241.00000000000003 187 241.00000000000003 201 221 201 BIODEGRADABLE 0
191 138 215.00000000000003 138 215.00000000000003 166 191 166 BIODEGRADABLE 0
149 159 189 159 189 191 149 191 BIODEGRADABLE 0
148 178 213.99999999999997 178 213.99999999999997 222 148 222 BIODEGRADABLE 0
129 163 146 163 146 185 129 185 BIODEGRADABLE 0
127.00000000000001 175 153 175 153 233 127.00000000000001 233 BIODEGRADABLE 0
140 182 168 182 168 235 140 235 BIODEGRADABLE 0
144 225.99999999999997 154 225.99999999999997 154 254.00000000000003 144 254.00000000000003 BIODEGRADABLE 0
135 236 148 236 148 257 135 257 BIODEGRADABLE 0
144 254.00000000000003 152 254.00000000000003 152 268 144 268 BIODEGRADABLE 0
131 259 144 259 144 275 131 275 BIODEGRADABLE 0
170 193 241.00000000000003 193 241.00000000000003 271 170 271 BIODEGRADABLE 0
229.00000000000003 221 251 221 251 243 229.00000000000003 243 BIODEGRADABLE 0
219 190 259 190 259 266 219 266 BIODEGRADABLE 0
236 264 256 264 256 294 236 294 BIODEGRADABLE 0
219 262 238.99999999999997 262 238.99999999999997 292 219 292 BIODEGRADABLE 0
198 267 230 267 230 303 198 303 BIODEGRADABLE 0
215.00000000000003 289 258 289 258 318 215.00000000000003 318 BIODEGRADABLE 0
236 304 258 304 258 318 236 318 BIODEGRADABLE 0
232 312 260 312 260 333 232 333 BIODEGRADABLE 0
219 259 236 259 236 329 219 329 BIODEGRADABLE 0
185 278 212.99999999999997 278 212.99999999999997 316 185 316 BIODEGRADABLE 0
92 267 176 267 176 344 92 344 BIODEGRADABLE 0
184 353 380 353 380 415 184 415 BIODEGRADABLE 0
176 311 213.99999999999997 311 213.99999999999997 373 176 373 BIODEGRADABLE 0
159 235 204 235 204 312 159 312 BIODEGRADABLE 0