360 317 402 317 402 371 360 371 BIODEGRADABLE 0
402 312 414 312 414 358 402 358 BIODEGRADABLE 0
378 351 414 351 414 373 378 373 BIODEGRADABLE 0
343 351 375 351 375 373 343 373 BIODEGRADABLE 0
346 295 388 295 388 343 346 343 BIODEGRADABLE 0
349 234 397 234 397 290 349 290 BIODEGRADABLE 0
394 266 414 266 414 312 394 312 BIODEGRADABLE 0
381 217 415 217 415 273 381 273 BIODEGRADABLE 0
401 171 415 171 415 225 401 225 BIODEGRADABLE 0
365 172 407 172 407 212.99999999999997 365 212.99999999999997 BIODEGRADABLE 0
405 80 415 80 415 132 405 132 BIODEGRADABLE 0
391 52 415 52 415 84 391 84 BIODEGRADABLE 0
397 33 415 33 415 61 397 61 BIODEGRADABLE 0
372 16 410 16 410 48 372 48 BIODEGRADABLE 0
381 0 408 0 408 11 381 11 BIODEGRADABLE 0
402 0 414 0 414 26 402 26 BIODEGRADABLE 0
53 35 97 35 97 81 53 81 BIODEGRADABLE 0
84 11 119 11 119 57.00000000000001 84 57.00000000000001 BIODEGRADABLE 0
81 321 123 321 123 375 81 375 BIODEGRADABLE 0
116 336 160 336 160 373 116 373 BIODEGRADABLE 0
161 327 196 327 196 375 161 375 BIODEGRADABLE 0
194 343 230 343 230 375 194 375 BIODEGRADABLE 0
234 345 274 345 274 373 234 373 BIODEGRADABLE 0
278 364 314 364 314 375 278 375 BIODEGRADABLE 0
296 321 345 321 345 373 296 373 BIODEGRADABLE 0
294 243 342 243 342 315 294 315 BIODEGRADABLE 0
281 271 315 271 315 341 281 341 BIODEGRADABLE 0
305 284 349 284 349 328 305 328 BIODEGRADABLE 0
330 180 372 180 372 225.99999999999997 330 225.99999999999997 BIODEGRADABLE 0
330 134 370 134 370 182 330 182 BIODEGRADABLE 0
356 115 414 115 414 171 356 171 BIODEGRADABLE 0
372 105 415 105 415 165 372 165 BIODEGRADABLE 0
356 62.99999999999999 404 62.99999999999999 404 119 356 119 BIODEGRADABLE 0
354 56 384 56 384 106 354 106 BIODEGRADABLE 0
323 1 372 1 372 61 323 61 BIODEGRADABLE 0
340 29 372 29 372 61 340 61 BIODEGRADABLE 0
338 54.00000000000001 364 54.00000000000001 364 82 338 82 BIODEGRADABLE 0
296 41 339 41 339 93 296 93 BIODEGRADABLE 0
318 87 362 87 362 131 318 131 BIODEGRADABLE 0
293 109 342 109 342 167 293 167 BIODEGRADABLE 0
307 169 342 169 342 208 307 208 BIODEGRADABLE 0
308 204 348 204 348 251.99999999999997 308 251.99999999999997 BIODEGRADABLE 0
268 187 310 187 310 247 268 247 BIODEGRADABLE 0
270 152 308 152 308 189 270 189 BIODEGRADABLE 0
255.00000000000003 117 291 117 291 169 255.00000000000003 169 BIODEGRADABLE 0
260 0 302 0 302 44 260 44 BIODEGRADABLE 0
282 0 326 0 326 11 282 11 BIODEGRADABLE 0
251 54.00000000000001 281 54.00000000000001 281 98 251 98 BIODEGRADABLE 0
222 57.00000000000001 264 57.00000000000001 264 117 222 117 BIODEGRADABLE 0
228.00000000000003 115 264 115 264 145 228.00000000000003 145 BIODEGRADABLE 0
193 100 229.00000000000003 100 229.00000000000003 134 193 134 BIODEGRADABLE 0
197 121.00000000000001 232 121.00000000000001 232 169 197 169 BIODEGRADABLE 0
212.99999999999997 156 247 156 247 200 212.99999999999997 200 BIODEGRADABLE 0
248 169 280 169 280 197 248 197 BIODEGRADABLE 0
242.00000000000003 195 270 195 270 234 242.00000000000003 234 BIODEGRADABLE 0
218 215.00000000000003 262 215.00000000000003 262 245 218 245 BIODEGRADABLE 0
207 195 247 195 247 217 207 217 BIODEGRADABLE 0
178 199 220 199 220 262 178 262 BIODEGRADABLE 0
216.00000000000003 236 256 236 256 286 216.00000000000003 286 BIODEGRADABLE 0
225.99999999999997 284 277 284 277 344 225.99999999999997 344 BIODEGRADABLE 0
263 319 297 319 297 369 263 369 BIODEGRADABLE 0
359 317 402 317 402 373 359 373 BIODEGRADABLE 0
251 234 291 234 291 288 251 288 BIODEGRADABLE 0
246 197 270 197 270 236 246 236 BIODEGRADABLE 0
172 260 224 260 224 332 172 332 BIODEGRADABLE 0
202 310 232 310 232 344 202 344 BIODEGRADABLE 0
155 251.99999999999997 191 251.99999999999997 191 293 155 293 BIODEGRADABLE 0
143 171 179 171 179 219 143 219 BIODEGRADABLE 0
171 152 212.99999999999997 152 212.99999999999997 200 171 200 BIODEGRADABLE 0
139 291 175 291 175 343 139 343 BIODEGRADABLE 0
88 265 132 265 132 321 88 321 BIODEGRADABLE 0
100 243 151 243 151 306 100 306 BIODEGRADABLE 0
121.00000000000001 304 139 304 139 334 121.00000000000001 334 BIODEGRADABLE 0
69 357 83 357 83 375 69 375 BIODEGRADABLE 0
0 271 35 271 35 338 0 338 BIODEGRADABLE 0
34 265 64 265 64 306 34 306 BIODEGRADABLE 0
53 247 72 247 72 303 53 303 BIODEGRADABLE 0
64 245 99 245 99 301 64 301 BIODEGRADABLE 0
72 197 112 197 112 251 72 251 BIODEGRADABLE 0
65 174 97 174 97 208 65 208 BIODEGRADABLE 0
94 163 137 163 137 223 94 223 BIODEGRADABLE 0
125.99999999999999 204 164 204 164 260 125.99999999999999 260 BIODEGRADABLE 0
42 206 80 206 80 258 42 258 BIODEGRADABLE 0
0 189 40 189 40 243 0 243 BIODEGRADABLE 0
1 237 37 237 37 271 1 271 BIODEGRADABLE 0
127.00000000000001 152 161 152 161 193 127.00000000000001 193 BIODEGRADABLE 0
129 100 169 100 169 154 129 154 BIODEGRADABLE 0
161 117 185 117 185 154 161 154 BIODEGRADABLE 0
167 102 181 102 181 122 167 122 BIODEGRADABLE 0
172 78 215.00000000000003 78 215.00000000000003 108.00000000000001 172 108.00000000000001 BIODEGRADABLE 0
151 74 177 74 177 102 151 102 BIODEGRADABLE 0
134 61 164 61 164 95 134 95 BIODEGRADABLE 0
173 33 212.99999999999997 33 212.99999999999997 85 173 85 BIODEGRADABLE 0
205 18 247 18 247 72 205 72 BIODEGRADABLE 0
205 0 251.99999999999997 0 251.99999999999997 31 205 31 BIODEGRADABLE 0
156 18 196 18 196 70 156 70 BIODEGRADABLE 0
140 5 186 5 186 42 140 42 BIODEGRADABLE 0
155 0 191 0 191 11 155 11 BIODEGRADABLE 0
114.00000000000001 0 154 0 154 18 114.00000000000001 18 BIODEGRADABLE 0
84 1 122 1 122 9 84 9 BIODEGRADABLE 0
53 1 89 1 89 35 53 35 BIODEGRADABLE 0
12 7 56 7 56 62.99999999999999 12 62.99999999999999 BIODEGRADABLE 0
22 0 54.00000000000001 0 54.00000000000001 11 22 11 BIODEGRADABLE 0
0 0 26 0 26 12 0 12 BIODEGRADABLE 0
0 11 11 11 11 43 0 43 BIODEGRADABLE 0
0 33 11 33 11 62.99999999999999 0 62.99999999999999 BIODEGRADABLE 0
0 61 16 61 16 105 0 105 BIODEGRADABLE 0
10 52 46 52 46 102 10 102 BIODEGRADABLE 0
14.999999999999998 93 61 93 61 156 14.999999999999998 156 BIODEGRADABLE 0
20 154 48 154 48 180 20 180 BIODEGRADABLE 0
35 174 65 174 65 208 35 208 BIODEGRADABLE 0
1 139 21 139 21 193 1 193 BIODEGRADABLE 0
1 100 21 100 21 148 1 148 BIODEGRADABLE 0
53 119 89 119 89 167 53 167 BIODEGRADABLE 0
54.00000000000001 72 102 72 102 128 54.00000000000001 128 BIODEGRADABLE 0
95 68 119 68 119 102 95 102 BIODEGRADABLE 0
112.99999999999999 26 141 26 141 56 112.99999999999999 56 BIODEGRADABLE 0
102 54.00000000000001 138 54.00000000000001 138 91 102 91 BIODEGRADABLE 0
89 135 127.00000000000001 135 127.00000000000001 174 89 174 BIODEGRADABLE 0
127.00000000000001 102 169 102 169 152 127.00000000000001 152 BIODEGRADABLE 0
0 0 415 0 415 376 0 376 BIODEGRADABLE 0