165 0 354 0 354 142 165 142 BIODEGRADABLE 0
339 68 414 68 414 124 339 124 BIODEGRADABLE 0
341 11 414 11 414 79 341 79 BIODEGRADABLE 0
320 5 374 5 374 34 320 34 BIODEGRADABLE 0
384 0 415 0 415 20 384 20 BIODEGRADABLE 0
173 0 393 0 393 7 173 7 BIODEGRADABLE 0
98 0 191 0 191 36 98 36 BIODEGRADABLE 0
9 8 172 8 172 125.99999999999999 9 125.99999999999999 BIODEGRADABLE 0
210 104 414 104 414 254.00000000000003 210 254.00000000000003 BIODEGRADABLE 0
401 187 414 187 414 239.99999999999997 401 239.99999999999997 BIODEGRADABLE 0
14.999999999999998 82 206 82 206 213.99999999999997 14.999999999999998 213.99999999999997 BIODEGRADABLE 0
35 199 95 199 95 257 35 257 BIODEGRADABLE 0
56 212 210 212 210 331 56 331 BIODEGRADABLE 0
201 254.00000000000003 251 254.00000000000003 251 294 201 294 BIODEGRADABLE 0
247 248 285 248 285 280 247 280 BIODEGRADABLE 0
279 258 329 258 329 304 279 304 BIODEGRADABLE 0
343 238 414 238 414 334 343 334 BIODEGRADABLE 0
236 304 339 304 339 415 236 415 BIODEGRADABLE 0
187 294 241.00000000000003 294 241.00000000000003 334 187 334 BIODEGRADABLE 0
140 333 155 333 155 346 140 346 BIODEGRADABLE 0
144 342 157 342 157 355 144 355 BIODEGRADABLE 0
193 368 219 368 219 388 193 388 BIODEGRADABLE 0
116 354 129 354 129 367 116 367 BIODEGRADABLE 0
77 328 92 328 92 342 77 342 BIODEGRADABLE 0
141 408 163 408 163 414 141 414 BIODEGRADABLE 0
99 395 119 395 119 408 99 408 BIODEGRADABLE 0
86 392 101 392 101 406 86 406 BIODEGRADABLE 0
81 408 101 408 101 414 81 414 BIODEGRADABLE 0
69 381 84 381 84 397 69 397 BIODEGRADABLE 0
65 392 75 392 75 403 65 403 BIODEGRADABLE 0
36 375 56 375 56 389 36 389 BIODEGRADABLE 0
39 355 61 355 61 377 39 377 BIODEGRADABLE 0
28 321 54.00000000000001 321 54.00000000000001 363 28 363 BIODEGRADABLE 0
14.999999999999998 315 29.999999999999996 315 29.999999999999996 329 14.999999999999998 329 BIODEGRADABLE 0
0 296 26 296 26 358 0 358 BIODEGRADABLE 0
20 301 29.999999999999996 301 29.999999999999996 312 20 312 BIODEGRADABLE 0
18 288 28 288 28 299 18 299 BIODEGRADABLE 0
0 61 24 61 24 275 0 275 BIODEGRADABLE 0
358 105 414 105 414 158 358 158 BIODEGRADABLE 0