229.00000000000003 9 329 9 329 91 229.00000000000003 91 BIODEGRADABLE 0
326 112.99999999999999 416 112.99999999999999 416 205 326 205 BIODEGRADABLE 0
329 185 399 185 399 267 329 267 BIODEGRADABLE 0
237 224 346 224 346 320 237 320 BIODEGRADABLE 0
67 259 119 259 119 322 67 322 BIODEGRADABLE 0
32 305 69 305 69 342 32 342 BIODEGRADABLE 0
13 293 61 293 61 361 13 361 BIODEGRADABLE 0
14.999999999999998 178 153 178 153 250 14.999999999999998 250 BIODEGRADABLE 0
81 45 137 45 137 215.00000000000003 81 215.00000000000003 BIODEGRADABLE 0
24 137 80 137 80 179 24 179 BIODEGRADABLE 0
67 33 145 33 145 89 67 89 BIODEGRADABLE 0
133 145 220 145 220 204 133 204 BIODEGRADABLE 0
200 74 320 74 320 192 200 192 BIODEGRADABLE 0
303 187 316 187 316 233 303 233 BIODEGRADABLE 0
165 94 335 94 335 122 165 122 BIODEGRADABLE 0
301 87 357 87 357 103 301 103 BIODEGRADABLE 0
324 65 372 65 372 106.99999999999999 324 106.99999999999999 BIODEGRADABLE 0
327 50 381 50 381 68 327 68 BIODEGRADABLE 0
344 59 381 59 381 85 344 85 BIODEGRADABLE 0
170 174 218 174 218 224 170 224 BIODEGRADABLE 0
135 144 209 144 209 207 135 207 BIODEGRADABLE 0
250 300 357 300 357 361 250 361 BIODEGRADABLE 0
159 311 251 311 251 381 159 381 BIODEGRADABLE 0
93 359 189 359 189 415 93 415 BIODEGRADABLE 0
198 364 305 364 305 414 198 414 BIODEGRADABLE 0
245 1 316 1 316 21 245 21 BIODEGRADABLE 0
9 1 415 1 415 414 9 414 BIODEGRADABLE 0