74 1 217 1 217 146 74 146 BIODEGRADABLE 0
127.00000000000001 121.00000000000001 177 121.00000000000001 177 171 127.00000000000001 171 BIODEGRADABLE 0
212.99999999999997 64 265 64 265 116 212.99999999999997 116 BIODEGRADABLE 0
251 73 303 73 303 119 251 119 BIODEGRADABLE 0
52 71 84 71 84 128 52 128 BIODEGRADABLE 0
37 125 90 125 90 184 37 184 BIODEGRADABLE 0
197 155 269 155 269 251 197 251 BIODEGRADABLE 0
141 175 199 175 199 237 141 237 BIODEGRADABLE 0
127.00000000000001 152 179 152 179 209 127.00000000000001 209 BIODEGRADABLE 0
91 189 125.99999999999999 189 125.99999999999999 238.99999999999997 91 238.99999999999997 BIODEGRADABLE 0
94 146 140 146 140 196 94 196 BIODEGRADABLE 0
347 0 415 0 415 414 347 414 METAL 0
1 1 353 1 353 414 1 414 GLASS 0