94 258 260 258 260 370 94 370 BIODEGRADABLE 0
208 311 262 311 262 341 208 341 BIODEGRADABLE 0
159 342 216.00000000000003 342 216.00000000000003 368 159 368 BIODEGRADABLE 0
104 341 154 341 154 370 104 370 BIODEGRADABLE 0
127.00000000000001 326 169 326 169 351 127.00000000000001 351 BIODEGRADABLE 0
166 315 203 315 203 339 166 339 BIODEGRADABLE 0
149 302 183 302 183 318 149 318 BIODEGRADABLE 0
156 295 198 295 198 311 156 311 BIODEGRADABLE 0
92 282 139 282 139 311 92 311 BIODEGRADABLE 0
141 261 188 261 188 291 141 291 BIODEGRADABLE 0
75 312 169 312 169 387 75 387 BIODEGRADABLE 0
65 212.99999999999997 117 212.99999999999997 117 235 65 235 BIODEGRADABLE 0
50 175 90 175 90 199 50 199 BIODEGRADABLE 0
92 182 152 182 152 213.99999999999997 92 213.99999999999997 BIODEGRADABLE 0
119 219 181 219 181 248 119 248 BIODEGRADABLE 0
156 190 212.99999999999997 190 212.99999999999997 219 156 219 BIODEGRADABLE 0
114.00000000000001 160 164 160 164 190 114.00000000000001 190 BIODEGRADABLE 0
89 169 119 169 119 183 89 183 BIODEGRADABLE 0
193 179 243 179 243 204 193 204 BIODEGRADABLE 0
161 173 198 173 198 193 161 193 BIODEGRADABLE 0
164 147 208 147 208 175 164 175 BIODEGRADABLE 0
186 125 230 125 230 153 186 153 BIODEGRADABLE 0
228.00000000000003 125 275 125 275 146 228.00000000000003 146 BIODEGRADABLE 0
228.00000000000003 142 288 142 288 164 228.00000000000003 164 BIODEGRADABLE 0
212.99999999999997 154 260 154 260 174 212.99999999999997 174 BIODEGRADABLE 0
228.00000000000003 171 292 171 292 207 228.00000000000003 207 BIODEGRADABLE 0
252.99999999999997 202 293 202 293 225.99999999999997 252.99999999999997 225.99999999999997 BIODEGRADABLE 0
265 164 315 164 315 189 265 189 BIODEGRADABLE 0
275 146 309 146 309 174 275 174 BIODEGRADABLE 0
293 185 347 185 347 210 293 210 BIODEGRADABLE 0
315 178 369 178 369 212 315 212 BIODEGRADABLE 0
322 151 364 151 364 190 322 190 BIODEGRADABLE 0
349 175 381 175 381 200 349 200 BIODEGRADABLE 0
23 56 265 56 265 146 23 146 BIODEGRADABLE 0
52 122 386 122 386 250 52 250 BIODEGRADABLE 0
332 5 414 5 414 125 332 125 BIODEGRADABLE 0
294 1 387 1 387 7 294 7 BIODEGRADABLE 0
255.00000000000003 392 297 392 297 412 255.00000000000003 412 BIODEGRADABLE 0
261 369 305 369 305 390 261 390 BIODEGRADABLE 0
248 368 273 368 273 385 248 385 BIODEGRADABLE 0
263 344 305 344 305 369 263 369 BIODEGRADABLE 0
287 331 337 331 337 358 287 358 BIODEGRADABLE 0
292 390 334 390 334 411 292 411 BIODEGRADABLE 0
300 375 344 375 344 396 300 396 BIODEGRADABLE 0
317 361 349 361 349 385 317 385 BIODEGRADABLE 0
327 401 377 401 377 415 327 415 BIODEGRADABLE 0
342 377 369 377 369 405 342 405 BIODEGRADABLE 0
313 314 357 314 357 335 313 335 BIODEGRADABLE 0
300 324 334 324 334 340 300 340 BIODEGRADABLE 0
342 295 376 295 376 323 342 323 BIODEGRADABLE 0
337 317 379 317 379 339 337 339 BIODEGRADABLE 0
344 338 384 338 384 365 344 365 BIODEGRADABLE 0
350 361 384 361 384 375 350 375 BIODEGRADABLE 0
364 374 414 374 414 405 364 405 BIODEGRADABLE 0
377 347 411 347 411 374 377 374 BIODEGRADABLE 0
384 333 414 333 414 347 384 347 BIODEGRADABLE 0
392 304 414 304 414 325 392 325 BIODEGRADABLE 0
392 276 414 276 414 298 392 298 BIODEGRADABLE 0
404 405 414 405 414 415 404 415 BIODEGRADABLE 0
252.99999999999997 277 414 277 414 415 252.99999999999997 415 BIODEGRADABLE 0