78 238.99999999999997 235 238.99999999999997 235 403 78 403 BIODEGRADABLE 0
1 342 34 342 34 371 1 371 BIODEGRADABLE 0
7 318 41 318 41 340 7 340 BIODEGRADABLE 0
1 321 9 321 9 341 1 341 BIODEGRADABLE 0
70 0 111 0 111 21 70 21 BIODEGRADABLE 0
217 171 376 171 376 335 217 335 BIODEGRADABLE 0
49 98 189 98 189 238 49 238 BIODEGRADABLE 0
207 6 375 6 375 170 207 170 BIODEGRADABLE 0
281 306 379 306 379 370 281 370 BIODEGRADABLE 0
344 337 414 337 414 415 344 415 BIODEGRADABLE 0
387 263 415 263 415 339 387 339 BIODEGRADABLE 0