140 87 228.00000000000003 87 228.00000000000003 223 140 223 BIODEGRADABLE 0
174 193 222 193 222 309 174 309 BIODEGRADABLE 0
151 225 184 225 184 409 151 409 BIODEGRADABLE 0
131 284 155 284 155 343 131 343 BIODEGRADABLE 0
110 250 136 250 136 336 110 336 BIODEGRADABLE 0
78 325 122 325 122 391 78 391 BIODEGRADABLE 0
73 296 112 296 112 346 73 346 BIODEGRADABLE 0
83 235 109 235 109 305 83 305 BIODEGRADABLE 0
94 193 127.00000000000001 193 127.00000000000001 250 94 250 BIODEGRADABLE 0
69 118 122 118 122 246 69 246 BIODEGRADABLE 0
102 50 190 50 190 119.99999999999999 102 119.99999999999999 BIODEGRADABLE 0
202 41 264 41 264 116 202 116 BIODEGRADABLE 0
248 46 299 46 299 94 248 94 BIODEGRADABLE 0
223 87 341 87 341 171 223 171 BIODEGRADABLE 0
352 109 415 109 415 222 352 222 BIODEGRADABLE 0
302 106.99999999999999 364 106.99999999999999 364 182 302 182 BIODEGRADABLE 0
311 161 350 161 350 225 311 225 BIODEGRADABLE 0
285 137 325 137 325 191 285 191 BIODEGRADABLE 0
249 196 332 196 332 276 249 276 BIODEGRADABLE 0
223 171 279 171 279 237 223 237 BIODEGRADABLE 0
211 237 249 237 249 294 211 294 BIODEGRADABLE 0
236 268 296 268 296 332 236 332 BIODEGRADABLE 0
178 289 276 289 276 407 178 407 BIODEGRADABLE 0
184 348 216.00000000000003 348 216.00000000000003 414 184 414 BIODEGRADABLE 0
212.99999999999997 380 249 380 249 414 212.99999999999997 414 BIODEGRADABLE 0
267 321 344 321 344 414 267 414 BIODEGRADABLE 0
343 366 391 366 391 412 343 412 BIODEGRADABLE 0
358 305 406 305 406 373 358 373 BIODEGRADABLE 0
332 193 408 193 408 316 332 316 BIODEGRADABLE 0
395 222 415 222 415 328 395 328 BIODEGRADABLE 0