45 273 92 273 92 302 45 302 BIODEGRADABLE 0
20 290 64 290 64 318 20 318 BIODEGRADABLE 0
3 289 59.99999999999999 289 59.99999999999999 415 3 415 BIODEGRADABLE 0
23 384 75 384 75 412 23 412 BIODEGRADABLE 0
33 325 65 325 65 346 33 346 BIODEGRADABLE 0
117 273 181 273 181 333 117 333 BIODEGRADABLE 0
127.00000000000001 341 225.99999999999997 341 225.99999999999997 415 127.00000000000001 415 BIODEGRADABLE 0
95 337 181 337 181 415 95 415 BIODEGRADABLE 0
124 338 151 338 151 362 124 362 BIODEGRADABLE 0
223 282 349 282 349 376 223 376 BIODEGRADABLE 0
275 233 397 233 397 296 275 296 BIODEGRADABLE 0
278 286 342 286 342 307 278 307 BIODEGRADABLE 0
280 205 415 205 415 263 280 263 BIODEGRADABLE 0
270 201 304 201 304 233 270 233 BIODEGRADABLE 0
312 191 415 191 415 232 312 232 BIODEGRADABLE 0
307 137 401 137 401 194 307 194 BIODEGRADABLE 0
255.00000000000003 136 329 136 329 200 255.00000000000003 200 BIODEGRADABLE 0
84 222 161 222 161 276 84 276 BIODEGRADABLE 0
20 188 109 188 109 268 20 268 BIODEGRADABLE 0
62 244 102 244 102 276 62 276 BIODEGRADABLE 0
3 225 37 225 37 264 3 264 BIODEGRADABLE 0
3 173 29.999999999999996 173 29.999999999999996 219 3 219 BIODEGRADABLE 0
3 65 99 65 99 223 3 223 BIODEGRADABLE 0
52 88 161 88 161 186 52 186 BIODEGRADABLE 0
104 66 181 66 181 186 104 186 BIODEGRADABLE 0
151 43 181 43 181 59 151 59 BIODEGRADABLE 0
131 35 156 35 156 49 131 49 BIODEGRADABLE 0
125.99999999999999 51 151 51 151 65 125.99999999999999 65 BIODEGRADABLE 0
94 41 125.99999999999999 41 125.99999999999999 52 94 52 BIODEGRADABLE 0
99 27.000000000000004 129 27.000000000000004 129 39 99 39 BIODEGRADABLE 0
117 14 149 14 149 29.999999999999996 117 29.999999999999996 BIODEGRADABLE 0
131 26 156 26 156 36 131 36 BIODEGRADABLE 0
94 2 131 2 131 14 94 14 BIODEGRADABLE 0
79 14 109 14 109 26 79 26 BIODEGRADABLE 0
67 28 101 28 101 46 67 46 BIODEGRADABLE 0
33 0 87 0 87 40 33 40 BIODEGRADABLE 0
7 0 57.00000000000001 0 57.00000000000001 21 7 21 BIODEGRADABLE 0
131 0 191 0 191 22 131 22 BIODEGRADABLE 0
151 25 183 25 183 37 151 37 BIODEGRADABLE 0
327 80 415 80 415 117 327 117 BIODEGRADABLE 0
258 57.00000000000001 392 57.00000000000001 392 114.00000000000001 258 114.00000000000001 BIODEGRADABLE 0
282 116 406 116 406 142 282 142 BIODEGRADABLE 0
114.00000000000001 272 236 272 236 350 114.00000000000001 350 GLASS 0
154 47 387 47 387 97 154 97 GLASS 0
183 22 389 22 389 59.99999999999999 183 59.99999999999999 GLASS 0