307 190 351 190 351 390 307 390 BIODEGRADABLE 0
250 207 312 207 312 414 250 414 BIODEGRADABLE 0
142 168 238 168 238 414 142 414 BIODEGRADABLE 0
94 350 140 350 140 412 94 412 BIODEGRADABLE 0
122 306 154 306 154 376 122 376 BIODEGRADABLE 0
119 314 129 314 129 344 119 344 BIODEGRADABLE 0
84 286 118 286 118 344 84 344 BIODEGRADABLE 0
56 309 84 309 84 363 56 363 BIODEGRADABLE 0
55 224 99 224 99 312 55 312 BIODEGRADABLE 0
97 251.99999999999997 127.00000000000001 251.99999999999997 127.00000000000001 297 97 297 BIODEGRADABLE 0
111 231 145 231 145 267 111 267 BIODEGRADABLE 0
71 124 140 124 140 213.99999999999997 71 213.99999999999997 BIODEGRADABLE 0
105 86 135 86 135 125.99999999999999 105 125.99999999999999 BIODEGRADABLE 0
69 54.00000000000001 103 54.00000000000001 103 122 69 122 BIODEGRADABLE 0
98 14.999999999999998 124 14.999999999999998 124 81 98 81 BIODEGRADABLE 0
84 5 110 5 110 47 84 47 BIODEGRADABLE 0
117 4 193 4 193 160 117 160 BIODEGRADABLE 0
191 112.99999999999999 215.00000000000003 112.99999999999999 215.00000000000003 145 191 145 BIODEGRADABLE 0
223 152 268 152 268 184 223 184 BIODEGRADABLE 0
211 124 225 124 225 166 211 166 BIODEGRADABLE 0
206 47 236 47 236 103 206 103 BIODEGRADABLE 0
220 79 248 79 248 124 220 124 BIODEGRADABLE 0
238 34 267 34 267 98 238 98 BIODEGRADABLE 0
235 118 280 118 280 158 235 158 BIODEGRADABLE 0
277 86 299 86 299 154 277 154 BIODEGRADABLE 0
254.00000000000003 77 278 77 278 135 254.00000000000003 135 BIODEGRADABLE 0
255.00000000000003 32 299 32 299 64 255.00000000000003 64 BIODEGRADABLE 0
275 29.999999999999996 295 29.999999999999996 295 72 275 72 BIODEGRADABLE 0
256 13 302 13 302 35 256 35 BIODEGRADABLE 0
299 29.999999999999996 339 29.999999999999996 339 62 299 62 BIODEGRADABLE 0
299 56 328 56 328 106.99999999999999 299 106.99999999999999 BIODEGRADABLE 0
307 81 339 81 339 135 307 135 BIODEGRADABLE 0
328 45 354 45 354 85 328 85 BIODEGRADABLE 0
339 83 359 83 359 98 339 98 BIODEGRADABLE 0
315 101 335 101 335 133 315 133 BIODEGRADABLE 0
195 9 362 9 362 179 195 179 BIODEGRADABLE 0