75 283 149 283 149 375 75 375 BIODEGRADABLE 0
147 288 218 288 218 394 147 394 BIODEGRADABLE 0
165 200 238.99999999999997 200 238.99999999999997 290 165 290 BIODEGRADABLE 0
135 252.99999999999997 168 252.99999999999997 168 307 135 307 BIODEGRADABLE 0
217 273 301 273 301 373 217 373 BIODEGRADABLE 0
223 234 293 234 293 290 223 290 BIODEGRADABLE 0
298 239.99999999999997 378 239.99999999999997 378 340 298 340 BIODEGRADABLE 0
280 202 351 202 351 268 280 268 BIODEGRADABLE 0
218 175 332 175 332 229.00000000000003 218 229.00000000000003 BIODEGRADABLE 0
177 7 217 7 217 213.99999999999997 177 213.99999999999997 BIODEGRADABLE 0
94 192 174 192 174 262 94 262 BIODEGRADABLE 0