25 394 105 394 105 415 25 415 BIODEGRADABLE 0
2 378 48 378 48 409 2 409 BIODEGRADABLE 0
34 363 84 363 84 398 34 398 BIODEGRADABLE 0
80 363 123 363 123 398 80 398 BIODEGRADABLE 0
103 388 157 388 157 415 103 415 BIODEGRADABLE 0
139 388 207 388 207 415 139 415 BIODEGRADABLE 0
205 392 252.99999999999997 392 252.99999999999997 415 205 415 BIODEGRADABLE 0
246 388 296 388 296 415 246 415 BIODEGRADABLE 0
293 374 359 374 359 415 293 415 BIODEGRADABLE 0
357 392 400 392 400 414 357 414 BIODEGRADABLE 0
404 383 415 383 415 415 404 415 BIODEGRADABLE 0
413 335 415 335 415 384 413 384 BIODEGRADABLE 0
337 336 405 336 405 386 337 386 BIODEGRADABLE 0
314 347 344 347 344 373 314 373 BIODEGRADABLE 0
259 333 291 333 291 381 259 381 BIODEGRADABLE 0
268 356 314 356 314 392 268 392 BIODEGRADABLE 0
119 335 271 335 271 400 119 400 BIODEGRADABLE 0
87 303 171 303 171 353 87 353 BIODEGRADABLE 0
78 331 116 331 116 363 78 363 BIODEGRADABLE 0
18 286 100 286 100 362 18 362 BIODEGRADABLE 0
2 321 80 321 80 380 2 380 BIODEGRADABLE 0
3 309 21 309 21 331 3 331 BIODEGRADABLE 0
2 256 50 256 50 314 2 314 BIODEGRADABLE 0
50 257 91 257 91 294 50 294 BIODEGRADABLE 0
87 245 191 245 191 307 87 307 BIODEGRADABLE 0
186 252.99999999999997 266 252.99999999999997 266 303 186 303 BIODEGRADABLE 0
171 294 264 294 264 353 171 353 BIODEGRADABLE 0
291 269 375 269 375 351 291 351 BIODEGRADABLE 0
259 251 343 251 343 327 259 327 BIODEGRADABLE 0
248 232 318 232 318 294 248 294 BIODEGRADABLE 0
2 206 29.999999999999996 206 29.999999999999996 252.99999999999997 2 252.99999999999997 BIODEGRADABLE 0
21 245 59 245 59 271 21 271 BIODEGRADABLE 0
21 194 106.99999999999999 194 106.99999999999999 256 21 256 BIODEGRADABLE 0
100 200 198 200 198 259 100 259 BIODEGRADABLE 0
94 185 153 185 153 212 94 212 BIODEGRADABLE 0
3 191 41 191 41 207 3 207 BIODEGRADABLE 0
2 173 16 173 16 195 2 195 BIODEGRADABLE 0
16 165 46 165 46 181 16 181 BIODEGRADABLE 0
2 150 29.999999999999996 150 29.999999999999996 170 2 170 BIODEGRADABLE 0
12 138 48 138 48 162 12 162 BIODEGRADABLE 0
3 62 106.99999999999999 62 106.99999999999999 142 3 142 BIODEGRADABLE 0
2 103 32 103 32 147 2 147 BIODEGRADABLE 0
2 55 16 55 16 81 2 81 BIODEGRADABLE 0
2 1 80 1 80 59 2 59 BIODEGRADABLE 0
62 38 130 38 130 90 62 90 BIODEGRADABLE 0
106.99999999999999 76 175 76 175 128 106.99999999999999 128 BIODEGRADABLE 0
121.00000000000001 129 159 129 159 145 121.00000000000001 145 BIODEGRADABLE 0
125.99999999999999 144 164 144 164 160 125.99999999999999 160 BIODEGRADABLE 0
46 135 150 135 150 199 46 199 BIODEGRADABLE 0
150 164 196 164 196 211 150 211 BIODEGRADABLE 0
185 153 287 153 287 203 185 203 BIODEGRADABLE 0
198 200 276 200 276 247 198 247 BIODEGRADABLE 0
187 238.99999999999997 237 238.99999999999997 237 265 187 265 BIODEGRADABLE 0
341 210 415 210 415 274 341 274 BIODEGRADABLE 0
391 251.99999999999997 415 251.99999999999997 415 288 391 288 BIODEGRADABLE 0
400 287 415 287 415 308 400 308 BIODEGRADABLE 0
310 212 348 212 348 251.99999999999997 310 251.99999999999997 BIODEGRADABLE 0
323 247 348 247 348 268 323 268 BIODEGRADABLE 0
278 200 328 200 328 232 278 232 BIODEGRADABLE 0
282 221 310 221 310 245 282 245 BIODEGRADABLE 0
275 159 357 159 357 205 275 205 BIODEGRADABLE 0
332 179 400 179 400 225.99999999999997 332 225.99999999999997 BIODEGRADABLE 0
364 144 412 144 412 184 364 184 BIODEGRADABLE 0
330 153 368 153 368 188 330 188 BIODEGRADABLE 0
298 127.00000000000001 360 127.00000000000001 360 165 298 165 BIODEGRADABLE 0
287 119.99999999999999 309 119.99999999999999 309 144 287 144 BIODEGRADABLE 0
255.00000000000003 112 301 112 301 139 255.00000000000003 139 BIODEGRADABLE 0
246 134 294 134 294 170 246 170 BIODEGRADABLE 0
175 132 237 132 237 162 175 162 BIODEGRADABLE 0
155 108.00000000000001 193 108.00000000000001 193 152 155 152 BIODEGRADABLE 0
196 95 260 95 260 147 196 147 BIODEGRADABLE 0
159 53 226.99999999999997 53 226.99999999999997 106 159 106 BIODEGRADABLE 0
116 41 166 41 166 77 116 77 BIODEGRADABLE 0
144 27.000000000000004 180 27.000000000000004 180 59 144 59 BIODEGRADABLE 0
70 1 171 1 171 32 70 32 BIODEGRADABLE 0
105 29.999999999999996 125 29.999999999999996 125 44 105 44 BIODEGRADABLE 0
159 3 223 3 223 55 159 55 BIODEGRADABLE 0
213.99999999999997 46 255.00000000000003 46 255.00000000000003 82 213.99999999999997 82 BIODEGRADABLE 0
234 56 312 56 312 110 234 110 BIODEGRADABLE 0
206 1 285 1 285 47 206 47 BIODEGRADABLE 0
252.99999999999997 3 307 3 307 53 252.99999999999997 53 BIODEGRADABLE 0
280 29 328 29 328 64 280 64 BIODEGRADABLE 0
307 50 369 50 369 96 307 96 BIODEGRADABLE 0
307 91 355 91 355 129 307 129 BIODEGRADABLE 0
355 121.00000000000001 387 121.00000000000001 387 145 355 145 BIODEGRADABLE 0
355 139 385 139 385 157 355 157 BIODEGRADABLE 0
353 83 412 83 412 123 353 123 BIODEGRADABLE 0
364 52 407 52 407 84 364 84 BIODEGRADABLE 0
380 80 400 80 400 89 380 89 BIODEGRADABLE 0
350 46 378 46 378 67 350 67 BIODEGRADABLE 0
330 29 362 29 362 51 330 51 BIODEGRADABLE 0
304 1 358 1 358 35 304 35 BIODEGRADABLE 0
293 1 334 1 334 11 293 11 BIODEGRADABLE 0
353 16 385 16 385 38 353 38 BIODEGRADABLE 0
382 17 412 17 412 51 382 51 BIODEGRADABLE 0
368 1 401 1 401 18 368 18 BIODEGRADABLE 0
354 1 378 1 378 18 354 18 BIODEGRADABLE 0
395 1 415 1 415 51 395 51 BIODEGRADABLE 0
388 61 415 61 415 144 388 144 BIODEGRADABLE 0
2 1 415 1 415 415 2 415 BIODEGRADABLE 0