1 3 97 3 97 98 1 98 BIODEGRADABLE 0
1 49 50 49 50 225.99999999999997 1 225.99999999999997 BIODEGRADABLE 0
2 206 53 206 53 347 2 347 BIODEGRADABLE 0
5 305 110 305 110 415 5 415 BIODEGRADABLE 0
53 149 136 149 136 308 53 308 BIODEGRADABLE 0
147 123 243 123 243 311 147 311 BIODEGRADABLE 0
83 18 180 18 180 190 83 190 BIODEGRADABLE 0
112.99999999999999 3 165 3 165 19 112.99999999999999 19 BIODEGRADABLE 0
134 193 183 193 183 331 134 331 BIODEGRADABLE 0
100 292 171 292 171 415 100 415 BIODEGRADABLE 0
168 288 246 288 246 398 168 398 BIODEGRADABLE 0
161 370 229.00000000000003 370 229.00000000000003 415 161 415 BIODEGRADABLE 0
225 382 273 382 273 415 225 415 BIODEGRADABLE 0
228.00000000000003 308 275 308 275 408 228.00000000000003 408 BIODEGRADABLE 0
261 225.99999999999997 297 225.99999999999997 297 316 261 316 BIODEGRADABLE 0
217 185 285 185 285 311 217 311 BIODEGRADABLE 0
235 5 351 5 351 221 235 221 BIODEGRADABLE 0
174 3 274 3 274 152 174 152 BIODEGRADABLE 0
309 3 383 3 383 49 309 49 BIODEGRADABLE 0
380 2 415 2 415 62 380 62 BIODEGRADABLE 0
345 67 415 67 415 201 345 201 BIODEGRADABLE 0
292 159 392 159 392 334 292 334 BIODEGRADABLE 0
271 288 337 288 337 414 271 414 BIODEGRADABLE 0
328 332 351 332 351 416 328 416 BIODEGRADABLE 0
349 336 415 336 415 415 349 415 BIODEGRADABLE 0
344 249 408 249 408 355 344 355 BIODEGRADABLE 0
408 241.00000000000003 415 241.00000000000003 415 348 408 348 BIODEGRADABLE 0