138 1 365 1 365 415 138 415 BIODEGRADABLE 0
41 2 137 2 137 258 41 258 BIODEGRADABLE 0
3 2 57.00000000000001 2 57.00000000000001 224 3 224 BIODEGRADABLE 0
2 115 59.99999999999999 115 59.99999999999999 415 2 415 BIODEGRADABLE 0
16 276 130 276 130 416 16 416 BIODEGRADABLE 0
66 242.00000000000003 202 242.00000000000003 202 407 66 407 BIODEGRADABLE 0
118 370 206 370 206 415 118 415 BIODEGRADABLE 0
127.00000000000001 268 303 268 303 415 127.00000000000001 415 BIODEGRADABLE 0
237 233 278 233 278 336 237 336 BIODEGRADABLE 0
262 171 416 171 416 333 262 333 BIODEGRADABLE 0
246 91 387 91 387 262 246 262 BIODEGRADABLE 0
243 82 355 82 355 174 243 174 BIODEGRADABLE 0
318 81 415 81 415 209 318 209 BIODEGRADABLE 0
348 1 415 1 415 128 348 128 BIODEGRADABLE 0
260 2 346 2 346 128 260 128 BIODEGRADABLE 0
205 2 273 2 273 82 205 82 BIODEGRADABLE 0
366 328 416 328 416 415 366 415 BIODEGRADABLE 0
279 249 368 249 368 415 279 415 BIODEGRADABLE 0