0 99 46 99 46 198 0 198 BIODEGRADABLE 0
0 77 25 77 25 114.00000000000001 0 114.00000000000001 BIODEGRADABLE 0
0 156 10 156 10 220 0 220 BIODEGRADABLE 0
14 171 48 171 48 228.00000000000003 14 228.00000000000003 BIODEGRADABLE 0
203 0 263 0 263 92 203 92 BIODEGRADABLE 0
262 35 308 35 308 82 262 82 BIODEGRADABLE 0
310 42 358 42 358 134 310 134 BIODEGRADABLE 0
287 87 339 87 339 164 287 164 BIODEGRADABLE 0
330 129 358 129 358 189 330 189 BIODEGRADABLE 0
287 157 326 157 326 191 287 191 BIODEGRADABLE 0
323 164 341 164 341 184 323 184 BIODEGRADABLE 0
246 131 292 131 292 188 246 188 BIODEGRADABLE 0
259 92 293 92 293 139 259 139 BIODEGRADABLE 0
216.00000000000003 52 273 52 273 141 216.00000000000003 141 BIODEGRADABLE 0
225.99999999999997 116 251 116 251 166 225.99999999999997 166 BIODEGRADABLE 0
187 112 229.00000000000003 112 229.00000000000003 159 187 159 BIODEGRADABLE 0
189 146 250 146 250 198 189 198 BIODEGRADABLE 0
165 161 189 161 189 198 165 198 BIODEGRADABLE 0
153 106.99999999999999 197 106.99999999999999 197 189 153 189 BIODEGRADABLE 0
158 92 201 92 201 122 158 122 BIODEGRADABLE 0
166 47 204 47 204 106.99999999999999 166 106.99999999999999 BIODEGRADABLE 0
134 69 168 69 168 119 134 119 BIODEGRADABLE 0
115 112 154 112 154 179 115 179 BIODEGRADABLE 0
121.00000000000001 85 139 85 139 117 121.00000000000001 117 BIODEGRADABLE 0
106.99999999999999 114.00000000000001 123 114.00000000000001 123 125.99999999999999 106.99999999999999 125.99999999999999 BIODEGRADABLE 0
97 125.99999999999999 115 125.99999999999999 115 151 97 151 BIODEGRADABLE 0
95 151 106 151 106 178 95 178 BIODEGRADABLE 0
103 156 119 156 119 183 103 183 BIODEGRADABLE 0
56 144 85 144 85 174 56 174 BIODEGRADABLE 0
83 154 99 154 99 181 83 181 BIODEGRADABLE 0
45 144 53 144 53 169 45 169 BIODEGRADABLE 0
50 161 76 161 76 191 50 191 BIODEGRADABLE 0
333 352 358 352 358 414 333 414 BIODEGRADABLE 0
322 280 358 280 358 402 322 402 BIODEGRADABLE 0
319 188 358 188 358 302 319 302 BIODEGRADABLE 0
238.99999999999997 298 321 298 321 414 238.99999999999997 414 BIODEGRADABLE 0
297 268 331 268 331 325 297 325 BIODEGRADABLE 0
291 191 334 191 334 290 291 290 BIODEGRADABLE 0
231 189 301 189 301 295 231 295 BIODEGRADABLE 0
238.99999999999997 275 300 275 300 345 238.99999999999997 345 BIODEGRADABLE 0
265 184 299 184 299 216.00000000000003 265 216.00000000000003 BIODEGRADABLE 0
317 186 343 186 343 211 317 211 BIODEGRADABLE 0
199 189 247 189 247 278 199 278 BIODEGRADABLE 0
189 272 245 272 245 394 189 394 BIODEGRADABLE 0
191 389 247 389 247 414 191 414 BIODEGRADABLE 0
154 362 202 362 202 414 154 414 BIODEGRADABLE 0
159 275 203 275 203 374 159 374 BIODEGRADABLE 0
161 184 211 184 211 290 161 290 BIODEGRADABLE 0
125 186 163 186 163 272 125 272 BIODEGRADABLE 0
146 273 172 273 172 307 146 307 BIODEGRADABLE 0
89 260 159 260 159 376 89 376 BIODEGRADABLE 0
81 354 153 354 153 414 81 414 BIODEGRADABLE 0
57.00000000000001 344 96 344 96 414 57.00000000000001 414 BIODEGRADABLE 0
64 260 103 260 103 349 64 349 BIODEGRADABLE 0
18 337 64 337 64 414 18 414 BIODEGRADABLE 0
5 357 21 357 21 414 5 414 BIODEGRADABLE 0
45 277 71 277 71 354 45 354 BIODEGRADABLE 0
78 231 128 231 128 268 78 268 BIODEGRADABLE 0
96 181 153 181 153 233 96 233 BIODEGRADABLE 0
50 241.00000000000003 76 241.00000000000003 76 285 50 285 BIODEGRADABLE 0
64 176 111 176 111 238 64 238 BIODEGRADABLE 0
36 186 65 186 65 238 36 238 BIODEGRADABLE 0
0 225 46 225 46 327 0 327 BIODEGRADABLE 0
4 255.00000000000003 56 255.00000000000003 56 357 4 357 BIODEGRADABLE 0
1 327 17 327 17 413 1 413 BIODEGRADABLE 0