32 161 389 161 389 400 32 400 BIODEGRADABLE 0
209 220 320 220 320 370 209 370 BIODEGRADABLE 0
135 254.00000000000003 238.99999999999997 254.00000000000003 238.99999999999997 370 135 370 BIODEGRADABLE 0
87 254.00000000000003 150 254.00000000000003 150 348 87 348 BIODEGRADABLE 0
71 50 357 50 357 246 71 246 BIODEGRADABLE 0
275 340 415 340 415 415 275 415 BIODEGRADABLE 0
236 394 276 394 276 415 236 415 BIODEGRADABLE 0
2 18 78 18 78 246 2 246 PAPER 0
76 13 111 13 111 109 76 109 PAPER 0
112.99999999999999 1 415 1 415 56 112.99999999999999 56 PAPER 0
382 55 415 55 415 349 382 349 PAPER 0
351 50 385 50 385 166 351 166 PAPER 0
339 50 355 50 355 119.99999999999999 339 119.99999999999999 PAPER 0
315 50 341 50 341 87 315 87 PAPER 0
292 50 316 50 316 66 292 66 PAPER 0