184 168 213.99999999999997 168 213.99999999999997 189 184 189 BIODEGRADABLE 0
269 97 341 97 341 133 269 133 BIODEGRADABLE 0
259 130 352 130 352 207 259 207 BIODEGRADABLE 0
196 147 280 147 280 217 196 217 BIODEGRADABLE 0
213.99999999999997 218 271 218 271 260 213.99999999999997 260 BIODEGRADABLE 0
184 226.99999999999997 341 226.99999999999997 341 397 184 397 BIODEGRADABLE 0
189 289 223 289 223 310 189 310 BIODEGRADABLE 0
182 264 210 264 210 286 182 286 BIODEGRADABLE 0
170 248 198 248 198 260 170 260 BIODEGRADABLE 0
155 245 207 245 207 298 155 298 BIODEGRADABLE 0
98 238.99999999999997 144 238.99999999999997 144 257 98 257 BIODEGRADABLE 0
116 258 148 258 148 280 116 280 BIODEGRADABLE 0
103 215.00000000000003 139 215.00000000000003 139 236 103 236 BIODEGRADABLE 0
128 223 198 223 198 245 128 245 BIODEGRADABLE 0
168 200 213.99999999999997 200 213.99999999999997 222 168 222 BIODEGRADABLE 0
153 137 187 137 187 164 153 164 BIODEGRADABLE 0
112 142 150 142 150 162 112 162 BIODEGRADABLE 0
102 130 134 130 134 145 102 145 BIODEGRADABLE 0
64 161 102 161 102 185 64 185 BIODEGRADABLE 0
29.999999999999996 130 73 130 73 162 29.999999999999996 162 BIODEGRADABLE 0
16 215.00000000000003 50 215.00000000000003 50 245 16 245 BIODEGRADABLE 0
34 174 62 174 62 198 34 198 BIODEGRADABLE 0
32 268 82 268 82 309 32 309 BIODEGRADABLE 0
91 82 134 82 134 116 91 116 BIODEGRADABLE 0
103 55 144 55 144 90 103 90 BIODEGRADABLE 0
186 100 213.99999999999997 100 213.99999999999997 121.00000000000001 186 121.00000000000001 BIODEGRADABLE 0
216.00000000000003 85 251.99999999999997 85 251.99999999999997 111 216.00000000000003 111 BIODEGRADABLE 0
225 45 261 45 261 71 225 71 BIODEGRADABLE 0
332 66 364 66 364 88 332 88 BIODEGRADABLE 0
337 129 387 129 387 150 337 150 BIODEGRADABLE 0
339 148 393 148 393 188 339 188 BIODEGRADABLE 0
332 174 394 174 394 307 332 307 BIODEGRADABLE 0
339 267 364 267 364 338 339 338 BIODEGRADABLE 0
362 241.00000000000003 403 241.00000000000003 403 305 362 305 BIODEGRADABLE 0
388 302 415 302 415 399 388 399 BIODEGRADABLE 0
3 353 121.00000000000001 353 121.00000000000001 415 3 415 BIODEGRADABLE 0
66 238.99999999999997 114.00000000000001 238.99999999999997 114.00000000000001 307 66 307 BIODEGRADABLE 0
66 25 100 25 100 46 66 46 BIODEGRADABLE 0
53 0 89 0 89 20 53 20 BIODEGRADABLE 0
96 3 137 3 137 35 96 35 BIODEGRADABLE 0
352 3 415 3 415 76 352 76 BIODEGRADABLE 0
354 51 415 51 415 110 354 110 BIODEGRADABLE 0
375 93 415 93 415 125.99999999999999 375 125.99999999999999 BIODEGRADABLE 0
395 115 415 115 415 144 395 144 BIODEGRADABLE 0
2 0 415 0 415 416 2 416 BIODEGRADABLE 0