89 20 224 20 224 194 89 194 BIODEGRADABLE 0
72 50 292 50 292 164 72 164 BIODEGRADABLE 0
50 82 206 82 206 150 50 150 BIODEGRADABLE 0
28 80 211 80 211 204 28 204 BIODEGRADABLE 0
2 83 180 83 180 205 2 205 BIODEGRADABLE 0
2 117 100 117 100 171 2 171 BIODEGRADABLE 0
2 141 190 141 190 221 2 221 BIODEGRADABLE 0
98 215.00000000000003 264 215.00000000000003 264 343 98 343 BIODEGRADABLE 0
84 231 202 231 202 327 84 327 BIODEGRADABLE 0
19 224 133 224 133 316 19 316 BIODEGRADABLE 0
2 342 28 342 28 386 2 386 BIODEGRADABLE 0
25 345 273 345 273 415 25 415 BIODEGRADABLE 0
292 118 415 118 415 415 292 415 BIODEGRADABLE 0
152 146 338 146 338 278 152 278 BIODEGRADABLE 0