305 2 392 2 392 183 305 183 BIODEGRADABLE 0
172 2 331 2 331 169 172 169 BIODEGRADABLE 0
46 2 292 2 292 206 46 206 BIODEGRADABLE 0
2 85 97 85 97 265 2 265 BIODEGRADABLE 0
2 2 89 2 89 156 2 156 BIODEGRADABLE 0
43 2 167 2 167 189 43 189 BIODEGRADABLE 0
2 94 415 94 415 234 2 234 BIODEGRADABLE 0
390 42 415 42 415 99 390 99 BIODEGRADABLE 0
273 156 415 156 415 415 273 415 BIODEGRADABLE 0
2 154 378 154 378 416 2 416 BIODEGRADABLE 0
2 153 276 153 276 407 2 407 BIODEGRADABLE 0
125.99999999999999 350 254.00000000000003 350 254.00000000000003 416 125.99999999999999 416 BIODEGRADABLE 0
205 333 390 333 390 396 205 396 BIODEGRADABLE 0
268 255.00000000000003 415 255.00000000000003 415 317 268 317 BIODEGRADABLE 0
346 316 407 316 407 366 346 366 BIODEGRADABLE 0
395 302 415 302 415 415 395 415 BIODEGRADABLE 0