48 366 109 366 109 386 48 386 BIODEGRADABLE 0
51 325 99 325 99 337 51 337 BIODEGRADABLE 0
68 333 176 333 176 366 68 366 BIODEGRADABLE 0
135 351 239.99999999999997 351 239.99999999999997 385 135 385 BIODEGRADABLE 0
176 356 335 356 335 400 176 400 BIODEGRADABLE 0
311 380 409 380 409 406 311 406 BIODEGRADABLE 0
308 358 356 358 356 374 308 374 BIODEGRADABLE 0
277 343 335 343 335 358 277 358 BIODEGRADABLE 0
251 338 291 338 291 373 251 373 BIODEGRADABLE 0
173 329 257 329 257 351 173 351 BIODEGRADABLE 0
61 301 125 301 125 318 61 318 BIODEGRADABLE 0
102 293 163 293 163 309 102 309 BIODEGRADABLE 0
108.00000000000001 307 200 307 200 335 108.00000000000001 335 BIODEGRADABLE 0
163 287 207 287 207 300 163 300 BIODEGRADABLE 0
129 274 173 274 173 289 129 289 BIODEGRADABLE 0
115 262 145 262 145 277 115 277 BIODEGRADABLE 0
71 276 132 276 132 292 71 292 BIODEGRADABLE 0
61 262 109 262 109 278 61 278 BIODEGRADABLE 0
65 244 136 244 136 262 65 262 BIODEGRADABLE 0
183 112.99999999999999 315 112.99999999999999 315 159 183 159 BIODEGRADABLE 0
129 111 200 111 200 149 129 149 BIODEGRADABLE 0
176 65 281 65 281 112.99999999999999 176 112.99999999999999 BIODEGRADABLE 0
136 237 274 237 274 285 136 285 BIODEGRADABLE 0
224 297 332 297 332 326 224 326 BIODEGRADABLE 0
251 306 295 306 295 336 251 336 BIODEGRADABLE 0
216.00000000000003 312 264 312 264 332 216.00000000000003 332 BIODEGRADABLE 0
278 324 339 324 339 340 278 340 BIODEGRADABLE 0
335 342 379 342 379 357 335 357 BIODEGRADABLE 0
339 326 393 326 393 341 339 341 BIODEGRADABLE 0
395 329 415 329 415 386 395 386 BIODEGRADABLE 0
352 349 400 349 400 377 352 377 BIODEGRADABLE 0
345 373 409 373 409 390 345 390 BIODEGRADABLE 0
335 323 413 323 413 343 335 343 BIODEGRADABLE 0
318 300 410 300 410 326 318 326 BIODEGRADABLE 0
399 307 415 307 415 330 399 330 BIODEGRADABLE 0
190 234 416 234 416 295 190 295 BIODEGRADABLE 0