174 129 212 129 212 213.99999999999997 174 213.99999999999997 BIODEGRADABLE 0
146 133 182 133 182 218 146 218 BIODEGRADABLE 0
142 155 172 155 172 246 142 246 BIODEGRADABLE 0
124 157 144 157 144 219 124 219 BIODEGRADABLE 0
84 144 144 144 144 197 84 197 BIODEGRADABLE 0
175 206 197 206 197 244 175 244 BIODEGRADABLE 0
200 188 283 188 283 250 200 250 BIODEGRADABLE 0
172 233 263 233 263 324 172 324 BIODEGRADABLE 0
78 226.99999999999997 131 226.99999999999997 131 265 78 265 BIODEGRADABLE 0
76 212 112 212 112 234 76 234 BIODEGRADABLE 0
51 235 79 235 79 265 51 265 BIODEGRADABLE 0
65 261 101 261 101 290 65 290 BIODEGRADABLE 0
101 250 157 250 157 296 101 296 BIODEGRADABLE 0
88 284 125.99999999999999 284 125.99999999999999 316 88 316 BIODEGRADABLE 0
104 320 162 320 162 352 104 352 BIODEGRADABLE 0
159 316 202 316 202 354 159 354 BIODEGRADABLE 0
124 352 177 352 177 388 124 388 BIODEGRADABLE 0
177 337 226.99999999999997 337 226.99999999999997 371 177 371 BIODEGRADABLE 0
204 295 242.00000000000003 295 242.00000000000003 331 204 331 BIODEGRADABLE 0
224 327 260 327 260 363 224 363 BIODEGRADABLE 0
46 29.999999999999996 162 29.999999999999996 162 153 46 153 BIODEGRADABLE 0
219 44 251.99999999999997 44 251.99999999999997 122 219 122 BIODEGRADABLE 0
260 59 340 59 340 131 260 131 BIODEGRADABLE 0
282 146 310 146 310 170 282 170 BIODEGRADABLE 0
305 142 323 142 323 166 305 166 BIODEGRADABLE 0
308 165 326 165 326 189 308 189 BIODEGRADABLE 0
285 173 313 173 313 195 285 195 BIODEGRADABLE 0
275 175 290 175 290 197 275 197 BIODEGRADABLE 0
273 148 285 148 285 170 273 170 BIODEGRADABLE 0
285 241.00000000000003 300 241.00000000000003 300 254.00000000000003 285 254.00000000000003 BIODEGRADABLE 0
283 254.00000000000003 298 254.00000000000003 298 271 283 271 BIODEGRADABLE 0
283 271 303 271 303 284 283 284 BIODEGRADABLE 0
270 267 285 267 285 288 270 288 BIODEGRADABLE 0
275 282 295 282 295 301 275 301 BIODEGRADABLE 0
267 301 285 301 285 320 267 320 BIODEGRADABLE 0
258 309 270 309 270 322 258 322 BIODEGRADABLE 0
300 284 368 284 368 342 300 342 BIODEGRADABLE 0
288 186 356 186 356 284 288 284 BIODEGRADABLE 0
333 102 415 102 415 286 333 286 CARDBOARD 0
23 192 119 192 119 250 23 250 CARDBOARD 0
26 250 124 250 124 337 26 337 CARDBOARD 0
114.00000000000001 273 184 273 184 333 114.00000000000001 333 CARDBOARD 0
114.00000000000001 187 182 187 182 272 114.00000000000001 272 CARDBOARD 0
280 250 323 250 323 335 280 335 CARDBOARD 0
288 222 321 222 321 254.00000000000003 288 254.00000000000003 CARDBOARD 0
238.99999999999997 229.00000000000003 285 229.00000000000003 285 316 238.99999999999997 316 CARDBOARD 0