3 68 73 68 73 130 3 130 BIODEGRADABLE 0
48 59 84 59 84 77 48 77 BIODEGRADABLE 0
89 29 185 29 185 70 89 70 BIODEGRADABLE 0
180 9 262 9 262 55 180 55 BIODEGRADABLE 0
182 40 291 40 291 114.00000000000001 182 114.00000000000001 BIODEGRADABLE 0
262 29 346 29 346 100 262 100 BIODEGRADABLE 0
298 69 384 69 384 129 298 129 BIODEGRADABLE 0
180 101 305 101 305 135 180 135 BIODEGRADABLE 0
164 118 287 118 287 198 164 198 BIODEGRADABLE 0
66 53 194 53 194 139 66 139 BIODEGRADABLE 0
34 124 102 124 102 188 34 188 BIODEGRADABLE 0
85 131 171 131 171 185 85 185 BIODEGRADABLE 0
2 127.00000000000001 50 127.00000000000001 50 197 2 197 BIODEGRADABLE 0
3 182 73 182 73 244 3 244 BIODEGRADABLE 0
67 174 139 174 139 226.99999999999997 67 226.99999999999997 BIODEGRADABLE 0
128 191 203 191 203 262 128 262 BIODEGRADABLE 0
130 185 223 185 223 238.99999999999997 130 238.99999999999997 BIODEGRADABLE 0
212 192 294 192 294 238.99999999999997 212 238.99999999999997 BIODEGRADABLE 0
275 192 327 192 327 242.00000000000003 275 242.00000000000003 BIODEGRADABLE 0
268 135 348 135 348 191 268 191 BIODEGRADABLE 0
300 127.00000000000001 368 127.00000000000001 368 174 300 174 BIODEGRADABLE 0
355 115 412 115 412 153 355 153 BIODEGRADABLE 0
352 150 415 150 415 222 352 222 BIODEGRADABLE 0
321 203 389 203 389 250 321 250 BIODEGRADABLE 0
319 188 353 188 353 208 319 208 BIODEGRADABLE 0
287 241.00000000000003 330 241.00000000000003 330 273 287 273 BIODEGRADABLE 0
338 251.99999999999997 415 251.99999999999997 415 298 338 298 BIODEGRADABLE 0
334 232 415 232 415 273 334 273 BIODEGRADABLE 0
296 271 368 271 368 325 296 325 BIODEGRADABLE 0
164 231 312 231 312 321 164 321 BIODEGRADABLE 0
96 262 168 262 168 326 96 326 BIODEGRADABLE 0
5 241.00000000000003 103 241.00000000000003 103 324 5 324 BIODEGRADABLE 0
2 208 34 208 34 273 2 273 BIODEGRADABLE 0
2 277 32 277 32 339 2 339 BIODEGRADABLE 0
41 295 127.00000000000001 295 127.00000000000001 344 41 344 BIODEGRADABLE 0
109 334 173 334 173 374 109 374 BIODEGRADABLE 0
48 342 123 342 123 398 48 398 BIODEGRADABLE 0
34 333 82 333 82 371 34 371 BIODEGRADABLE 0
132 298 225 298 225 359 132 359 BIODEGRADABLE 0
221 315 275 315 275 349 221 349 BIODEGRADABLE 0
173 354 235 354 235 406 173 406 BIODEGRADABLE 0
109 366 206 366 206 415 109 415 BIODEGRADABLE 0
238.99999999999997 333 346 333 346 407 238.99999999999997 407 BIODEGRADABLE 0
307 322 377 322 377 374 307 374 BIODEGRADABLE 0
355 298 385 298 385 324 355 324 BIODEGRADABLE 0
276 308 314 308 314 336 276 336 BIODEGRADABLE 0