351 291 415 291 415 355 351 355 BIODEGRADABLE 0
291 275 353 275 353 320 291 320 BIODEGRADABLE 0
343 230 403 230 403 275 343 275 BIODEGRADABLE 0
401 225.99999999999997 415 225.99999999999997 415 274 401 274 BIODEGRADABLE 0
343 205 387 205 387 259 343 259 BIODEGRADABLE 0
378 206 414 206 414 242.00000000000003 378 242.00000000000003 BIODEGRADABLE 0
265 189 317 189 317 250 265 250 BIODEGRADABLE 0
173 255.00000000000003 246 255.00000000000003 246 314 173 314 BIODEGRADABLE 0
0 351 59.99999999999999 351 59.99999999999999 388 0 388 BIODEGRADABLE 0
62 244 106 244 106 276 62 276 BIODEGRADABLE 0
0 221 19 221 19 255.00000000000003 0 255.00000000000003 BIODEGRADABLE 0
108.00000000000001 131 173 131 173 171 108.00000000000001 171 BIODEGRADABLE 0
62.99999999999999 95 121.00000000000001 95 121.00000000000001 143 62.99999999999999 143 BIODEGRADABLE 0
117 77 175 77 175 122 117 122 BIODEGRADABLE 0
174 90 236 90 236 130 174 130 BIODEGRADABLE 0
239.99999999999997 54.00000000000001 290 54.00000000000001 290 90 239.99999999999997 90 BIODEGRADABLE 0
328 95 384 95 384 138 328 138 BIODEGRADABLE 0
397 104 415 104 415 152 397 152 BIODEGRADABLE 0
385 72 414 72 414 108.00000000000001 385 108.00000000000001 BIODEGRADABLE 0
339 52 391 52 391 92 339 92 BIODEGRADABLE 0
250 9 315 9 315 54.00000000000001 250 54.00000000000001 BIODEGRADABLE 0
211 29 259 29 259 67 211 67 BIODEGRADABLE 0
176 49 230 49 230 90 176 90 BIODEGRADABLE 0
161 11 217 11 217 49 161 49 BIODEGRADABLE 0
200 0 250 0 250 34 200 34 BIODEGRADABLE 0
261 1 291 1 291 13 261 13 BIODEGRADABLE 0
347 1 389 1 389 13 347 13 BIODEGRADABLE 0
339 11 391 11 391 33 339 33 BIODEGRADABLE 0
138 54.00000000000001 184 54.00000000000001 184 81 138 81 BIODEGRADABLE 0
112.99999999999999 11 169 11 169 45 112.99999999999999 45 BIODEGRADABLE 0
73 40 127.00000000000001 40 127.00000000000001 81 73 81 BIODEGRADABLE 0
17 51 69 51 69 83 17 83 BIODEGRADABLE 0
48 22 90 22 90 56 48 56 BIODEGRADABLE 0
61 0 119 0 119 20 61 20 BIODEGRADABLE 0