138 229.00000000000003 415 229.00000000000003 415 371 138 371 BIODEGRADABLE 0
261 362 373 362 373 400 261 400 BIODEGRADABLE 0
75 313 268 313 268 377 75 377 BIODEGRADABLE 0
269 241.00000000000003 328 241.00000000000003 328 269 269 269 BIODEGRADABLE 0
100 233 241.00000000000003 233 241.00000000000003 259 100 259 BIODEGRADABLE 0
5 243 130 243 130 277 5 277 BIODEGRADABLE 0
2 276 132 276 132 329 2 329 BIODEGRADABLE 0
3 209 155 209 155 250 3 250 BIODEGRADABLE 0
2 186 80 186 80 238 2 238 BIODEGRADABLE 0
16 59 136 59 136 112.99999999999999 16 112.99999999999999 BIODEGRADABLE 0
2 97 48 97 48 173 2 173 BIODEGRADABLE 0
20 125 50 125 50 179 20 179 BIODEGRADABLE 0
50 144 96 144 96 171 50 171 BIODEGRADABLE 0
106.99999999999999 73 139 73 139 127.00000000000001 106.99999999999999 127.00000000000001 BIODEGRADABLE 0
82 91 116 91 116 165 82 165 BIODEGRADABLE 0
69 74 105 74 105 109 69 109 BIODEGRADABLE 0
155 41 230 41 230 125 155 125 BIODEGRADABLE 0
109 71 177 71 177 198 109 198 BIODEGRADABLE 0
150 119.99999999999999 180 119.99999999999999 180 174 150 174 BIODEGRADABLE 0
166 180 232 180 232 236 166 236 BIODEGRADABLE 0
217 193 305 193 305 215.00000000000003 217 215.00000000000003 BIODEGRADABLE 0
241.00000000000003 188 375 188 375 234 241.00000000000003 234 BIODEGRADABLE 0
179 74 415 74 415 202 179 202 BIODEGRADABLE 0