1 1 127.00000000000001 1 127.00000000000001 233 1 233 BIODEGRADABLE 0
110 0 186 0 186 78 110 78 BIODEGRADABLE 0
186 1 244 1 244 80 186 80 BIODEGRADABLE 0
244 1 311 1 311 97 244 97 BIODEGRADABLE 0
303 1 415 1 415 75 303 75 BIODEGRADABLE 0
310 56 384 56 384 141 310 141 BIODEGRADABLE 0
384 64 414 64 414 165 384 165 BIODEGRADABLE 0
224 80 265 80 265 164 224 164 BIODEGRADABLE 0
297 92 311 92 311 111 297 111 BIODEGRADABLE 0
121.00000000000001 106 180 106 180 200 121.00000000000001 200 BIODEGRADABLE 0
129 71 224 71 224 149 129 149 BIODEGRADABLE 0
302 139 364 139 364 225.99999999999997 302 225.99999999999997 BIODEGRADABLE 0
359 139 415 139 415 209 359 209 BIODEGRADABLE 0
374 169 415 169 415 249 374 249 BIODEGRADABLE 0
252.99999999999997 156 309 156 309 239.99999999999997 252.99999999999997 239.99999999999997 BIODEGRADABLE 0
255.00000000000003 102 323 102 323 158 255.00000000000003 158 BIODEGRADABLE 0
1 238 21 238 21 313 1 313 BIODEGRADABLE 0
0 304 14.999999999999998 304 14.999999999999998 360 0 360 BIODEGRADABLE 0
0 370 66 370 66 414 0 414 BIODEGRADABLE 0
18 228.00000000000003 119.99999999999999 228.00000000000003 119.99999999999999 400 18 400 BIODEGRADABLE 0
98 332 151 332 151 414 98 414 BIODEGRADABLE 0
116 247 173 247 173 343 116 343 BIODEGRADABLE 0
153 315 177 315 177 355 153 355 BIODEGRADABLE 0
147 353 219 353 219 414 147 414 BIODEGRADABLE 0
217 304 333 304 333 414 217 414 BIODEGRADABLE 0
309 278 381 278 381 379 309 379 BIODEGRADABLE 0
383 292 415 292 415 386 383 386 BIODEGRADABLE 0
332 367 415 367 415 414 332 414 BIODEGRADABLE 0
342 228.00000000000003 396 228.00000000000003 396 294 342 294 BIODEGRADABLE 0
393 238 415 238 415 299 393 299 BIODEGRADABLE 0
292 225.99999999999997 344 225.99999999999997 344 280 292 280 BIODEGRADABLE 0
273 273 321 273 321 313 273 313 BIODEGRADABLE 0
175 294 229.00000000000003 294 229.00000000000003 388 175 388 BIODEGRADABLE 0
202 155 222 155 222 193 202 193 BIODEGRADABLE 0
226.99999999999997 160 243 160 243 196 226.99999999999997 196 BIODEGRADABLE 0
209 146 221 146 221 160 209 160 BIODEGRADABLE 0
228.00000000000003 158 239.99999999999997 158 239.99999999999997 165 228.00000000000003 165 BIODEGRADABLE 0
188 153 206 153 206 189 188 189 BIODEGRADABLE 0
174 179 196 179 196 207 174 207 BIODEGRADABLE 0
187 191 215.00000000000003 191 215.00000000000003 231 187 231 BIODEGRADABLE 0
210 193 234 193 234 229.00000000000003 210 229.00000000000003 BIODEGRADABLE 0
235 198 252.99999999999997 198 252.99999999999997 228.00000000000003 235 228.00000000000003 BIODEGRADABLE 0
234 176 254.00000000000003 176 254.00000000000003 202 234 202 BIODEGRADABLE 0
171 212 196 212 196 256 171 256 BIODEGRADABLE 0
101 189 173 189 173 273 101 273 BIODEGRADABLE 0
199 221 221 221 221 261 199 261 BIODEGRADABLE 0
222 221 247 221 247 263 222 263 BIODEGRADABLE 0
247 224 263 224 263 264 247 264 BIODEGRADABLE 0
257 212 276 212 276 251.99999999999997 257 251.99999999999997 BIODEGRADABLE 0
256 250 288 250 288 292 256 292 BIODEGRADABLE 0
228.00000000000003 259 256 259 256 289 228.00000000000003 289 BIODEGRADABLE 0
247 289 269 289 269 315 247 315 BIODEGRADABLE 0
218 285 247 285 247 329 218 329 BIODEGRADABLE 0
203 259 229.00000000000003 259 229.00000000000003 299 203 299 BIODEGRADABLE 0
174 247 210 247 210 294 174 294 BIODEGRADABLE 0
166 210 196 210 196 254.00000000000003 166 254.00000000000003 BIODEGRADABLE 0
1 0 415 0 415 414 1 414 BIODEGRADABLE 0