1 374 42 374 42 403 1 403 BIODEGRADABLE 0
1 407 32 407 32 415 1 415 BIODEGRADABLE 0
27.000000000000004 401 67 401 67 415 27.000000000000004 415 BIODEGRADABLE 0
38 384 65 384 65 408 38 408 BIODEGRADABLE 0
32 359 62 359 62 384 32 384 BIODEGRADABLE 0
0 350 29.999999999999996 350 29.999999999999996 380 0 380 BIODEGRADABLE 0
23 339 59.99999999999999 339 59.99999999999999 361 23 361 BIODEGRADABLE 0
13 328 35 328 35 339 13 339 BIODEGRADABLE 0
14.999999999999998 314 33 314 33 332 14.999999999999998 332 BIODEGRADABLE 0
35 321 67 321 67 346 35 346 BIODEGRADABLE 0
28 298 59.99999999999999 298 59.99999999999999 320 28 320 BIODEGRADABLE 0
14.999999999999998 297 27.000000000000004 297 27.000000000000004 313 14.999999999999998 313 BIODEGRADABLE 0
1 282 23 282 23 304 1 304 BIODEGRADABLE 0
17 279 57.00000000000001 279 57.00000000000001 298 17 298 BIODEGRADABLE 0
35 257 65 257 65 271 35 271 BIODEGRADABLE 0
40 239.99999999999997 67 239.99999999999997 67 260 40 260 BIODEGRADABLE 0
47 224 69 224 69 239.99999999999997 47 239.99999999999997 BIODEGRADABLE 0
47 200 77 200 77 221 47 221 BIODEGRADABLE 0
52 178 77 178 77 200 52 200 BIODEGRADABLE 0
1 244 32 244 32 266 1 266 BIODEGRADABLE 0
1 262 23 262 23 278 1 278 BIODEGRADABLE 0
5 230 47 230 47 250 5 250 BIODEGRADABLE 0
5 208 47 208 47 233 5 233 BIODEGRADABLE 0
3 186 50 186 50 208 3 208 BIODEGRADABLE 0
8 165 50 165 50 186 8 186 BIODEGRADABLE 0
10 151 44 151 44 169 10 169 BIODEGRADABLE 0
5 132 49 132 49 153 5 153 BIODEGRADABLE 0
45 133 72 133 72 144 45 144 BIODEGRADABLE 0
42 118 69 118 69 134 42 134 BIODEGRADABLE 0
35 100 62 100 62 116 35 116 BIODEGRADABLE 0
0 111 40 111 40 132 0 132 BIODEGRADABLE 0
0 101 29.999999999999996 101 29.999999999999996 117 0 117 BIODEGRADABLE 0
1 141 14.999999999999998 141 14.999999999999998 161 1 161 BIODEGRADABLE 0
1 159 10 159 10 186 1 186 BIODEGRADABLE 0
1 201 10 201 10 231 1 231 BIODEGRADABLE 0
1 226.99999999999997 8 226.99999999999997 8 239.99999999999997 1 239.99999999999997 BIODEGRADABLE 0
1 69 32 69 32 103 1 103 BIODEGRADABLE 0
1 40 35 40 35 68 1 68 BIODEGRADABLE 0
1 0 47 0 47 44 1 44 BIODEGRADABLE 0
139 384 171 384 171 409 139 409 BIODEGRADABLE 0
149 409 179 409 179 415 149 415 BIODEGRADABLE 0
121.00000000000001 366 161 366 161 384 121.00000000000001 384 BIODEGRADABLE 0
112 405 144 405 144 415 112 415 BIODEGRADABLE 0
106.99999999999999 398 141 398 141 414 106.99999999999999 414 BIODEGRADABLE 0
106.99999999999999 384 134 384 134 395 106.99999999999999 395 BIODEGRADABLE 0
132 6 159 6 159 24 132 24 BIODEGRADABLE 0
146 0 186 0 186 21 146 21 BIODEGRADABLE 0
127.00000000000001 24 161 24 161 45 127.00000000000001 45 BIODEGRADABLE 0
124 44 158 44 158 64 124 64 BIODEGRADABLE 0
112 28 132 28 132 52 112 52 BIODEGRADABLE 0
159 31 179 31 179 47 159 47 BIODEGRADABLE 0
159 48 179 48 179 64 159 64 BIODEGRADABLE 0
80 278 122 278 122 300 80 300 BIODEGRADABLE 0
97 302 134 302 134 326 97 326 BIODEGRADABLE 0
104 325 124 325 124 341 104 341 BIODEGRADABLE 0
106.99999999999999 340 119 340 119 361 106.99999999999999 361 BIODEGRADABLE 0
112 347 137 347 137 369 112 369 BIODEGRADABLE 0
129 337 161 337 161 358 129 358 BIODEGRADABLE 0
132 297 154 297 154 313 132 313 BIODEGRADABLE 0
97 268 117 268 117 278 97 278 BIODEGRADABLE 0
159 276 201 276 201 301 159 301 BIODEGRADABLE 0
154 301 191 301 191 323 154 323 BIODEGRADABLE 0
141 315 181 315 181 331 141 331 BIODEGRADABLE 0
124 318 149 318 149 338 124 338 BIODEGRADABLE 0
139 332 173 332 173 353 139 353 BIODEGRADABLE 0
171 340 196 340 196 352 171 352 BIODEGRADABLE 0
159 351 191 351 191 361 159 361 BIODEGRADABLE 0
179 328 211 328 211 344 179 344 BIODEGRADABLE 0
191 311 218 311 218 331 191 331 BIODEGRADABLE 0
193 289 223 289 223 311 193 311 BIODEGRADABLE 0
116 274 146 274 146 296 116 296 BIODEGRADABLE 0
139 280 164 280 164 304 139 304 BIODEGRADABLE 0
196 267 221 267 221 289 196 289 BIODEGRADABLE 0
156 254.00000000000003 198 254.00000000000003 198 278 156 278 BIODEGRADABLE 0
139 264 161 264 161 280 139 280 BIODEGRADABLE 0
114.00000000000001 245 156 245 156 269 114.00000000000001 269 BIODEGRADABLE 0
99 247 129 247 129 273 99 273 BIODEGRADABLE 0
112 225 149 225 149 246 112 246 BIODEGRADABLE 0
152 232 186 232 186 252.99999999999997 152 252.99999999999997 BIODEGRADABLE 0
149 216.00000000000003 176 216.00000000000003 176 232 149 232 BIODEGRADABLE 0
116 218 146 218 146 229.00000000000003 116 229.00000000000003 BIODEGRADABLE 0
137 200 171 200 171 218 137 218 BIODEGRADABLE 0
106.99999999999999 197 139 197 139 221 106.99999999999999 221 BIODEGRADABLE 0
132 189 159 189 159 203 132 203 BIODEGRADABLE 0
166 196 196 196 196 212 166 212 BIODEGRADABLE 0
176 208 203 208 203 219 176 219 BIODEGRADABLE 0
122 193 132 193 132 199 122 199 BIODEGRADABLE 0
109 173 136 173 136 193 109 193 BIODEGRADABLE 0
129 169 161 169 161 187 129 187 BIODEGRADABLE 0
139 158 176 158 176 176 139 176 BIODEGRADABLE 0
164 167 191 167 191 185 164 185 BIODEGRADABLE 0
109 146 146 146 146 170 109 170 BIODEGRADABLE 0
144 138 184 138 184 163 144 163 BIODEGRADABLE 0
176 150 206 150 206 168 176 168 BIODEGRADABLE 0
134 115 168 115 168 136 134 136 BIODEGRADABLE 0
157 106 191 106 191 128 157 128 BIODEGRADABLE 0
159 74 201 74 201 98 159 98 BIODEGRADABLE 0
146 93 186 93 186 112.99999999999999 146 112.99999999999999 BIODEGRADABLE 0
141 61 178 61 178 82 141 82 BIODEGRADABLE 0
129 77 159 77 159 95 129 95 BIODEGRADABLE 0
106.99999999999999 88 141 88 141 109 106.99999999999999 109 BIODEGRADABLE 0
114.00000000000001 109 139 109 139 125 114.00000000000001 125 BIODEGRADABLE 0
125.99999999999999 125 146 125 146 136 125.99999999999999 136 BIODEGRADABLE 0
134 136 156 136 156 147 134 147 BIODEGRADABLE 0
109 78 127.00000000000001 78 127.00000000000001 88 109 88 BIODEGRADABLE 0
97 59.99999999999999 122 59.99999999999999 122 76 97 76 BIODEGRADABLE 0
184 87 216.00000000000003 87 216.00000000000003 106.99999999999999 184 106.99999999999999 BIODEGRADABLE 0
173 66 212.99999999999997 66 212.99999999999997 82 173 82 BIODEGRADABLE 0
236 150 268 150 268 168 236 168 BIODEGRADABLE 0
252.99999999999997 164 285 164 285 180 252.99999999999997 180 BIODEGRADABLE 0
236 174 263 174 263 190 236 190 BIODEGRADABLE 0
275 172 305 172 305 186 275 186 BIODEGRADABLE 0
290 155 317 155 317 175 290 175 BIODEGRADABLE 0
268 145 298 145 298 167 268 167 BIODEGRADABLE 0
252.99999999999997 143 278 143 278 154 252.99999999999997 154 BIODEGRADABLE 0
238 140 256 140 256 151 238 151 BIODEGRADABLE 0
233 37 263 37 263 53 233 53 BIODEGRADABLE 0
243 47 275 47 275 65 243 65 BIODEGRADABLE 0
252.99999999999997 89 285 89 285 110 252.99999999999997 110 BIODEGRADABLE 0
260 109 278 109 278 121.00000000000001 260 121.00000000000001 BIODEGRADABLE 0
252.99999999999997 121.00000000000001 293 121.00000000000001 293 143 252.99999999999997 143 BIODEGRADABLE 0
275 128 315 128 315 149 275 149 BIODEGRADABLE 0
302 142 332 142 332 158 302 158 BIODEGRADABLE 0
307 118 337 118 337 136 307 136 BIODEGRADABLE 0
275 103 312 103 312 125 275 125 BIODEGRADABLE 0
245 110 265 110 265 136 245 136 BIODEGRADABLE 0
243 72 261 72 261 108.00000000000001 243 108.00000000000001 BIODEGRADABLE 0
255.00000000000003 67 282 67 282 83 255.00000000000003 83 BIODEGRADABLE 0
273 53 305 53 305 75 273 75 BIODEGRADABLE 0
265 40 295 40 295 58 265 58 BIODEGRADABLE 0
243 32 280 32 280 44 243 44 BIODEGRADABLE 0
280 67 310 67 310 87 280 87 BIODEGRADABLE 0
283 85 315 85 315 105 283 105 BIODEGRADABLE 0
310 96 340 96 340 119.99999999999999 310 119.99999999999999 BIODEGRADABLE 0
312 77 342 77 342 95 312 95 BIODEGRADABLE 0
307 59 332 59 332 71 307 71 BIODEGRADABLE 0
337 178 367 178 367 190 337 190 BIODEGRADABLE 0
342 156 369 156 369 178 342 178 BIODEGRADABLE 0
362 173 399 173 399 189 362 189 BIODEGRADABLE 0
370 157 404 157 404 173 370 173 BIODEGRADABLE 0
392 165 414 165 414 181 392 181 BIODEGRADABLE 0
350 140 384 140 384 158 350 158 BIODEGRADABLE 0
382 139 414 139 414 159 382 159 BIODEGRADABLE 0
364 127.00000000000001 396 127.00000000000001 396 143 364 143 BIODEGRADABLE 0
396 121.00000000000001 414 121.00000000000001 414 141 396 141 BIODEGRADABLE 0
369 112.99999999999999 409 112.99999999999999 409 131 369 131 BIODEGRADABLE 0
374 92 411 92 411 112.99999999999999 374 112.99999999999999 BIODEGRADABLE 0
372 81 402 81 402 95 372 95 BIODEGRADABLE 0
362 64 396 64 396 80 362 80 BIODEGRADABLE 0
352 78 372 78 372 98 352 98 BIODEGRADABLE 0
357 108.00000000000001 369 108.00000000000001 369 137 357 137 BIODEGRADABLE 0
352 61 360 61 360 77 352 77 BIODEGRADABLE 0
352 46 392 46 392 66 352 66 BIODEGRADABLE 0
384 53 414 53 414 67 384 67 BIODEGRADABLE 0
394 67 414 67 414 83 394 83 BIODEGRADABLE 0
402 83 414 83 414 99 402 99 BIODEGRADABLE 0
381 43 399 43 399 51 381 51 BIODEGRADABLE 0
354 0 404 0 404 38 354 38 BIODEGRADABLE 0
252.99999999999997 362 295 362 295 408 252.99999999999997 408 BIODEGRADABLE 0
312 379 342 379 342 415 312 415 BIODEGRADABLE 0
208 341 248 341 248 362 208 362 BIODEGRADABLE 0
230 323 255.00000000000003 323 255.00000000000003 341 230 341 BIODEGRADABLE 0
248 338 285 338 285 355 248 355 BIODEGRADABLE 0
223 196 252.99999999999997 196 252.99999999999997 212 223 212 BIODEGRADABLE 0
233 208 260 208 260 229.00000000000003 233 229.00000000000003 BIODEGRADABLE 0
246 225.99999999999997 268 225.99999999999997 268 246 246 246 BIODEGRADABLE 0
248 244 278 244 278 266 248 266 BIODEGRADABLE 0
248 264 268 264 268 280 248 280 BIODEGRADABLE 0
246 276 290 276 290 300 246 300 BIODEGRADABLE 0
252.99999999999997 301 285 301 285 317 252.99999999999997 317 BIODEGRADABLE 0
246 309 273 309 273 327 246 327 BIODEGRADABLE 0
263 325 303 325 303 346 263 346 BIODEGRADABLE 0
273 312 307 312 307 330 273 330 BIODEGRADABLE 0
280 291 320 291 320 312 280 312 BIODEGRADABLE 0
283 265 320 265 320 291 283 291 BIODEGRADABLE 0
275 242.00000000000003 317 242.00000000000003 317 264 275 264 BIODEGRADABLE 0
265 258 287 258 287 276 265 276 BIODEGRADABLE 0
267 225.99999999999997 307 225.99999999999997 307 248 267 248 BIODEGRADABLE 0
258 204 300 204 300 228.00000000000003 258 228.00000000000003 BIODEGRADABLE 0
245 193 277 193 277 209 245 209 BIODEGRADABLE 0
282 197 312 197 312 217 282 217 BIODEGRADABLE 0
310 236 340 236 340 251.99999999999997 310 251.99999999999997 BIODEGRADABLE 0
315 255.00000000000003 347 255.00000000000003 347 273 315 273 BIODEGRADABLE 0
317 279 344 279 344 297 317 297 BIODEGRADABLE 0
312 304 344 304 344 322 312 322 BIODEGRADABLE 0
307 319 337 319 337 335 307 335 BIODEGRADABLE 0
345 333 382 333 382 354 345 354 BIODEGRADABLE 0
334 333 352 333 352 351 334 351 BIODEGRADABLE 0
372 326 409 326 409 347 372 347 BIODEGRADABLE 0
384 311 414 311 414 337 384 337 BIODEGRADABLE 0
354 311 384 311 384 333 354 333 BIODEGRADABLE 0
359 301 384 301 384 317 359 317 BIODEGRADABLE 0
381 304 411 304 411 312 381 312 BIODEGRADABLE 0
394 288 414 288 414 304 394 304 BIODEGRADABLE 0
381 279 401 279 401 295 381 295 BIODEGRADABLE 0
367 279 387 279 387 303 367 303 BIODEGRADABLE 0
399 272 414 272 414 289 399 289 BIODEGRADABLE 0
399 254.00000000000003 414 254.00000000000003 414 275 399 275 BIODEGRADABLE 0
389 232 414 232 414 252.99999999999997 389 252.99999999999997 BIODEGRADABLE 0
402 225 414 225 414 233 402 233 BIODEGRADABLE 0
389 201 414 201 414 225 389 225 BIODEGRADABLE 0
374 193 411 193 411 211 374 211 BIODEGRADABLE 0
352 193 377 193 377 211 352 211 BIODEGRADABLE 0
327 194 352 194 352 212 327 212 BIODEGRADABLE 0
362 210 387 210 387 225.99999999999997 362 225.99999999999997 BIODEGRADABLE 0
374 219 401 219 401 238.99999999999997 374 238.99999999999997 BIODEGRADABLE 0
386 241.00000000000003 411 241.00000000000003 411 262 386 262 BIODEGRADABLE 0
367 262 399 262 399 282 367 282 BIODEGRADABLE 0
361 246 379 246 379 264 361 264 BIODEGRADABLE 0
362 228.00000000000003 389 228.00000000000003 389 256 362 256 BIODEGRADABLE 0
347 216.00000000000003 369 216.00000000000003 369 232 347 232 BIODEGRADABLE 0