106.99999999999999 150 229.00000000000003 150 229.00000000000003 272 106.99999999999999 272 BIODEGRADABLE 0
54.00000000000001 254.00000000000003 168 254.00000000000003 168 376 54.00000000000001 376 BIODEGRADABLE 0
165 250 281 250 281 363 165 363 BIODEGRADABLE 0
231 159 359 159 359 283 231 283 BIODEGRADABLE 0
265 35 374 35 374 161 265 161 BIODEGRADABLE 0
161 41 272 41 272 167 161 167 BIODEGRADABLE 0
50 33 163 33 163 139 50 139 BIODEGRADABLE 0
14.999999999999998 124 119 124 119 242.00000000000003 14.999999999999998 242.00000000000003 BIODEGRADABLE 0
364 2 414 2 414 414 364 414 CARDBOARD 0
278 281 363 281 363 414 278 414 CARDBOARD 0
145 359 278 359 278 415 145 415 CARDBOARD 0
0 375 144 375 144 414 0 414 CARDBOARD 0
0 56 14.999999999999998 56 14.999999999999998 376 0 376 CARDBOARD 0
13 241.00000000000003 55 241.00000000000003 55 376 13 376 CARDBOARD 0
0 54.00000000000001 50 54.00000000000001 50 125.99999999999999 0 125.99999999999999 CARDBOARD 0
0 1 409 1 409 35 0 35 CARDBOARD 0
0 34 46 34 46 58 0 58 CARDBOARD 0
163 337 185 337 185 357 163 357 CARDBOARD 0
54.00000000000001 241.00000000000003 125.99999999999999 241.00000000000003 125.99999999999999 256 54.00000000000001 256 CARDBOARD 0
14.999999999999998 125.99999999999999 31 125.99999999999999 31 142 14.999999999999998 142 CARDBOARD 0
17 222 32 222 32 239.99999999999997 17 239.99999999999997 CARDBOARD 0
109 139 165 139 165 152 109 152 CARDBOARD 0
224 165 244 165 244 195 224 195 CARDBOARD 0