81 234 201 234 201 395 81 395 BIODEGRADABLE 0
169 378 225 378 225 414 169 414 BIODEGRADABLE 0
231 328 289 328 289 414 231 414 BIODEGRADABLE 0
234 279 278 279 278 326 234 326 BIODEGRADABLE 0
209 271 238.99999999999997 271 238.99999999999997 318 209 318 BIODEGRADABLE 0
199 300 233 300 233 373 199 373 BIODEGRADABLE 0
188 131 300 131 300 271 188 271 BIODEGRADABLE 0
296 189 309 189 309 209 296 209 BIODEGRADABLE 0
306 245 317 245 317 258 306 258 BIODEGRADABLE 0
288 251 301 251 301 275 288 275 BIODEGRADABLE 0
291 305 302 305 302 318 291 318 BIODEGRADABLE 0
299 324 310 324 310 337 299 337 BIODEGRADABLE 0
288 382 296 382 296 390 288 390 BIODEGRADABLE 0
402 388 415 388 415 414 402 414 BIODEGRADABLE 0
371 277 387 277 387 294 371 294 BIODEGRADABLE 0
357 251 370 251 370 268 357 268 BIODEGRADABLE 0
336 305 349 305 349 320 336 320 BIODEGRADABLE 0
339 258 352 258 352 275 339 275 BIODEGRADABLE 0
341 238 355 238 355 258 341 258 BIODEGRADABLE 0
341 219 354 219 354 236 341 236 BIODEGRADABLE 0
352 219 363 219 363 234 352 234 BIODEGRADABLE 0
344 180 354 180 354 200 344 200 BIODEGRADABLE 0
347 127.00000000000001 360 127.00000000000001 360 144 347 144 BIODEGRADABLE 0
379 0 396 0 396 22 379 22 BIODEGRADABLE 0
270 0 376 0 376 195 270 195 BIODEGRADABLE 0
191 88 251 88 251 154 191 154 BIODEGRADABLE 0
132 0 306 0 306 103 132 103 BIODEGRADABLE 0
87 29.999999999999996 222 29.999999999999996 222 221 87 221 BIODEGRADABLE 0
34 0 152 0 152 148 34 148 BIODEGRADABLE 0
5 140 132 140 132 294 5 294 BIODEGRADABLE 0
19 284 61 284 61 380 19 380 BIODEGRADABLE 0
10 300 71 300 71 414 10 414 BIODEGRADABLE 0
59 332 135 332 135 414 59 414 BIODEGRADABLE 0
58 298 95 298 95 333 58 333 BIODEGRADABLE 0
1 156 20 156 20 325 1 325 BIODEGRADABLE 0
11 7 56 7 56 153 11 153 BIODEGRADABLE 0