2 320 67 320 67 414 2 414 BIODEGRADABLE 0
2 317 9 317 9 394 2 394 BIODEGRADABLE 0
2 206 66 206 66 332 2 332 BIODEGRADABLE 0
1 1 43 1 43 223 1 223 BIODEGRADABLE 0
1 1 16 1 16 37 1 37 BIODEGRADABLE 0
14 127.00000000000001 62.99999999999999 127.00000000000001 62.99999999999999 212.99999999999997 14 212.99999999999997 BIODEGRADABLE 0
17 67 48 67 48 146 17 146 BIODEGRADABLE 0
42 65 84 65 84 144 42 144 BIODEGRADABLE 0
59.99999999999999 134 112.99999999999999 134 112.99999999999999 231 59.99999999999999 231 BIODEGRADABLE 0
56 209 121.00000000000001 209 121.00000000000001 295 56 295 BIODEGRADABLE 0
57.00000000000001 300 103 300 103 386 57.00000000000001 386 BIODEGRADABLE 0
85 252.99999999999997 128 252.99999999999997 128 330 85 330 BIODEGRADABLE 0
53 283 85 283 85 325 53 325 BIODEGRADABLE 0
106.99999999999999 292 129 292 129 339 106.99999999999999 339 BIODEGRADABLE 0
106.99999999999999 364 135 364 135 414 106.99999999999999 414 BIODEGRADABLE 0
100 402 116 402 116 414 100 414 BIODEGRADABLE 0
71 396 93 396 93 414 71 414 BIODEGRADABLE 0
75 377 91 377 91 397 75 397 BIODEGRADABLE 0
55 394 75 394 75 414 55 414 BIODEGRADABLE 0
129 252.99999999999997 161 252.99999999999997 161 414 129 414 BIODEGRADABLE 0
122 238 147 238 147 295 122 295 BIODEGRADABLE 0
151 198 169 198 169 239.99999999999997 151 239.99999999999997 BIODEGRADABLE 0
155 228.00000000000003 201 228.00000000000003 201 298 155 298 BIODEGRADABLE 0
189 285 221 285 221 335 189 335 BIODEGRADABLE 0
161 297 215.00000000000003 297 215.00000000000003 369 161 369 BIODEGRADABLE 0
152 339 178 339 178 391 152 391 BIODEGRADABLE 0
175 354 209 354 209 406 175 406 BIODEGRADABLE 0
147 389 181 389 181 414 147 414 BIODEGRADABLE 0
180 406 201 406 201 414 180 414 BIODEGRADABLE 0
161 287 233 287 233 389 161 389 BIODEGRADABLE 0
229.00000000000003 290 291 290 291 396 229.00000000000003 396 BIODEGRADABLE 0
208 374 251.99999999999997 374 251.99999999999997 414 208 414 BIODEGRADABLE 0
194 174 255.00000000000003 174 255.00000000000003 288 194 288 BIODEGRADABLE 0
158 144 205 144 205 228.00000000000003 158 228.00000000000003 BIODEGRADABLE 0
139 161 159 161 159 208 139 208 BIODEGRADABLE 0
118 149 139 149 139 201 118 201 BIODEGRADABLE 0
110 196 140 196 140 228.00000000000003 110 228.00000000000003 BIODEGRADABLE 0
133 203 151 203 151 239.99999999999997 133 239.99999999999997 BIODEGRADABLE 0
138 134 163 134 163 166 138 166 BIODEGRADABLE 0
123 102 147 102 147 132 123 132 BIODEGRADABLE 0
110 114.00000000000001 132 114.00000000000001 132 168 110 168 BIODEGRADABLE 0
90 94 119 94 119 134 90 134 BIODEGRADABLE 0
92 55 116 55 116 102 92 102 BIODEGRADABLE 0
117 45 138 45 138 102 117 102 BIODEGRADABLE 0
138 92 163 92 163 134 138 134 BIODEGRADABLE 0
135 55 161 55 161 89 135 89 BIODEGRADABLE 0
112.99999999999999 23 131 23 131 50 112.99999999999999 50 BIODEGRADABLE 0
111 1 131 1 131 23 111 23 BIODEGRADABLE 0
89 1 112 1 112 32 89 32 BIODEGRADABLE 0
88 29.999999999999996 110 29.999999999999996 110 62 88 62 BIODEGRADABLE 0
74 47 98 47 98 77 74 77 BIODEGRADABLE 0
65 20 89 20 89 57.00000000000001 65 57.00000000000001 BIODEGRADABLE 0
40 23 65 23 65 65 40 65 BIODEGRADABLE 0
29 1 92 1 92 23 29 23 BIODEGRADABLE 0
130 1 182 1 182 62 130 62 BIODEGRADABLE 0
161 29.999999999999996 238 29.999999999999996 238 144 161 144 BIODEGRADABLE 0
173 1 188 1 188 8 173 8 BIODEGRADABLE 0
228.00000000000003 47 242.00000000000003 47 242.00000000000003 79 228.00000000000003 79 BIODEGRADABLE 0
193 1 257 1 257 35 193 35 BIODEGRADABLE 0
241.00000000000003 1 325 1 325 109 241.00000000000003 109 BIODEGRADABLE 0
222 92 275 92 275 186 222 186 BIODEGRADABLE 0
251 179 297 179 297 263 251 263 BIODEGRADABLE 0
286 221 342 221 342 320 286 320 BIODEGRADABLE 0
238.99999999999997 255.00000000000003 285 255.00000000000003 285 297 238.99999999999997 297 BIODEGRADABLE 0
291 310 352 310 352 402 291 402 BIODEGRADABLE 0
285 362 333 362 333 414 285 414 BIODEGRADABLE 0
251 374 298 374 298 414 251 414 BIODEGRADABLE 0
348 369 366 369 366 399 348 399 BIODEGRADABLE 0
341 389 351 389 351 401 341 401 BIODEGRADABLE 0
337 399 345 399 345 414 337 414 BIODEGRADABLE 0
349 402 361 402 361 414 349 414 BIODEGRADABLE 0
362 392 373 392 373 414 362 414 BIODEGRADABLE 0
335 369 375 369 375 413 335 413 BIODEGRADABLE 0
323 290 413 290 413 414 323 414 BIODEGRADABLE 0
347 288 395 288 395 362 347 362 BIODEGRADABLE 0
338 211 398 211 398 305 338 305 BIODEGRADABLE 0
387 290 415 290 415 365 387 365 BIODEGRADABLE 0
407 364 415 364 415 386 407 386 BIODEGRADABLE 0
400 364 411 364 411 386 400 386 BIODEGRADABLE 0
410 388 415 388 415 414 410 414 BIODEGRADABLE 0
409 339 415 339 415 367 409 367 BIODEGRADABLE 0
403 251.99999999999997 415 251.99999999999997 415 336 403 336 BIODEGRADABLE 0
398 71 415 71 415 243 398 243 BIODEGRADABLE 0
396 208 415 208 415 259 396 259 BIODEGRADABLE 0
360 124 400 124 400 216.00000000000003 360 216.00000000000003 BIODEGRADABLE 0
308 139 360 139 360 236 308 236 BIODEGRADABLE 0
266 156 291 156 291 181 266 181 BIODEGRADABLE 0
273 106.99999999999999 289 106.99999999999999 289 149 273 149 BIODEGRADABLE 0
291 95 316 95 316 149 291 149 BIODEGRADABLE 0
292 144 314 144 314 196 292 196 BIODEGRADABLE 0
315 106.99999999999999 345 106.99999999999999 345 152 315 152 BIODEGRADABLE 0
318 92 330 92 330 106.99999999999999 318 106.99999999999999 BIODEGRADABLE 0
341 112 369 112 369 149 341 149 BIODEGRADABLE 0
317 12 387 12 387 109 317 109 BIODEGRADABLE 0
368 87 382 87 382 127.00000000000001 368 127.00000000000001 BIODEGRADABLE 0
377 1 415 1 415 108.00000000000001 377 108.00000000000001 BIODEGRADABLE 0
313 1 389 1 389 23 313 23 BIODEGRADABLE 0
2 0 416 0 416 414 2 414 BIODEGRADABLE 0