294 373 392 373 392 403 294 403 BIODEGRADABLE 0
336 390 401 390 401 403 336 403 BIODEGRADABLE 0
386 331 401 331 401 385 386 385 BIODEGRADABLE 0
368 299 400 299 400 319 368 319 BIODEGRADABLE 0
361 267 400 267 400 303 361 303 BIODEGRADABLE 0
357 195 399 195 399 269 357 269 BIODEGRADABLE 0
290 106 398 106 398 199 290 199 BIODEGRADABLE 0
370 167 400 167 400 225 370 225 BIODEGRADABLE 0
290 39 334 39 334 76 290 76 BIODEGRADABLE 0
336 11 398 11 398 145 336 145 BIODEGRADABLE 0
288 76 340 76 340 143 288 143 BIODEGRADABLE 0
260 71 290 71 290 127.00000000000001 260 127.00000000000001 BIODEGRADABLE 0
264 32 303 32 303 50 264 50 BIODEGRADABLE 0
271 14.999999999999998 301 14.999999999999998 301 35 271 35 BIODEGRADABLE 0
251 14.999999999999998 266 14.999999999999998 266 43 251 43 BIODEGRADABLE 0
251 49 283 49 283 71 251 71 BIODEGRADABLE 0
272 54.00000000000001 288 54.00000000000001 288 64 272 64 BIODEGRADABLE 0
215.00000000000003 14.999999999999998 251 14.999999999999998 251 52 215.00000000000003 52 BIODEGRADABLE 0
210 33 249 33 249 69 210 69 BIODEGRADABLE 0
173 26 212 26 212 62.99999999999999 173 62.99999999999999 BIODEGRADABLE 0
153 14.999999999999998 192 14.999999999999998 192 52 153 52 BIODEGRADABLE 0
188 11 216.00000000000003 11 216.00000000000003 24 188 24 BIODEGRADABLE 0
112.99999999999999 17 167 17 167 69 112.99999999999999 69 BIODEGRADABLE 0
103 14.999999999999998 125 14.999999999999998 125 31 103 31 BIODEGRADABLE 0
44 28 80 28 80 54.00000000000001 44 54.00000000000001 BIODEGRADABLE 0
26 95 91 95 91 147 26 147 BIODEGRADABLE 0
80 101 110 101 110 121.00000000000001 80 121.00000000000001 BIODEGRADABLE 0
108.00000000000001 99 134 99 134 123 108.00000000000001 123 BIODEGRADABLE 0
141 97 171 97 171 129 141 129 BIODEGRADABLE 0
125 132 175 132 175 171 125 171 BIODEGRADABLE 0
136 65 246 65 246 104 136 104 BIODEGRADABLE 0
216.00000000000003 104 255.00000000000003 104 255.00000000000003 141 216.00000000000003 141 BIODEGRADABLE 0
184 84 213.99999999999997 84 213.99999999999997 130 184 130 BIODEGRADABLE 0
154 82 193 82 193 134 154 134 BIODEGRADABLE 0
173 127.00000000000001 236 127.00000000000001 236 173 173 173 BIODEGRADABLE 0
191 162 232 162 232 199 191 199 BIODEGRADABLE 0
225.99999999999997 112 288 112 288 175 225.99999999999997 175 BIODEGRADABLE 0
23 48 99 48 99 78 23 78 BIODEGRADABLE 0
45 125.99999999999999 119 125.99999999999999 119 180 45 180 BIODEGRADABLE 0
112 158 153 158 153 192 112 192 BIODEGRADABLE 0
77 177 151 177 151 255.00000000000003 77 255.00000000000003 BIODEGRADABLE 0
151 182 223 182 223 256 151 256 BIODEGRADABLE 0
162 162 190 162 190 182 162 182 BIODEGRADABLE 0
220 179 294 179 294 244 220 244 BIODEGRADABLE 0
292 195 357 195 357 249 292 249 BIODEGRADABLE 0
296 340 348 340 348 384 296 384 BIODEGRADABLE 0
324 303 392 303 392 368 324 368 BIODEGRADABLE 0
349 295 364 295 364 310 349 310 BIODEGRADABLE 0
333 279 361 279 361 307 333 307 BIODEGRADABLE 0
308 301 338 301 338 323 308 323 BIODEGRADABLE 0
292 314 320 314 320 338 292 338 BIODEGRADABLE 0
273 301 297 301 297 323 273 323 BIODEGRADABLE 0
274 318 290 318 290 340 274 340 BIODEGRADABLE 0
255.00000000000003 336 285 336 285 347 255.00000000000003 347 BIODEGRADABLE 0
251 346 275 346 275 376 251 376 BIODEGRADABLE 0
272 346 288 346 288 366 272 366 BIODEGRADABLE 0
242.00000000000003 374 272 374 272 400 242.00000000000003 400 BIODEGRADABLE 0
262 379 298 379 298 401 262 401 BIODEGRADABLE 0
274 364 292 364 292 379 274 379 BIODEGRADABLE 0
213.99999999999997 375 255.00000000000003 375 255.00000000000003 403 213.99999999999997 403 BIODEGRADABLE 0
297 247 357 247 357 301 297 301 BIODEGRADABLE 0
298 290 318 290 318 306 298 306 BIODEGRADABLE 0
225 226.99999999999997 255.00000000000003 226.99999999999997 255.00000000000003 249 225 249 BIODEGRADABLE 0
193 245 229.00000000000003 245 229.00000000000003 282 193 282 BIODEGRADABLE 0
153 247 192 247 192 279 153 279 BIODEGRADABLE 0
167 269 217 269 217 303 167 303 BIODEGRADABLE 0
213.99999999999997 294 238 294 238 320 213.99999999999997 320 BIODEGRADABLE 0
229.00000000000003 251 299 251 299 318 229.00000000000003 318 BIODEGRADABLE 0
348 244 368 244 368 264 348 264 BIODEGRADABLE 0
229.00000000000003 296 251 296 251 316 229.00000000000003 316 BIODEGRADABLE 0
239.99999999999997 314 274 314 274 342 239.99999999999997 342 BIODEGRADABLE 0
216.00000000000003 325 239.99999999999997 325 239.99999999999997 353 216.00000000000003 353 BIODEGRADABLE 0
231 340 249 340 249 360 231 360 BIODEGRADABLE 0
238 349 252.99999999999997 349 252.99999999999997 375 238 375 BIODEGRADABLE 0
220 357 239.99999999999997 357 239.99999999999997 379 220 379 BIODEGRADABLE 0
193 349 230 349 230 377 193 377 BIODEGRADABLE 0
192 366 216.00000000000003 366 216.00000000000003 384 192 384 BIODEGRADABLE 0
182 377 216.00000000000003 377 216.00000000000003 403 182 403 BIODEGRADABLE 0
175 366 190 366 190 382 175 382 BIODEGRADABLE 0
160 361 184 361 184 377 160 377 BIODEGRADABLE 0
134 342 164 342 164 372 134 372 BIODEGRADABLE 0
128 368 160 368 160 392 128 392 BIODEGRADABLE 0
151 305 219 305 219 361 151 361 BIODEGRADABLE 0
134 292 158 292 158 312 134 312 BIODEGRADABLE 0
125 285 138 285 138 301 125 301 BIODEGRADABLE 0
125 262 151 262 151 286 125 286 BIODEGRADABLE 0
125 242.00000000000003 151 242.00000000000003 151 264 125 264 BIODEGRADABLE 0
108.00000000000001 258 125.99999999999999 258 125.99999999999999 282 108.00000000000001 282 BIODEGRADABLE 0
62 208 82 208 82 242.00000000000003 62 242.00000000000003 BIODEGRADABLE 0
59.99999999999999 184 78 184 78 202 59.99999999999999 202 BIODEGRADABLE 0
12 147 59.99999999999999 147 59.99999999999999 357 12 357 BIODEGRADABLE 0
100 314 130 314 130 332 100 332 BIODEGRADABLE 0
102 338 128 338 128 353 102 353 BIODEGRADABLE 0
59.99999999999999 347 130 347 130 383 59.99999999999999 383 BIODEGRADABLE 0
51 361 67 361 67 381 51 381 BIODEGRADABLE 0
13 381 33 381 33 403 13 403 BIODEGRADABLE 0
59.99999999999999 226.99999999999997 123 226.99999999999997 123 353 59.99999999999999 353 BIODEGRADABLE 0
38 381 158 381 158 405 38 405 BIODEGRADABLE 0
151 385 181 385 181 405 151 405 BIODEGRADABLE 0
11 11 399 11 399 407 11 407 BIODEGRADABLE 0