44 77 112 77 112 154 44 154 BIODEGRADABLE 0
301 14.999999999999998 371 14.999999999999998 371 92 301 92 BIODEGRADABLE 0
84 1 151 1 151 50 84 50 BIODEGRADABLE 0
198 40 336 40 336 232 198 232 BIODEGRADABLE 0
244 109 280 109 280 192 244 192 BIODEGRADABLE 0
213.99999999999997 119.99999999999999 250 119.99999999999999 250 158 213.99999999999997 158 BIODEGRADABLE 0
180 39 246 39 246 109 180 109 BIODEGRADABLE 0
159 158 241.00000000000003 158 241.00000000000003 211 159 211 BIODEGRADABLE 0
152 200 198 200 198 225.99999999999997 152 225.99999999999997 BIODEGRADABLE 0
246 209 284 209 284 243 246 243 BIODEGRADABLE 0
257 181 309 181 309 233 257 233 BIODEGRADABLE 0
275 143 311 143 311 191 275 191 BIODEGRADABLE 0
155 136 191 136 191 162 155 162 BIODEGRADABLE 0
112 135 144 135 144 161 112 161 BIODEGRADABLE 0
100 80 141 80 141 118 100 118 BIODEGRADABLE 0
91 49 121.00000000000001 49 121.00000000000001 77 91 77 BIODEGRADABLE 0
130 54.00000000000001 171 54.00000000000001 171 82 130 82 BIODEGRADABLE 0
121.00000000000001 88 162 88 162 132 121.00000000000001 132 BIODEGRADABLE 0
110 112.99999999999999 182 112.99999999999999 182 177 110 177 BIODEGRADABLE 0
82 157 102 157 102 183 82 183 BIODEGRADABLE 0
103 153 153 153 153 179 103 179 BIODEGRADABLE 0
105 175 153 175 153 203 105 203 BIODEGRADABLE 0
89 182 125 182 125 210 89 210 BIODEGRADABLE 0
55 212 123 212 123 260 55 260 BIODEGRADABLE 0
128 281 200 281 200 369 128 369 BIODEGRADABLE 0
191 265 271 265 271 306 191 306 BIODEGRADABLE 0
228.00000000000003 289 271 289 271 342 228.00000000000003 342 BIODEGRADABLE 0
173 226.99999999999997 280 226.99999999999997 280 274 173 274 BIODEGRADABLE 0
80 35 332 35 332 273 80 273 BIODEGRADABLE 0
243 187 415 187 415 408 243 408 BIODEGRADABLE 0
262 307 321 307 321 363 262 363 BIODEGRADABLE 0
266 319 309 319 309 375 266 375 BIODEGRADABLE 0
366 285 407 285 407 336 366 336 BIODEGRADABLE 0
328 360 400 360 400 410 328 410 BIODEGRADABLE 0
262 350 282 350 282 380 262 380 BIODEGRADABLE 0
296 368 305 368 305 389 296 389 BIODEGRADABLE 0
323 292 366 292 366 350 323 350 BIODEGRADABLE 0
339 260 396 260 396 298 339 298 BIODEGRADABLE 0
223 321 252.99999999999997 321 252.99999999999997 356 223 356 BIODEGRADABLE 0