18 116 112 116 112 266 18 266 BIODEGRADABLE 0
81 105 167 105 167 291 81 291 BIODEGRADABLE 0
109 69 243 69 243 205 109 205 BIODEGRADABLE 0
183 84 339 84 339 159 183 159 BIODEGRADABLE 0
324 130 388 130 388 303 324 303 BIODEGRADABLE 0
281 148 339 148 339 234 281 234 BIODEGRADABLE 0
238 213.99999999999997 342 213.99999999999997 342 298 238 298 BIODEGRADABLE 0
225.99999999999997 144 282 144 282 237 225.99999999999997 237 BIODEGRADABLE 0
194 198 236 198 236 300 194 300 BIODEGRADABLE 0
221 278 267 278 267 396 221 396 BIODEGRADABLE 0
176 257 223 257 223 369 176 369 BIODEGRADABLE 0
99 269 155 269 155 389 99 389 BIODEGRADABLE 0
29 162 93 162 93 382 29 382 BIODEGRADABLE 0