241.00000000000003 77 403 77 403 215.00000000000003 241.00000000000003 215.00000000000003 BIODEGRADABLE 0
154 150 282 150 282 242.00000000000003 154 242.00000000000003 BIODEGRADABLE 0
106.99999999999999 223 216.00000000000003 223 216.00000000000003 300 106.99999999999999 300 BIODEGRADABLE 0
43 173 159 173 159 265 43 265 BIODEGRADABLE 0
82 118 170 118 170 194 82 194 BIODEGRADABLE 0
59 121.00000000000001 102 121.00000000000001 102 163 59 163 BIODEGRADABLE 0
75 61 168 61 168 143 75 143 BIODEGRADABLE 0
128 92 246 92 246 162 128 162 BIODEGRADABLE 0
161 38 291 38 291 135 161 135 BIODEGRADABLE 0
220 1 282 1 282 62 220 62 BIODEGRADABLE 0
256 1 385 1 385 9 256 9 BIODEGRADABLE 0
204 383 232 383 232 395 204 395 BIODEGRADABLE 0
216.00000000000003 395 236 395 236 415 216.00000000000003 415 BIODEGRADABLE 0
198 403 213.99999999999997 403 213.99999999999997 415 198 415 BIODEGRADABLE 0
237 404 259 404 259 415 237 415 BIODEGRADABLE 0
309 348 337 348 337 366 309 366 BIODEGRADABLE 0
189 319 232 319 232 369 189 369 BIODEGRADABLE 0
234 344 264 344 264 366 234 366 BIODEGRADABLE 0
191 374 211 374 211 392 191 392 BIODEGRADABLE 0
207 398 223 398 223 407 207 407 BIODEGRADABLE 0
182 397 202 397 202 409 182 409 BIODEGRADABLE 0
184 409 198 409 198 415 184 415 BIODEGRADABLE 0
173 362 189 362 189 380 173 380 BIODEGRADABLE 0
166 378 191 378 191 392 166 392 BIODEGRADABLE 0
155 356 175 356 175 372 155 372 BIODEGRADABLE 0
134 374 177 374 177 406 134 406 BIODEGRADABLE 0
134 398 152 398 152 410 134 410 BIODEGRADABLE 0
139 409 161 409 161 415 139 415 BIODEGRADABLE 0
64 276 123 276 123 350 64 350 BIODEGRADABLE 0
50 269 86 269 86 307 50 307 BIODEGRADABLE 0
0 288 68 288 68 326 0 326 BIODEGRADABLE 0
1 80 89 80 89 204 1 204 BIODEGRADABLE 0
66 1 186 1 186 55 66 55 BIODEGRADABLE 0
157 1 267 1 267 53 157 53 BIODEGRADABLE 0
314 12 414 12 414 77 314 77 BIODEGRADABLE 0
280 9 318 9 318 29 280 29 BIODEGRADABLE 0
0 350 84 350 84 415 0 415 BIODEGRADABLE 0
396 315 414 315 414 373 396 373 BIODEGRADABLE 0
362 262 414 262 414 301 362 301 BIODEGRADABLE 0