88 146 222 146 222 304 88 304 BIODEGRADABLE 0
144 95 300 95 300 247 144 247 BIODEGRADABLE 0
308 73 400 73 400 129 308 129 BIODEGRADABLE 0
310 44 376 44 376 84 310 84 BIODEGRADABLE 0
248 297 300 297 300 323 248 323 BIODEGRADABLE 0
282 249 338 249 338 300 282 300 BIODEGRADABLE 0
334 223 374 223 374 252.99999999999997 334 252.99999999999997 BIODEGRADABLE 0
331 166 371 166 371 202 331 202 BIODEGRADABLE 0
237 246 291 246 291 297 237 297 BIODEGRADABLE 0
275 207 355 207 355 251.99999999999997 275 251.99999999999997 BIODEGRADABLE 0
328 204 376 204 376 225.99999999999997 328 225.99999999999997 BIODEGRADABLE 0
293 165 341 165 341 210 293 210 BIODEGRADABLE 0
206 76 414 76 414 345 206 345 BIODEGRADABLE 0
182 2 324 2 324 95 182 95 BIODEGRADABLE 0
68 68 194 68 194 208 68 208 BIODEGRADABLE 0
133 41 197 41 197 87 133 87 BIODEGRADABLE 0
87 105 175 105 175 147 87 147 BIODEGRADABLE 0
78 134 104 134 104 162 78 162 BIODEGRADABLE 0
52 79 170 79 170 133 52 133 BIODEGRADABLE 0
93 2 201 2 201 82 93 82 BIODEGRADABLE 0
4 221 289 221 289 415 4 415 METAL 0
69 210 215.00000000000003 210 215.00000000000003 416 69 416 METAL 0