263 2 330 2 330 26 263 26 BIODEGRADABLE 0
288 37 360 37 360 91 288 91 BIODEGRADABLE 0
355 37 375 37 375 86 355 86 BIODEGRADABLE 0
210 34 288 34 288 106.99999999999999 210 106.99999999999999 BIODEGRADABLE 0
243 54.00000000000001 301 54.00000000000001 301 100 243 100 BIODEGRADABLE 0
206 2 250 2 250 37 206 37 BIODEGRADABLE 0
228.00000000000003 2 269 2 269 34 228.00000000000003 34 BIODEGRADABLE 0
176 2 208 2 208 28 176 28 BIODEGRADABLE 0
167 26 204 26 204 77 167 77 BIODEGRADABLE 0
187 37 241.00000000000003 37 241.00000000000003 91 187 91 BIODEGRADABLE 0
223 100 293 100 293 149 223 149 BIODEGRADABLE 0
198 134 254.00000000000003 134 254.00000000000003 178 198 178 BIODEGRADABLE 0
180 111 225.99999999999997 111 225.99999999999997 149 180 149 BIODEGRADABLE 0
158 100 212 100 212 135 158 135 BIODEGRADABLE 0
174 157 232 157 232 205 174 205 BIODEGRADABLE 0
232 181 304 181 304 237 232 237 BIODEGRADABLE 0
271 135 345 135 345 191 271 191 BIODEGRADABLE 0
310 171 370 171 370 235 310 235 BIODEGRADABLE 0
327 235 371 235 371 279 327 279 BIODEGRADABLE 0
262 209 327 209 327 267 262 267 BIODEGRADABLE 0
202 221 265 221 265 264 202 264 BIODEGRADABLE 0
241.00000000000003 256 299 256 299 298 241.00000000000003 298 BIODEGRADABLE 0
193 275 269 275 269 335 193 335 BIODEGRADABLE 0
265 299 351 299 351 358 265 358 BIODEGRADABLE 0
174 242.00000000000003 228.00000000000003 242.00000000000003 228.00000000000003 280 174 280 BIODEGRADABLE 0
167 286 199 286 199 320 167 320 BIODEGRADABLE 0
188 318 232 318 232 345 188 345 BIODEGRADABLE 0
230 335 276 335 276 361 230 361 BIODEGRADABLE 0
182 345 245 345 245 385 182 385 BIODEGRADABLE 0
189 387 250 387 250 415 189 415 BIODEGRADABLE 0
161 361 200 361 200 405 161 405 BIODEGRADABLE 0
141 330 191 330 191 373 141 373 BIODEGRADABLE 0
108.00000000000001 353 154 353 154 391 108.00000000000001 391 BIODEGRADABLE 0
139 401 195 401 195 415 139 415 BIODEGRADABLE 0
106 390 149 390 149 415 106 415 BIODEGRADABLE 0
89 362 119 362 119 392 89 392 BIODEGRADABLE 0
72 362 96 362 96 394 72 394 BIODEGRADABLE 0
65 324 91 324 91 351 65 351 BIODEGRADABLE 0
83 323 117 323 117 350 83 350 BIODEGRADABLE 0
52 340 74 340 74 360 52 360 BIODEGRADABLE 0
28 322 52 322 52 346 28 346 BIODEGRADABLE 0
29 291 61 291 61 315 29 315 BIODEGRADABLE 0
46 261 59 261 59 281 46 281 BIODEGRADABLE 0
62.99999999999999 262 78 262 78 289 62.99999999999999 289 BIODEGRADABLE 0
76 252.99999999999997 89 252.99999999999997 89 269 76 269 BIODEGRADABLE 0
85 237 124 237 124 269 85 269 BIODEGRADABLE 0
80 219 134 219 134 252.99999999999997 80 252.99999999999997 BIODEGRADABLE 0
96 173 130 173 130 203 96 203 BIODEGRADABLE 0
50 163 84 163 84 189 50 189 BIODEGRADABLE 0
26 169 50 169 50 188 26 188 BIODEGRADABLE 0
33 191 57.00000000000001 191 57.00000000000001 218 33 218 BIODEGRADABLE 0
53 186 87 186 87 218 53 218 BIODEGRADABLE 0
46 224 70 224 70 251.99999999999997 46 251.99999999999997 BIODEGRADABLE 0
37 102 71 102 71 130 37 130 BIODEGRADABLE 0
50 70 72 70 72 100 50 100 BIODEGRADABLE 0
68 88 83 88 83 110 68 110 BIODEGRADABLE 0
72 112.99999999999999 94 112.99999999999999 94 135 72 135 BIODEGRADABLE 0
76 70 96 70 96 92 76 92 BIODEGRADABLE 0
62.99999999999999 11 95 11 95 38 62.99999999999999 38 BIODEGRADABLE 0
111 134 150 134 150 161 111 161 BIODEGRADABLE 0
119 73 143 73 143 99 119 99 BIODEGRADABLE 0
115 38 161 38 161 72 115 72 BIODEGRADABLE 0