141 125.99999999999999 221 125.99999999999999 221 228.00000000000003 141 228.00000000000003 BIODEGRADABLE 0
213.99999999999997 93 287 93 287 182 213.99999999999997 182 BIODEGRADABLE 0
279 141 360 141 360 243 279 243 BIODEGRADABLE 0
334 212.99999999999997 400 212.99999999999997 400 300 334 300 BIODEGRADABLE 0
209 184 290 184 290 282 209 282 BIODEGRADABLE 0
273 241.00000000000003 335 241.00000000000003 335 315 273 315 BIODEGRADABLE 0
277 313 337 313 337 383 277 383 BIODEGRADABLE 0
208 282 282 282 282 373 208 373 BIODEGRADABLE 0
136 225.99999999999997 220 225.99999999999997 220 334 136 334 BIODEGRADABLE 0
141 329 217 329 217 383 141 383 BIODEGRADABLE 0
61 281 149 281 149 383 61 383 BIODEGRADABLE 0
16 220 88 220 88 309 16 309 BIODEGRADABLE 0
78 172 152 172 152 272 78 272 BIODEGRADABLE 0
10 114.00000000000001 90 114.00000000000001 90 220 10 220 BIODEGRADABLE 0
81 72 161 72 161 172 81 172 BIODEGRADABLE 0
154 38 226.99999999999997 38 226.99999999999997 131 154 131 BIODEGRADABLE 0
219 0 305 0 305 91 219 91 BIODEGRADABLE 0
282 69 345 69 345 141 282 141 BIODEGRADABLE 0
100 1 166 1 166 75 100 75 BIODEGRADABLE 0
27.000000000000004 17 101 17 101 106 27.000000000000004 106 BIODEGRADABLE 0
152 0 241.00000000000003 0 241.00000000000003 38 152 38 BIODEGRADABLE 0