376 337 410 337 410 375 376 375 BIODEGRADABLE 0
396 310 415 310 415 361 396 361 BIODEGRADABLE 0
390 297 412 297 412 323 390 323 BIODEGRADABLE 0
328 257 396 257 396 304 328 304 BIODEGRADABLE 0
326 285 389 285 389 323 326 323 BIODEGRADABLE 0
338 313 394 313 394 335 338 335 BIODEGRADABLE 0
320 323 385 323 385 358 320 358 BIODEGRADABLE 0
320 352 378 352 378 406 320 406 BIODEGRADABLE 0
351 374 393 374 393 412 351 412 BIODEGRADABLE 0
321 399 367 399 367 415 321 415 BIODEGRADABLE 0
389 357 415 357 415 410 389 410 BIODEGRADABLE 0
365 79 412 79 412 135 365 135 BIODEGRADABLE 0
374 52 392 52 392 69 374 69 BIODEGRADABLE 0
374 42 396 42 396 59.99999999999999 374 59.99999999999999 BIODEGRADABLE 0
358 52 378 52 378 66 358 66 BIODEGRADABLE 0
367 67 389 67 389 81 367 81 BIODEGRADABLE 0
355 66 369 66 369 78 355 78 BIODEGRADABLE 0
365 83 376 83 376 93 365 93 BIODEGRADABLE 0
351 76 362 76 362 86 351 86 BIODEGRADABLE 0
338 2 378 2 378 36 338 36 BIODEGRADABLE 0
263 3 349 3 349 72 263 72 BIODEGRADABLE 0
238.99999999999997 2 315 2 315 58 238.99999999999997 58 BIODEGRADABLE 0
225 1 259 1 259 23 225 23 BIODEGRADABLE 0
140 2 236 2 236 66 140 66 BIODEGRADABLE 0
167 38 263 38 263 98 167 98 BIODEGRADABLE 0
185 59.99999999999999 281 59.99999999999999 281 114.00000000000001 185 114.00000000000001 BIODEGRADABLE 0
112.99999999999999 2 147 2 147 22 112.99999999999999 22 BIODEGRADABLE 0
103 2 117 2 117 10 103 10 BIODEGRADABLE 0
16 1 133 1 133 43 16 43 BIODEGRADABLE 0
3 3 9 3 9 127.00000000000001 3 127.00000000000001 BIODEGRADABLE 0
3 17 43 17 43 129 3 129 BIODEGRADABLE 0
39 23 81 23 81 136 39 136 BIODEGRADABLE 0
68 25 104 25 104 149 68 149 BIODEGRADABLE 0
88 37 133 37 133 144 88 144 BIODEGRADABLE 0
112.99999999999999 41 160 41 160 153 112.99999999999999 153 BIODEGRADABLE 0
110 78 162 78 162 172 110 172 BIODEGRADABLE 0
128 75 182 75 182 196 128 196 BIODEGRADABLE 0
108.00000000000001 170 128 170 128 196 108.00000000000001 196 BIODEGRADABLE 0
110 148 137 148 137 170 110 170 BIODEGRADABLE 0
81 141 110 141 110 170 81 170 BIODEGRADABLE 0
61 147 93 147 93 163 61 163 BIODEGRADABLE 0
43 147 67 147 67 169 43 169 BIODEGRADABLE 0
29 135 56 135 56 159 29 159 BIODEGRADABLE 0
12 122 36 122 36 138 12 138 BIODEGRADABLE 0
43 159 85 159 85 182 43 182 BIODEGRADABLE 0
65 162 110 162 110 204 65 204 BIODEGRADABLE 0
88 194 138 194 138 228.00000000000003 88 228.00000000000003 BIODEGRADABLE 0
133 164 169 164 169 232 133 232 BIODEGRADABLE 0
135 172 198 172 198 247 135 247 BIODEGRADABLE 0
97 221 147 221 147 256 97 256 BIODEGRADABLE 0
2 217 29 217 29 323 2 323 BIODEGRADABLE 0
2 221 72 221 72 363 2 363 BIODEGRADABLE 0
3 358 14 358 14 380 3 380 BIODEGRADABLE 0
20 238.99999999999997 119 238.99999999999997 119 375 20 375 BIODEGRADABLE 0
7 366 57.00000000000001 366 57.00000000000001 401 7 401 BIODEGRADABLE 0
54.00000000000001 363 88 363 88 394 54.00000000000001 394 BIODEGRADABLE 0
81 349 108.00000000000001 349 108.00000000000001 377 81 377 BIODEGRADABLE 0
94 326 108.00000000000001 326 108.00000000000001 348 94 348 BIODEGRADABLE 0
93 367 112.99999999999999 367 112.99999999999999 389 93 389 BIODEGRADABLE 0
70 381 104 381 104 410 70 410 BIODEGRADABLE 0
53 400 91 400 91 415 53 415 BIODEGRADABLE 0
29 391 64 391 64 415 29 415 BIODEGRADABLE 0
117 250 139 250 139 282 117 282 BIODEGRADABLE 0
140 245 178 245 178 275 140 275 BIODEGRADABLE 0
171 238.99999999999997 189 238.99999999999997 189 273 171 273 BIODEGRADABLE 0
142 268 189 268 189 294 142 294 BIODEGRADABLE 0
191 233 225 233 225 268 191 268 BIODEGRADABLE 0
180 209 225 209 225 245 180 245 BIODEGRADABLE 0
223 204 250 204 250 228.00000000000003 223 228.00000000000003 BIODEGRADABLE 0
243 190 267 190 267 216.00000000000003 243 216.00000000000003 BIODEGRADABLE 0
225 185 251.99999999999997 185 251.99999999999997 207 225 207 BIODEGRADABLE 0
198 149 261 149 261 207 198 207 BIODEGRADABLE 0
185 121.00000000000001 230 121.00000000000001 230 170 185 170 BIODEGRADABLE 0
171 114.00000000000001 226.99999999999997 114.00000000000001 226.99999999999997 158 171 158 BIODEGRADABLE 0
219 103 279 103 279 159 219 159 BIODEGRADABLE 0
282 72 306 72 306 88 282 88 BIODEGRADABLE 0
291 77 331 77 331 95 291 95 BIODEGRADABLE 0
297 98 349 98 349 112 297 112 BIODEGRADABLE 0
300 106 324 106 324 119.99999999999999 300 119.99999999999999 BIODEGRADABLE 0
311 112 340 112 340 128 311 128 BIODEGRADABLE 0
277 123 317 123 317 158 277 158 BIODEGRADABLE 0
270 112 299 112 299 138 270 138 BIODEGRADABLE 0
279 89 301 89 301 118 279 118 BIODEGRADABLE 0
243 130 288 130 288 179 243 179 BIODEGRADABLE 0
246 164 286 164 286 193 246 193 BIODEGRADABLE 0
259 176 309 176 309 231 259 231 BIODEGRADABLE 0
248 185 286 185 286 226.99999999999997 248 226.99999999999997 BIODEGRADABLE 0
205 225 263 225 263 271 205 271 BIODEGRADABLE 0
198 246 263 246 263 286 198 286 BIODEGRADABLE 0
230 275 248 275 248 289 230 289 BIODEGRADABLE 0
196 281 223 281 223 309 196 309 BIODEGRADABLE 0
180 280 196 280 196 308 180 308 BIODEGRADABLE 0
185 297 207 297 207 327 185 327 BIODEGRADABLE 0
167 317 183 317 183 339 167 339 BIODEGRADABLE 0
165 283 212 283 212 333 165 333 BIODEGRADABLE 0
148 283 198 283 198 332 148 332 BIODEGRADABLE 0
144 294 164 294 164 312 144 312 BIODEGRADABLE 0
288 167 344 167 344 231 288 231 BIODEGRADABLE 0
319 138 333 138 333 202 319 202 BIODEGRADABLE 0
308 130 328 130 328 199 308 199 BIODEGRADABLE 0
295 129 322 129 322 184 295 184 BIODEGRADABLE 0
279 224 290 224 290 233 279 233 BIODEGRADABLE 0
247 234 279 234 279 288 247 288 BIODEGRADABLE 0
259 231 270 231 270 252.99999999999997 259 252.99999999999997 BIODEGRADABLE 0
211 326 225 326 225 348 211 348 BIODEGRADABLE 0
218 286 236 286 236 334 218 334 BIODEGRADABLE 0
201 329 212 329 212 347 201 347 BIODEGRADABLE 0
187 337 198 337 198 354 187 354 BIODEGRADABLE 0
174 325 196 325 196 349 174 349 BIODEGRADABLE 0
367 95 373 95 373 104 367 104 BIODEGRADABLE 0
353 91 367 91 367 101 353 101 BIODEGRADABLE 0
338 93 356 93 356 106.99999999999999 338 106.99999999999999 BIODEGRADABLE 0
364 104 378 104 378 116 364 116 BIODEGRADABLE 0
349 106.99999999999999 363 106.99999999999999 363 119 349 119 BIODEGRADABLE 0
340 115 346 115 346 123 340 123 BIODEGRADABLE 0
349 119 367 119 367 133 349 133 BIODEGRADABLE 0
337 123 351 123 351 132 337 132 BIODEGRADABLE 0
351 133 362 133 362 142 351 142 BIODEGRADABLE 0
331 131 347 131 347 141 331 141 BIODEGRADABLE 0
364 124 396 124 396 158 364 158 BIODEGRADABLE 0
336 143 360 143 360 155 336 155 BIODEGRADABLE 0
349 159 403 159 403 223 349 223 BIODEGRADABLE 0
347 222 369 222 369 242.00000000000003 347 242.00000000000003 BIODEGRADABLE 0
336 226.99999999999997 358 226.99999999999997 358 244 336 244 BIODEGRADABLE 0
324 202 360 202 360 228.00000000000003 324 228.00000000000003 BIODEGRADABLE 0
331 193 349 193 349 209 331 209 BIODEGRADABLE 0
340 185 356 185 356 194 340 194 BIODEGRADABLE 0
344 178 358 178 358 188 344 188 BIODEGRADABLE 0
338 160 358 160 358 176 338 176 BIODEGRADABLE 0
335 153 355 153 355 167 335 167 BIODEGRADABLE 0
335 147 346 147 346 153 335 153 BIODEGRADABLE 0
299 207 335 207 335 238.99999999999997 299 238.99999999999997 BIODEGRADABLE 0
251.99999999999997 231 276 231 276 286 251.99999999999997 286 BIODEGRADABLE 0
266 271 277 271 277 294 266 294 BIODEGRADABLE 0
266 390 275 390 275 402 266 402 BIODEGRADABLE 0
264 379 268 379 268 390 264 390 BIODEGRADABLE 0
264 372 270 372 270 380 264 380 BIODEGRADABLE 0
268 368 272 368 272 372 268 372 BIODEGRADABLE 0
264 406 270 406 270 416 264 416 BIODEGRADABLE 0
238 400 262 400 262 415 238 415 BIODEGRADABLE 0
238.99999999999997 390 259 390 259 404 238.99999999999997 404 BIODEGRADABLE 0
234 379 256 379 256 393 234 393 BIODEGRADABLE 0
226.99999999999997 355 259 355 259 384 226.99999999999997 384 BIODEGRADABLE 0
241.00000000000003 347 257 347 257 361 241.00000000000003 361 BIODEGRADABLE 0
232 334 254.00000000000003 334 254.00000000000003 354 232 354 BIODEGRADABLE 0
243 320 259 320 259 340 243 340 BIODEGRADABLE 0
251.99999999999997 306 268 306 268 323 251.99999999999997 323 BIODEGRADABLE 0
257 284 268 284 268 306 257 306 BIODEGRADABLE 0
245 289 259 289 259 306 245 306 BIODEGRADABLE 0
237 289 243 289 243 305 237 305 BIODEGRADABLE 0
241.00000000000003 309 251.99999999999997 309 251.99999999999997 325 241.00000000000003 325 BIODEGRADABLE 0
237 308 243 308 243 318 237 318 BIODEGRADABLE 0
234 326 243 326 243 336 234 336 BIODEGRADABLE 0
228.00000000000003 337 234 337 234 349 228.00000000000003 349 BIODEGRADABLE 0
225 347 236 347 236 363 225 363 BIODEGRADABLE 0
216.00000000000003 364 234 364 234 382 216.00000000000003 382 BIODEGRADABLE 0
207 352 223 352 223 369 207 369 BIODEGRADABLE 0
202 348 216.00000000000003 348 216.00000000000003 360 202 360 BIODEGRADABLE 0
182 352 200 352 200 364 182 364 BIODEGRADABLE 0
190 361 213.99999999999997 361 213.99999999999997 375 190 375 BIODEGRADABLE 0
203 377 223 377 223 395 203 395 BIODEGRADABLE 0
198 370 213.99999999999997 370 213.99999999999997 387 198 387 BIODEGRADABLE 0
207 383 229.00000000000003 383 229.00000000000003 403 207 403 BIODEGRADABLE 0
218 393 238 393 238 409 218 409 BIODEGRADABLE 0
218 404 237 404 237 415 218 415 BIODEGRADABLE 0