11 46 403 46 403 414 11 414 BIODEGRADABLE 0
199 49 403 49 403 275 199 275 BIODEGRADABLE 0
146 99 373 99 373 343 146 343 BIODEGRADABLE 0
78 128 316 128 316 381 78 381 BIODEGRADABLE 0
28 196 271 196 271 415 28 415 BIODEGRADABLE 0
8 229.00000000000003 228.00000000000003 229.00000000000003 228.00000000000003 415 8 415 BIODEGRADABLE 0
0 29.999999999999996 35 29.999999999999996 35 229.00000000000003 0 229.00000000000003 CARDBOARD 0
35 31 93 31 93 201 35 201 CARDBOARD 0
94 29 144 29 144 139 94 139 CARDBOARD 0
146 31 168 31 168 132 146 132 CARDBOARD 0
169 29 209 29 209 99 169 99 CARDBOARD 0
211 31 221 31 221 75 211 75 CARDBOARD 0
225.99999999999997 31 415 31 415 51 225.99999999999997 51 CARDBOARD 0
333 51 415 51 415 137 333 137 CARDBOARD 0
307 51 333 51 333 82 307 82 CARDBOARD 0
318 82 334 82 334 102 318 102 CARDBOARD 0
288 51 307 51 307 62 288 62 CARDBOARD 0
299 62 307 62 307 73 299 73 CARDBOARD 0
284 51 288 51 288 55 284 55 CARDBOARD 0
311 79 319 79 319 88 311 88 CARDBOARD 0
324 101 334 101 334 110 324 110 CARDBOARD 0
388 137 414 137 414 172 388 172 CARDBOARD 0
404 174 415 174 415 415 404 415 CARDBOARD 0
314 352 415 352 415 415 314 415 CARDBOARD 0
374 275 414 275 414 350 374 350 CARDBOARD 0
265 383 315 383 315 415 265 415 CARDBOARD 0
0 385 152 385 152 415 0 415 CARDBOARD 0
0 231 8 231 8 387 0 387 CARDBOARD 0
9 326 61 326 61 383 9 383 CARDBOARD 0
62.99999999999999 352 111 352 111 383 62.99999999999999 383 CARDBOARD 0
111 370 128 370 128 386 111 386 CARDBOARD 0
61 337 80 337 80 350 61 350 CARDBOARD 0
10 304 32 304 32 326 10 326 CARDBOARD 0