148 2 380 2 380 153 148 153 BIODEGRADABLE 0
339 2 414 2 414 40 339 40 BIODEGRADABLE 0
339 62.99999999999999 414 62.99999999999999 414 223 339 223 BIODEGRADABLE 0
206 180 399 180 399 328 206 328 BIODEGRADABLE 0
382 244 414 244 414 365 382 365 BIODEGRADABLE 0
223 324 410 324 410 415 223 415 BIODEGRADABLE 0
59 278 251 278 251 415 59 415 BIODEGRADABLE 0
1 341 97 341 97 415 1 415 BIODEGRADABLE 0
1 215.00000000000003 105 215.00000000000003 105 341 1 341 BIODEGRADABLE 0
33 108.00000000000001 247 108.00000000000001 247 272 33 272 BIODEGRADABLE 0
2 3 163 3 163 119 2 119 BIODEGRADABLE 0
1 93 65 93 65 207 1 207 BIODEGRADABLE 0