4 229.00000000000003 68 229.00000000000003 68 390 4 390 BIODEGRADABLE 0
2 123 93 123 93 241.00000000000003 2 241.00000000000003 BIODEGRADABLE 0
58 265 170 265 170 338 58 338 BIODEGRADABLE 0
2 323 179 323 179 415 2 415 BIODEGRADABLE 0
135 265 209 265 209 338 135 338 BIODEGRADABLE 0
132 381 195 381 195 415 132 415 BIODEGRADABLE 0
178 350 296 350 296 398 178 398 BIODEGRADABLE 0
250 373 292 373 292 385 250 385 BIODEGRADABLE 0
203 381 252.99999999999997 381 252.99999999999997 395 203 395 BIODEGRADABLE 0
172 311 244 311 244 365 172 365 BIODEGRADABLE 0
66 98 112 98 112 276 66 276 BIODEGRADABLE 0
14.999999999999998 98 38 98 38 114.00000000000001 14.999999999999998 114.00000000000001 BIODEGRADABLE 0
29.999999999999996 88 48 88 48 102 29.999999999999996 102 BIODEGRADABLE 0
36 75 50 75 50 87 36 87 BIODEGRADABLE 0
50 62.99999999999999 59.99999999999999 62.99999999999999 59.99999999999999 71 50 71 BIODEGRADABLE 0
37 103 64 103 64 119 37 119 BIODEGRADABLE 0
27.000000000000004 110 43 110 43 125 27.000000000000004 125 BIODEGRADABLE 0
19 121.00000000000001 39 121.00000000000001 39 129 19 129 BIODEGRADABLE 0
42 125.99999999999999 59.99999999999999 125.99999999999999 59.99999999999999 136 42 136 BIODEGRADABLE 0
79 2 195 2 195 38 79 38 BIODEGRADABLE 0
119.99999999999999 2 340 2 340 95 119.99999999999999 95 BIODEGRADABLE 0
50 22 110 22 110 65 50 65 BIODEGRADABLE 0
108.00000000000001 46 131 46 131 68 108.00000000000001 68 BIODEGRADABLE 0
52 65 119.99999999999999 65 119.99999999999999 109 52 109 BIODEGRADABLE 0
2 45 33 45 33 81 2 81 BIODEGRADABLE 0
2 42 62 42 62 102 2 102 BIODEGRADABLE 0
2 55 59.99999999999999 55 59.99999999999999 121.00000000000001 2 121.00000000000001 BIODEGRADABLE 0
106 95 195 95 195 148 106 148 BIODEGRADABLE 0
108.00000000000001 125.99999999999999 160 125.99999999999999 160 267 108.00000000000001 267 BIODEGRADABLE 0
141 143 252.99999999999997 143 252.99999999999997 224 141 224 BIODEGRADABLE 0
137 211 209 211 209 285 137 285 BIODEGRADABLE 0
176 75 280 75 280 175 176 175 BIODEGRADABLE 0
239.99999999999997 53 282 53 282 83 239.99999999999997 83 BIODEGRADABLE 0
250 42 296 42 296 108.00000000000001 250 108.00000000000001 BIODEGRADABLE 0
271 32 304 32 304 67 271 67 BIODEGRADABLE 0
333 1 415 1 415 72 333 72 BIODEGRADABLE 0
352 41 379 41 379 62.99999999999999 352 62.99999999999999 BIODEGRADABLE 0
292 40 379 40 379 125.99999999999999 292 125.99999999999999 BIODEGRADABLE 0
296 92 327 92 327 128 296 128 BIODEGRADABLE 0
273 102 311 102 311 128 273 128 BIODEGRADABLE 0
277 128 323 128 323 160 277 160 BIODEGRADABLE 0
257 161 305 161 305 194 257 194 BIODEGRADABLE 0
288 123 412 123 412 233 288 233 BIODEGRADABLE 0
364 68 415 68 415 162 364 162 BIODEGRADABLE 0
401 154 415 154 415 201 401 201 BIODEGRADABLE 0
212 193 346 193 346 315 212 315 BIODEGRADABLE 0
176 219 205 219 205 261 176 261 BIODEGRADABLE 0
331 258 415 258 415 392 331 392 BIODEGRADABLE 0
385 206 415 206 415 298 385 298 BIODEGRADABLE 0
357 290 373 290 373 300 357 300 BIODEGRADABLE 0
348 292 364 292 364 306 348 306 BIODEGRADABLE 0
342 295 356 295 356 310 342 310 BIODEGRADABLE 0
332 300 344 300 344 312 332 312 BIODEGRADABLE 0
323 303 335 303 335 317 323 317 BIODEGRADABLE 0
311 308 327 308 327 323 311 323 BIODEGRADABLE 0
301 314 315 314 315 330 301 330 BIODEGRADABLE 0
288 319 302 319 302 337 288 337 BIODEGRADABLE 0
278 325 290 325 290 339 278 339 BIODEGRADABLE 0
259 285 379 285 379 343 259 343 BIODEGRADABLE 0
209 307 371 307 371 375 209 375 BIODEGRADABLE 0
209 318 362 318 362 375 209 375 BIODEGRADABLE 0
311 358 396 358 396 401 311 401 BIODEGRADABLE 0
327 378 383 378 383 413 327 413 BIODEGRADABLE 0
238 336 359 336 359 415 238 415 BIODEGRADABLE 0
236 338 338 338 338 413 236 413 BIODEGRADABLE 0
295 384 326 384 326 415 295 415 BIODEGRADABLE 0