280 372 385 372 385 415 280 415 BIODEGRADABLE 0
314 357 402 357 402 415 314 415 BIODEGRADABLE 0
400 389 414 389 414 415 400 415 BIODEGRADABLE 0
374 360 402 360 402 380 374 380 BIODEGRADABLE 0
395 353 414 353 414 371 395 371 BIODEGRADABLE 0
374 340 402 340 402 357 374 357 BIODEGRADABLE 0
400 334 414 334 414 346 400 346 BIODEGRADABLE 0
337 333 395 333 395 359 337 359 BIODEGRADABLE 0
287 334 339 334 339 356 287 356 BIODEGRADABLE 0
280 333 294 333 294 340 280 340 BIODEGRADABLE 0
280 343 294 343 294 356 280 356 BIODEGRADABLE 0
280 358 292 358 292 366 280 366 BIODEGRADABLE 0
280 368 292 368 292 375 280 375 BIODEGRADABLE 0
280 375 294 375 294 388 280 388 BIODEGRADABLE 0
280 389 299 389 299 402 280 402 BIODEGRADABLE 0
280 402 296 402 296 408 280 408 BIODEGRADABLE 0
294 359 306 359 306 369 294 369 BIODEGRADABLE 0
297 370 309 370 309 380 297 380 BIODEGRADABLE 0
297 382 311 382 311 392 297 392 BIODEGRADABLE 0
299 390 323 390 323 403 299 403 BIODEGRADABLE 0
223 392 271 392 271 415 223 415 BIODEGRADABLE 0
206 369 261 369 261 393 206 393 BIODEGRADABLE 0
256 362 272 362 272 391 256 391 BIODEGRADABLE 0
141 390 211 390 211 415 141 415 BIODEGRADABLE 0
172 386 222 386 222 415 172 415 BIODEGRADABLE 0
139 393 170 393 170 409 139 409 BIODEGRADABLE 0
141 363 177 363 177 393 141 393 BIODEGRADABLE 0
177 366 215.00000000000003 366 215.00000000000003 386 177 386 BIODEGRADABLE 0
198 350 232 350 232 373 198 373 BIODEGRADABLE 0
232 350 270 350 270 372 232 372 BIODEGRADABLE 0
247 335 273 335 273 353 247 353 BIODEGRADABLE 0
201 335 247 335 247 353 201 353 BIODEGRADABLE 0
161 345 201 345 201 368 161 368 BIODEGRADABLE 0
173 335 199 335 199 345 173 345 BIODEGRADABLE 0
141 335 175 335 175 365 141 365 BIODEGRADABLE 0
98 395 132 395 132 415 98 415 BIODEGRADABLE 0
96 366 132 366 132 394 96 394 BIODEGRADABLE 0
79 389 112.99999999999999 389 112.99999999999999 405 79 405 BIODEGRADABLE 0
67 405 101 405 101 415 67 415 BIODEGRADABLE 0
36 398 70 398 70 415 36 415 BIODEGRADABLE 0
108.00000000000001 343 132 343 132 366 108.00000000000001 366 BIODEGRADABLE 0
67 335 131 335 131 345 67 345 BIODEGRADABLE 0
48 341 100 341 100 369 48 369 BIODEGRADABLE 0
50 358 117 358 117 382 50 382 BIODEGRADABLE 0
72 382 94 382 94 390 72 390 BIODEGRADABLE 0
62 392 81 392 81 401 62 401 BIODEGRADABLE 0
48 383 64 383 64 396 48 396 BIODEGRADABLE 0
43 372 65 372 65 385 43 385 BIODEGRADABLE 0
65 376 77 376 77 386 65 386 BIODEGRADABLE 0
34 369 50 369 50 379 34 379 BIODEGRADABLE 0
32 382 46 382 46 392 32 392 BIODEGRADABLE 0
32 392 46 392 46 400 32 400 BIODEGRADABLE 0
0 394 39 394 39 415 0 415 BIODEGRADABLE 0
0 371 34 371 34 395 0 395 BIODEGRADABLE 0
0 373 7 373 7 399 0 399 BIODEGRADABLE 0
17 347 45 347 45 370 17 370 BIODEGRADABLE 0
24 335 64 335 64 349 24 349 BIODEGRADABLE 0
5 333 27.000000000000004 333 27.000000000000004 346 5 346 BIODEGRADABLE 0
0 333 5 333 5 339 0 339 BIODEGRADABLE 0
0 339 7 339 7 355 0 355 BIODEGRADABLE 0
5 346 14.999999999999998 346 14.999999999999998 358 5 358 BIODEGRADABLE 0
8 359 14.999999999999998 359 14.999999999999998 366 8 366 BIODEGRADABLE 0
0 366 12 366 12 372 0 372 BIODEGRADABLE 0
0 354 3 354 3 363 0 363 BIODEGRADABLE 0
374 296 414 296 414 318 374 318 BIODEGRADABLE 0
392 317 414 317 414 329 392 329 BIODEGRADABLE 0
352 314 395 314 395 330 352 330 BIODEGRADABLE 0
328 317 362 317 362 330 328 330 BIODEGRADABLE 0
299 324 327 324 327 330 299 330 BIODEGRADABLE 0
290 317 309 317 309 329 290 329 BIODEGRADABLE 0
277 308 299 308 299 326 277 326 BIODEGRADABLE 0
280 326 287 326 287 329 280 329 BIODEGRADABLE 0
277 298 287 298 287 316 277 316 BIODEGRADABLE 0
289 271 380 271 380 320 289 320 BIODEGRADABLE 0
374 263 414 263 414 294 374 294 BIODEGRADABLE 0
380 251 414 251 414 264 380 264 BIODEGRADABLE 0
278 257 294 257 294 295 278 295 BIODEGRADABLE 0
280 251 299 251 299 263 280 263 BIODEGRADABLE 0
294 268 318 268 318 281 294 281 BIODEGRADABLE 0
296 260 318 260 318 268 296 268 BIODEGRADABLE 0
313 264 335 264 335 276 313 276 BIODEGRADABLE 0
335 261 354 261 354 273 335 273 BIODEGRADABLE 0
359 258 373 258 373 271 359 271 BIODEGRADABLE 0
373 259 387 259 387 267 373 267 BIODEGRADABLE 0
354 250 378 250 378 263 354 263 BIODEGRADABLE 0
337 254.00000000000003 359 254.00000000000003 359 262 337 262 BIODEGRADABLE 0
337 251 349 251 349 255.00000000000003 337 255.00000000000003 BIODEGRADABLE 0
318 254.00000000000003 323 254.00000000000003 323 270 318 270 BIODEGRADABLE 0
302 250 316 250 316 254.00000000000003 302 254.00000000000003 BIODEGRADABLE 0
320 248 330 248 330 254.00000000000003 320 254.00000000000003 BIODEGRADABLE 0
175 293 237 293 237 331 175 331 BIODEGRADABLE 0
139 310 177 310 177 330 139 330 BIODEGRADABLE 0
225 316 261 316 261 330 225 330 BIODEGRADABLE 0
259 326 273 326 273 330 259 330 BIODEGRADABLE 0
206 289 273 289 273 323 206 323 BIODEGRADABLE 0
266 293 273 293 273 303 266 303 BIODEGRADABLE 0
238.99999999999997 279 273 279 273 296 238.99999999999997 296 BIODEGRADABLE 0
249 268 271 268 271 280 249 280 BIODEGRADABLE 0
225 263 251 263 251 280 225 280 BIODEGRADABLE 0
249 250 273 250 273 270 249 270 BIODEGRADABLE 0
139 279 175 279 175 307 139 307 BIODEGRADABLE 0
165 288 184 288 184 310 165 310 BIODEGRADABLE 0
139 266 155 266 155 280 139 280 BIODEGRADABLE 0
149 238.99999999999997 223 238.99999999999997 223 287 149 287 BIODEGRADABLE 0
194 168 270 168 270 202 194 202 BIODEGRADABLE 0
256 168 272 168 272 174 256 174 BIODEGRADABLE 0
244 208 272 208 272 236 244 236 BIODEGRADABLE 0
251 195 270 195 270 207 251 207 BIODEGRADABLE 0
233 204 249 204 249 221 233 221 BIODEGRADABLE 0
139 168 197 168 197 208 139 208 BIODEGRADABLE 0
139 209 170 209 170 267 139 267 BIODEGRADABLE 0
151 202 173 202 173 213.99999999999997 151 213.99999999999997 BIODEGRADABLE 0
168 198 187 198 187 208 168 208 BIODEGRADABLE 0
178 184 194 184 194 196 178 196 BIODEGRADABLE 0
187 194 211 194 211 201 187 201 BIODEGRADABLE 0
189 205 208 205 208 215.00000000000003 189 215.00000000000003 BIODEGRADABLE 0
182 217 194 217 194 229.00000000000003 182 229.00000000000003 BIODEGRADABLE 0
166 210 182 210 182 224 166 224 BIODEGRADABLE 0
160 221 182 221 182 233 160 233 BIODEGRADABLE 0
168 231 187 231 187 241.00000000000003 168 241.00000000000003 BIODEGRADABLE 0
187 228.00000000000003 201 228.00000000000003 201 238 187 238 BIODEGRADABLE 0
196 238 218 238 218 248 196 248 BIODEGRADABLE 0
194 226.99999999999997 208 226.99999999999997 208 237 194 237 BIODEGRADABLE 0
206 221 225 221 225 234 206 234 BIODEGRADABLE 0
194 213.99999999999997 220 213.99999999999997 220 225.99999999999997 194 225.99999999999997 BIODEGRADABLE 0
215.00000000000003 208 234 208 234 218 215.00000000000003 218 BIODEGRADABLE 0
204 200 232 200 232 216.00000000000003 204 216.00000000000003 BIODEGRADABLE 0
225 220 241.00000000000003 220 241.00000000000003 234 225 234 BIODEGRADABLE 0
237 235 277 235 277 251 237 251 BIODEGRADABLE 0
225 251 251 251 251 261 225 261 BIODEGRADABLE 0
220 239.99999999999997 234 239.99999999999997 234 251.99999999999997 220 251.99999999999997 BIODEGRADABLE 0
141 119 234 119 234 165 141 165 BIODEGRADABLE 0
139 138 167 138 167 166 139 166 BIODEGRADABLE 0
141 106.99999999999999 151 106.99999999999999 151 135 141 135 BIODEGRADABLE 0
141 99 177 99 177 119 141 119 BIODEGRADABLE 0
139 83 226.99999999999997 83 226.99999999999997 125.99999999999999 139 125.99999999999999 BIODEGRADABLE 0
177 104 275 104 275 148 177 148 BIODEGRADABLE 0
232 106 270 106 270 139 232 139 BIODEGRADABLE 0
197 134 273 134 273 154 197 154 BIODEGRADABLE 0
215.00000000000003 147 249 147 249 165 215.00000000000003 165 BIODEGRADABLE 0
237 155 271 155 271 165 237 165 BIODEGRADABLE 0
247 148 273 148 273 158 247 158 BIODEGRADABLE 0
232 86 266 86 266 109 232 109 BIODEGRADABLE 0
242.00000000000003 105 261 105 261 119 242.00000000000003 119 BIODEGRADABLE 0
261 96 273 96 273 112.99999999999999 261 112.99999999999999 BIODEGRADABLE 0
208 84 238.99999999999997 84 238.99999999999997 98 208 98 BIODEGRADABLE 0
244 85 272 85 272 95 244 95 BIODEGRADABLE 0
292 221 362 221 362 245 292 245 BIODEGRADABLE 0
280 239.99999999999997 299 239.99999999999997 299 247 280 247 BIODEGRADABLE 0
280 187 318 187 318 239.99999999999997 280 239.99999999999997 BIODEGRADABLE 0
314 207 340 207 340 221 314 221 BIODEGRADABLE 0
350 217 402 217 402 247 350 247 BIODEGRADABLE 0
392 225.99999999999997 414 225.99999999999997 414 243 392 243 BIODEGRADABLE 0
392 239.99999999999997 414 239.99999999999997 414 247 392 247 BIODEGRADABLE 0
392 205 411 205 411 222 392 222 BIODEGRADABLE 0
404 213.99999999999997 414 213.99999999999997 414 226.99999999999997 404 226.99999999999997 BIODEGRADABLE 0
407 194 414 194 414 206 407 206 BIODEGRADABLE 0
395 198 405 198 405 208 395 208 BIODEGRADABLE 0
404 178 414 178 414 190 404 190 BIODEGRADABLE 0
386 164 414 164 414 181 386 181 BIODEGRADABLE 0
378 184 406 184 406 202 378 202 BIODEGRADABLE 0
366 201 394 201 394 217 366 217 BIODEGRADABLE 0
349 194 375 194 375 208 349 208 BIODEGRADABLE 0
275 171 363 171 363 209 275 209 BIODEGRADABLE 0
340 206 364 206 364 220 340 220 BIODEGRADABLE 0
361 182 383 182 383 198 361 198 BIODEGRADABLE 0
351 162 385 162 385 182 351 182 BIODEGRADABLE 0
335 151 359 151 359 168 335 168 BIODEGRADABLE 0
306 138 342 138 342 158 306 158 BIODEGRADABLE 0
309 119.99999999999999 337 119.99999999999999 337 138 309 138 BIODEGRADABLE 0
337 128 368 128 368 150 337 150 BIODEGRADABLE 0
361 139 392 139 392 159 361 159 BIODEGRADABLE 0
280 135 335 135 335 173 280 173 BIODEGRADABLE 0
318 91 414 91 414 135 318 135 BIODEGRADABLE 0
368 134 414 134 414 150 368 150 BIODEGRADABLE 0
388 149 414 149 414 165 388 165 BIODEGRADABLE 0
278 85 340 85 340 144 278 144 BIODEGRADABLE 0
280 85 320 85 320 121.00000000000001 280 121.00000000000001 BIODEGRADABLE 0
335 85 359 85 359 106.99999999999999 335 106.99999999999999 BIODEGRADABLE 0
351 83 409 83 409 103 351 103 BIODEGRADABLE 0
409 85 414 85 414 95 409 95 BIODEGRADABLE 0
91 199 134 199 134 226.99999999999997 91 226.99999999999997 BIODEGRADABLE 0
86 226.99999999999997 132 226.99999999999997 132 247 86 247 BIODEGRADABLE 0
55 231 89 231 89 247 55 247 BIODEGRADABLE 0
14.999999999999998 238 62.99999999999999 238 62.99999999999999 248 14.999999999999998 248 BIODEGRADABLE 0
0 230 19 230 19 247 0 247 BIODEGRADABLE 0
1 171 65 171 65 237 1 237 BIODEGRADABLE 0
48 204 94 204 94 236 48 236 BIODEGRADABLE 0
112.99999999999999 184 132 184 132 201 112.99999999999999 201 BIODEGRADABLE 0
122 177 132 177 132 191 122 191 BIODEGRADABLE 0
57.00000000000001 161 115 161 115 207 57.00000000000001 207 BIODEGRADABLE 0
91 157 134 157 134 180 91 180 BIODEGRADABLE 0
118 136 134 136 134 162 118 162 BIODEGRADABLE 0
106 118 132 118 132 138 106 138 BIODEGRADABLE 0
81 131 117 131 117 155 81 155 BIODEGRADABLE 0
81 149 103 149 103 161 81 161 BIODEGRADABLE 0
100 85 134 85 134 115 100 115 BIODEGRADABLE 0
58 85 106 85 106 95 58 95 BIODEGRADABLE 0
72 98 115 98 115 130 72 130 BIODEGRADABLE 0
67 125 93 125 93 138 67 138 BIODEGRADABLE 0
65 138 81 138 81 148 65 148 BIODEGRADABLE 0
53 142 67 142 67 149 53 149 BIODEGRADABLE 0
53 152 81 152 81 162 53 162 BIODEGRADABLE 0
51 162 77 162 77 172 51 172 BIODEGRADABLE 0
58 171 74 171 74 178 58 178 BIODEGRADABLE 0
31 168 55 168 55 180 31 180 BIODEGRADABLE 0
31 178 50 178 50 190 31 190 BIODEGRADABLE 0
22 181 36 181 36 193 22 193 BIODEGRADABLE 0
53 181 59.99999999999999 181 59.99999999999999 189 53 189 BIODEGRADABLE 0
10 161 22 161 22 169 10 169 BIODEGRADABLE 0
0 149 12 149 12 161 0 161 BIODEGRADABLE 0
5 135 21 135 21 149 5 149 BIODEGRADABLE 0
12 149 34 149 34 161 12 161 BIODEGRADABLE 0
24 161 43 161 43 169 24 169 BIODEGRADABLE 0
36 148 50 148 50 160 36 160 BIODEGRADABLE 0
36 136 52 136 52 148 36 148 BIODEGRADABLE 0
20 136 34 136 34 148 20 148 BIODEGRADABLE 0
32 125 48 125 48 139 32 139 BIODEGRADABLE 0
51 131 65 131 65 139 51 139 BIODEGRADABLE 0
51 121.00000000000001 70 121.00000000000001 70 129 51 129 BIODEGRADABLE 0
38 110 72 110 72 122 38 122 BIODEGRADABLE 0
65 104 84 104 84 118 65 118 BIODEGRADABLE 0
46 97 74 97 74 111 46 111 BIODEGRADABLE 0
36 92 62 92 62 106 36 106 BIODEGRADABLE 0
26 85 48 85 48 97 26 97 BIODEGRADABLE 0
5 86 29 86 29 102 5 102 BIODEGRADABLE 0
0 89 5 89 5 103 0 103 BIODEGRADABLE 0
0 85 10 85 10 89 0 89 BIODEGRADABLE 0
0 102 36 102 36 134 0 134 BIODEGRADABLE 0
362 62 414 62 414 80 362 80 BIODEGRADABLE 0
383 33 414 33 414 65 383 65 BIODEGRADABLE 0
347 49 363 49 363 66 347 66 BIODEGRADABLE 0
309 65 364 65 364 82 309 82 BIODEGRADABLE 0
283 75 309 75 309 81 283 81 BIODEGRADABLE 0
287 12 306 12 306 28 287 28 BIODEGRADABLE 0
306 6 325 6 325 22 306 22 BIODEGRADABLE 0
301 1 319 1 319 5 301 5 BIODEGRADABLE 0
277 1 415 1 415 78 277 78 BIODEGRADABLE 0
225 54.00000000000001 271 54.00000000000001 271 82 225 82 BIODEGRADABLE 0
251 76 270 76 270 82 251 82 BIODEGRADABLE 0
191 1 273 1 273 65 191 65 BIODEGRADABLE 0
174 65 232 65 232 82 174 82 BIODEGRADABLE 0
141 68 184 68 184 82 141 82 BIODEGRADABLE 0
141 47 191 47 191 75 141 75 BIODEGRADABLE 0
136 1 260 1 260 58 136 58 BIODEGRADABLE 0
106 64 132 64 132 82 106 82 BIODEGRADABLE 0
77 66 105 66 105 82 77 82 BIODEGRADABLE 0
46 70 74 70 74 82 46 82 BIODEGRADABLE 0
0 52 62 52 62 82 0 82 BIODEGRADABLE 0
26 29.999999999999996 62 29.999999999999996 62 52 26 52 BIODEGRADABLE 0
48 46 88 46 88 70 48 70 BIODEGRADABLE 0
45 22 91 22 91 59.99999999999999 45 59.99999999999999 BIODEGRADABLE 0
86 55 110 55 110 71 86 71 BIODEGRADABLE 0
77 26 125 26 125 64 77 64 BIODEGRADABLE 0
110 36 134 36 134 62 110 62 BIODEGRADABLE 0
72 14.999999999999998 106 14.999999999999998 106 38 72 38 BIODEGRADABLE 0
108.00000000000001 19 122 19 122 37 108.00000000000001 37 BIODEGRADABLE 0
119.99999999999999 29 132 29 132 45 119.99999999999999 45 BIODEGRADABLE 0
122 19 132 19 132 29 122 29 BIODEGRADABLE 0
96 1 134 1 134 19 96 19 BIODEGRADABLE 0
43 1 96 1 96 23 43 23 BIODEGRADABLE 0
32 22 46 22 46 29.999999999999996 32 29.999999999999996 BIODEGRADABLE 0
14.999999999999998 21 27.000000000000004 21 27.000000000000004 29 14.999999999999998 29 BIODEGRADABLE 0
17 32 29 32 29 42 17 42 BIODEGRADABLE 0
27.000000000000004 10 43 10 43 20 27.000000000000004 20 BIODEGRADABLE 0
36 6 50 6 50 13 36 13 BIODEGRADABLE 0
17 1 27.000000000000004 1 27.000000000000004 9 17 9 BIODEGRADABLE 0
31 1 44 1 44 10 31 10 BIODEGRADABLE 0
0 1 17 1 17 7 0 7 BIODEGRADABLE 0
0 8 24 8 24 32 0 32 BIODEGRADABLE 0
0 31 27.000000000000004 31 27.000000000000004 54.00000000000001 0 54.00000000000001 BIODEGRADABLE 0