288 102 376 102 376 200 288 200 BIODEGRADABLE 0
313 131 359 131 359 178 313 178 BIODEGRADABLE 0
362 121.00000000000001 414 121.00000000000001 414 238 362 238 BIODEGRADABLE 0
330 203 404 203 404 246 330 246 BIODEGRADABLE 0
325 225 369 225 369 251 325 251 BIODEGRADABLE 0
357 236 383 236 383 262 357 262 BIODEGRADABLE 0
378 242.00000000000003 415 242.00000000000003 415 328 378 328 BIODEGRADABLE 0
256 12 372 12 372 122 256 122 BIODEGRADABLE 0
206 1 414 1 414 156 206 156 BIODEGRADABLE 0
58 8 207 8 207 100 58 100 BIODEGRADABLE 0
16 2 208 2 208 137 16 137 BIODEGRADABLE 0
66 1 226.99999999999997 1 226.99999999999997 47 66 47 BIODEGRADABLE 0
29.999999999999996 0 244 0 244 57.00000000000001 29.999999999999996 57.00000000000001 BIODEGRADABLE 0
1 1 32 1 32 74 1 74 BIODEGRADABLE 0
1 75 23 75 23 121.00000000000001 1 121.00000000000001 BIODEGRADABLE 0
4 100 48 100 48 147 4 147 BIODEGRADABLE 0
0 139 67 139 67 203 0 203 BIODEGRADABLE 0
1 193 62.99999999999999 193 62.99999999999999 276 1 276 BIODEGRADABLE 0
62.99999999999999 162 106.99999999999999 162 106.99999999999999 248 62.99999999999999 248 BIODEGRADABLE 0
62 82 115 82 115 160 62 160 BIODEGRADABLE 0
106 67 164 67 164 137 106 137 BIODEGRADABLE 0
223 61 330 61 330 323 223 323 BIODEGRADABLE 0
177 202 281 202 281 317 177 317 BIODEGRADABLE 0
137 198 191 198 191 250 137 250 BIODEGRADABLE 0
121.00000000000001 167 158 167 158 223 121.00000000000001 223 BIODEGRADABLE 0
105 168 128 168 128 198 105 198 BIODEGRADABLE 0
93 196 133 196 133 248 93 248 BIODEGRADABLE 0
69 205 106 205 106 248 69 248 BIODEGRADABLE 0
109 143 164 143 164 176 109 176 BIODEGRADABLE 0
153 143 226.99999999999997 143 226.99999999999997 219 153 219 BIODEGRADABLE 0
204 92 224 92 224 118 204 118 BIODEGRADABLE 0
199 127.00000000000001 225 127.00000000000001 225 149 199 149 BIODEGRADABLE 0
162 96 208 96 208 147 162 147 BIODEGRADABLE 0
362 295 394 295 394 334 362 334 BIODEGRADABLE 0
355 267 381 267 381 295 355 295 BIODEGRADABLE 0
334 254.00000000000003 360 254.00000000000003 360 278 334 278 BIODEGRADABLE 0
332 279 360 279 360 307 332 307 BIODEGRADABLE 0
353 332 379 332 379 412 353 412 BIODEGRADABLE 0
374 326 414 326 414 412 374 412 BIODEGRADABLE 0
309 309 367 309 367 369 309 369 BIODEGRADABLE 0
297 365 351 365 351 414 297 414 BIODEGRADABLE 0
263 334 309 334 309 375 263 375 BIODEGRADABLE 0
62.99999999999999 254.00000000000003 97 254.00000000000003 97 316 62.99999999999999 316 BIODEGRADABLE 0
1 278 67 278 67 368 1 368 BIODEGRADABLE 0
90 242.00000000000003 185 242.00000000000003 185 348 90 348 BIODEGRADABLE 0
281 364 301 364 301 395 281 395 BIODEGRADABLE 0
285 395 315 395 315 415 285 415 BIODEGRADABLE 0
265 367 281 367 281 406 265 406 BIODEGRADABLE 0
248 332 265 332 265 363 248 363 BIODEGRADABLE 0
208 340 232 340 232 375 208 375 BIODEGRADABLE 0
242.00000000000003 322 260 322 260 344 242.00000000000003 344 BIODEGRADABLE 0
225 318 243 318 243 340 225 340 BIODEGRADABLE 0
186 309 200 309 200 319 186 319 BIODEGRADABLE 0
172 301 188 301 188 321 172 321 BIODEGRADABLE 0
148 297 169 297 169 321 148 321 BIODEGRADABLE 0
146 317 164 317 164 350 146 350 BIODEGRADABLE 0
162 316 183 316 183 346 162 346 BIODEGRADABLE 0
184 307 204 307 204 338 184 338 BIODEGRADABLE 0
100 391 130 391 130 415 100 415 BIODEGRADABLE 0
109 371 125 371 125 395 109 395 BIODEGRADABLE 0
123 364 146 364 146 395 123 395 BIODEGRADABLE 0
116 348 137 348 137 372 116 372 BIODEGRADABLE 0
125.99999999999999 332 146 332 146 352 125.99999999999999 352 BIODEGRADABLE 0
136 348 162 348 162 378 136 378 BIODEGRADABLE 0
162 342 188 342 188 370 162 370 BIODEGRADABLE 0
179 357 200 357 200 381 179 381 BIODEGRADABLE 0
160 368 181 368 181 399 160 399 BIODEGRADABLE 0
158 397 179 397 179 415 158 415 BIODEGRADABLE 0
177 381 197 381 197 411 177 411 BIODEGRADABLE 0
132 379 158 379 158 409 132 409 BIODEGRADABLE 0
225 373 243 373 243 414 225 414 BIODEGRADABLE 0
216.00000000000003 381 225.99999999999997 381 225.99999999999997 405 216.00000000000003 405 BIODEGRADABLE 0
243 385 267 385 267 413 243 413 BIODEGRADABLE 0
243 363 267 363 267 387 243 387 BIODEGRADABLE 0