75 114.00000000000001 269 114.00000000000001 269 304 75 304 BIODEGRADABLE 0
251.99999999999997 173 388 173 388 322 251.99999999999997 322 BIODEGRADABLE 0
151 93 310 93 310 183 151 183 BIODEGRADABLE 0
54.00000000000001 218 68 218 68 224 54.00000000000001 224 BIODEGRADABLE 0
65 224 79 224 79 230 65 230 BIODEGRADABLE 0
37 225.99999999999997 51 225.99999999999997 51 234 37 234 BIODEGRADABLE 0
41 232 74 232 74 251.99999999999997 41 251.99999999999997 BIODEGRADABLE 0
65 239.99999999999997 75 239.99999999999997 75 250 65 250 BIODEGRADABLE 0
54.00000000000001 249 68 249 68 257 54.00000000000001 257 BIODEGRADABLE 0
42 249 56 249 56 259 42 259 BIODEGRADABLE 0
21 239.99999999999997 33 239.99999999999997 33 248 21 248 BIODEGRADABLE 0