83 241.00000000000003 238.99999999999997 241.00000000000003 238.99999999999997 321 83 321 BIODEGRADABLE 0
0 232 254.00000000000003 232 254.00000000000003 304 0 304 BIODEGRADABLE 0
26 112 268 112 268 269 26 269 BIODEGRADABLE 0
46 2 314 2 314 250 46 250 BIODEGRADABLE 0
133 3 174 3 174 62 133 62 BIODEGRADABLE 0
177 3 242.00000000000003 3 242.00000000000003 128 177 128 BIODEGRADABLE 0
185 123 209 123 209 164 185 164 BIODEGRADABLE 0
212 137 224 137 224 162 212 162 BIODEGRADABLE 0
261 18 291 18 291 148 261 148 BIODEGRADABLE 0
49 300 415 300 415 415 49 415 BIODEGRADABLE 0
257 273 415 273 415 382 257 382 BIODEGRADABLE 0
265 250 415 250 415 314 265 314 BIODEGRADABLE 0
309 178 415 178 415 282 309 282 BIODEGRADABLE 0
355 89 377 89 377 187 355 187 BIODEGRADABLE 0
385 105 415 105 415 198 385 198 BIODEGRADABLE 0
319 121.00000000000001 333 121.00000000000001 333 169 319 169 BIODEGRADABLE 0