215.00000000000003 289 415 289 415 414 215.00000000000003 414 BIODEGRADABLE 0
147 23 415 23 415 341 147 341 BIODEGRADABLE 0
255.00000000000003 1 349 1 349 66 255.00000000000003 66 BIODEGRADABLE 0
311 1 406 1 406 43 311 43 BIODEGRADABLE 0
390 1 415 1 415 25 390 25 BIODEGRADABLE 0
199 1 259 1 259 59 199 59 BIODEGRADABLE 0
103 10 211 10 211 130 103 130 BIODEGRADABLE 0
50 7 155 7 155 100 50 100 BIODEGRADABLE 0
1 119 117 119 117 237 1 237 BIODEGRADABLE 0
1 125.99999999999999 161 125.99999999999999 161 303 1 303 BIODEGRADABLE 0
0 298 85 298 85 414 0 414 BIODEGRADABLE 0