144 135 187 135 187 191 144 191 BIODEGRADABLE 0
174 140 219 140 219 184 174 184 BIODEGRADABLE 0
54.00000000000001 133 119.99999999999999 133 119.99999999999999 183 54.00000000000001 183 BIODEGRADABLE 0
81 103 131 103 131 139 81 139 BIODEGRADABLE 0
99 71 139 71 139 105 99 105 BIODEGRADABLE 0
77 76 101 76 101 102 77 102 BIODEGRADABLE 0
129 95 157 95 157 133 129 133 BIODEGRADABLE 0
144 71 182 71 182 101 144 101 BIODEGRADABLE 0
155 99 191 99 191 137 155 137 BIODEGRADABLE 0
170 73 212.99999999999997 73 212.99999999999997 103 170 103 BIODEGRADABLE 0
193 105 229.00000000000003 105 229.00000000000003 137 193 137 BIODEGRADABLE 0
209 66 247 66 247 103 209 103 BIODEGRADABLE 0
251 77 298 77 298 106 251 106 BIODEGRADABLE 0
275 68 371 68 371 140 275 140 BIODEGRADABLE 0
311 130 371 130 371 166 311 166 BIODEGRADABLE 0
273 135 311 135 311 172 273 172 BIODEGRADABLE 0
269 167 307 167 307 203 269 203 BIODEGRADABLE 0
307 163 367 163 367 203 307 203 BIODEGRADABLE 0
245 116 275 116 275 260 245 260 BIODEGRADABLE 0
216.00000000000003 108.00000000000001 266 108.00000000000001 266 180 216.00000000000003 180 BIODEGRADABLE 0
210 180 242.00000000000003 180 242.00000000000003 275 210 275 BIODEGRADABLE 0
198 238.99999999999997 230 238.99999999999997 230 297 198 297 BIODEGRADABLE 0
187 188 211 188 211 239.99999999999997 187 239.99999999999997 BIODEGRADABLE 0
161 204 206 204 206 292 161 292 BIODEGRADABLE 0
150 198 176 198 176 264 150 264 BIODEGRADABLE 0
65 180 185 180 185 257 65 257 BIODEGRADABLE 0
77 259 182 259 182 335 77 335 BIODEGRADABLE 0
243 257 277 257 277 279 243 279 BIODEGRADABLE 0
252.99999999999997 215.00000000000003 309 215.00000000000003 309 257 252.99999999999997 257 BIODEGRADABLE 0
300 212 358 212 358 246 300 246 BIODEGRADABLE 0
315 241.00000000000003 360 241.00000000000003 360 278 315 278 BIODEGRADABLE 0
296 256 341 256 341 288 296 288 BIODEGRADABLE 0
273 251 313 251 313 277 273 277 BIODEGRADABLE 0
245 294 273 294 273 310 245 310 BIODEGRADABLE 0
273 289 316 289 316 310 273 310 BIODEGRADABLE 0
320 291 360 291 360 319 320 319 BIODEGRADABLE 0
324 268 360 268 360 294 324 294 BIODEGRADABLE 0
54.00000000000001 324 369 324 369 355 54.00000000000001 355 BIODEGRADABLE 0
142 305 346 305 346 328 142 328 BIODEGRADABLE 0
170 275 307 275 307 309 170 309 BIODEGRADABLE 0
99 260 174 260 174 304 99 304 BIODEGRADABLE 0
229.00000000000003 203 369 203 369 325 229.00000000000003 325 PLASTIC 0
65 66 251 66 251 136 65 136 PLASTIC 0