0 47 223 47 223 198 0 198 BIODEGRADABLE 0
114.00000000000001 106.99999999999999 239.99999999999997 106.99999999999999 239.99999999999997 163 114.00000000000001 163 BIODEGRADABLE 0
22 168 52 168 52 188 22 188 BIODEGRADABLE 0
0 213.99999999999997 212.99999999999997 213.99999999999997 212.99999999999997 348 0 348 BIODEGRADABLE 0
161 251.99999999999997 270 251.99999999999997 270 308 161 308 BIODEGRADABLE 0
206 211 325 211 325 275 206 275 BIODEGRADABLE 0
211 145 315 145 315 225 211 225 BIODEGRADABLE 0
223 53 413 53 413 222 223 222 BIODEGRADABLE 0
225.99999999999997 209 414 209 414 351 225.99999999999997 351 BIODEGRADABLE 0
59.99999999999999 217 80 217 80 229.00000000000003 59.99999999999999 229.00000000000003 BIODEGRADABLE 0
99 192 125.99999999999999 192 125.99999999999999 208 99 208 BIODEGRADABLE 0
122 188 137 188 137 192 122 192 BIODEGRADABLE 0
134 213.99999999999997 159 213.99999999999997 159 225.99999999999997 134 225.99999999999997 BIODEGRADABLE 0
161 206 186 206 186 213.99999999999997 161 213.99999999999997 BIODEGRADABLE 0
173 221 198 221 198 233 173 233 BIODEGRADABLE 0
173 237 191 237 191 247 173 247 BIODEGRADABLE 0
154 237 176 237 176 248 154 248 BIODEGRADABLE 0
136 247 151 247 151 254.00000000000003 136 254.00000000000003 BIODEGRADABLE 0
62 164 218 164 218 254.00000000000003 62 254.00000000000003 BIODEGRADABLE 0