236 3 351 3 351 221 236 221 BIODEGRADABLE 0
357 3 379 3 379 25 357 25 BIODEGRADABLE 0
388 3 412 3 412 40 388 40 BIODEGRADABLE 0
206 201 350 201 350 305 206 305 BIODEGRADABLE 0
314 77 398 77 398 278 314 278 BIODEGRADABLE 0
363 171 405 171 405 270 363 270 BIODEGRADABLE 0
319 273 398 273 398 377 319 377 BIODEGRADABLE 0
300 312 325 312 325 362 300 362 BIODEGRADABLE 0
217 280 307 280 307 350 217 350 BIODEGRADABLE 0
123 386 268 386 268 415 123 415 BIODEGRADABLE 0
1 318 143 318 143 415 1 415 BIODEGRADABLE 0
24 3 260 3 260 216.00000000000003 24 216.00000000000003 BIODEGRADABLE 0
79 169 237 169 237 307 79 307 BIODEGRADABLE 0
1 64 108.00000000000001 64 108.00000000000001 347 1 347 BIODEGRADABLE 0
161 3 175 3 175 43 161 43 METAL 0