55 361 138 361 138 415 55 415 BIODEGRADABLE 0
125.99999999999999 354 176 354 176 400 125.99999999999999 400 BIODEGRADABLE 0
190 334 262 334 262 383 190 383 BIODEGRADABLE 0
164 311 224 311 224 361 164 361 BIODEGRADABLE 0
207 286 257 286 257 330 207 330 BIODEGRADABLE 0
231 277 300 277 300 331 231 331 BIODEGRADABLE 0
198 191 328 191 328 259 198 259 BIODEGRADABLE 0
183 233 239.99999999999997 233 239.99999999999997 289 183 289 BIODEGRADABLE 0
135 228.00000000000003 195 228.00000000000003 195 283 135 283 BIODEGRADABLE 0
59.99999999999999 306 125.99999999999999 306 125.99999999999999 357 59.99999999999999 357 BIODEGRADABLE 0
124 324 167 324 167 360 124 360 BIODEGRADABLE 0
121.00000000000001 135 257 135 257 229.00000000000003 121.00000000000001 229.00000000000003 BIODEGRADABLE 0
252.99999999999997 33 395 33 395 191 252.99999999999997 191 BIODEGRADABLE 0
141 61 262 61 262 142 141 142 BIODEGRADABLE 0
39 31 131 31 131 96 39 96 BIODEGRADABLE 0
2 104 88 104 88 156 2 156 BIODEGRADABLE 0
24 88 105 88 105 142 24 142 BIODEGRADABLE 0
3 168 86 168 86 243 3 243 BIODEGRADABLE 0
2 245 74 245 74 301 2 301 BIODEGRADABLE 0
59.99999999999999 243 86 243 86 267 59.99999999999999 267 BIODEGRADABLE 0
50 282 74 282 74 331 50 331 BIODEGRADABLE 0
45 335 71 335 71 415 45 415 BIODEGRADABLE 0