12 7 368 7 368 78 12 78 BIODEGRADABLE 0
195 7 364 7 364 52 195 52 BIODEGRADABLE 0
7 32 202 32 202 68 7 68 BIODEGRADABLE 0
343 49 388 49 388 69 343 69 BIODEGRADABLE 0
383 51 409 51 409 77 383 77 BIODEGRADABLE 0
366 29.999999999999996 404 29.999999999999996 404 52 366 52 BIODEGRADABLE 0
328 12 376 12 376 36 328 36 BIODEGRADABLE 0
366 9 409 9 409 31 366 31 BIODEGRADABLE 0
376 87 412 87 412 137 376 137 BIODEGRADABLE 0
285 96 383 96 383 135 285 135 BIODEGRADABLE 0
362 146 412 146 412 182 362 182 BIODEGRADABLE 0
362 180 412 180 412 210 362 210 BIODEGRADABLE 0
319 204 411 204 411 239.99999999999997 319 239.99999999999997 BIODEGRADABLE 0
360 230 414 230 414 266 360 266 BIODEGRADABLE 0
309 273 411 273 411 335 309 335 BIODEGRADABLE 0
283 317 395 317 395 372 283 372 BIODEGRADABLE 0
14 87 288 87 288 132 14 132 BIODEGRADABLE 0
45 130 366 130 366 175 45 175 BIODEGRADABLE 0
62 169 362 169 362 211 62 211 BIODEGRADABLE 0
22 208 326 208 326 254.00000000000003 22 254.00000000000003 BIODEGRADABLE 0
27.000000000000004 242.00000000000003 369 242.00000000000003 369 304 27.000000000000004 304 BIODEGRADABLE 0
8 299 314 299 314 337 8 337 BIODEGRADABLE 0
7 335 283 335 283 373 7 373 BIODEGRADABLE 0
9 279 31 279 31 301 9 301 BIODEGRADABLE 0
10 235 102 235 102 285 10 285 BIODEGRADABLE 0
10 202 131 202 131 234 10 234 BIODEGRADABLE 0
12 176 81 176 81 208 12 208 BIODEGRADABLE 0
10 135 93 135 93 174 10 174 BIODEGRADABLE 0
10 110 124 110 124 134 10 134 BIODEGRADABLE 0
12 351 364 351 364 415 12 415 BIODEGRADABLE 0