3 47 25 47 25 100 3 100 BIODEGRADABLE 0
2 29.999999999999996 43 29.999999999999996 43 69 2 69 BIODEGRADABLE 0
3 8 25 8 25 38 3 38 BIODEGRADABLE 0
3 2 75 2 75 68 3 68 BIODEGRADABLE 0
18 2 68 2 68 26 18 26 BIODEGRADABLE 0
57.00000000000001 2 91 2 91 28 57.00000000000001 28 BIODEGRADABLE 0
66 24 91 24 91 39 66 39 BIODEGRADABLE 0
93 14 118 14 118 41 93 41 BIODEGRADABLE 0
136 2 164 2 164 12 136 12 BIODEGRADABLE 0
57.00000000000001 58 121.00000000000001 58 121.00000000000001 98 57.00000000000001 98 BIODEGRADABLE 0
25 74 68 74 68 106 25 106 BIODEGRADABLE 0
57.00000000000001 97 127.00000000000001 97 127.00000000000001 139 57.00000000000001 139 BIODEGRADABLE 0
2 132 32 132 32 183 2 183 BIODEGRADABLE 0
2 112.99999999999999 34 112.99999999999999 34 139 2 139 BIODEGRADABLE 0
200 9 291 9 291 98 200 98 BIODEGRADABLE 0
269 6 307 6 307 80 269 80 BIODEGRADABLE 0
209 2 287 2 287 29 209 29 BIODEGRADABLE 0
244 103 262 103 262 119 244 119 BIODEGRADABLE 0
235 95 257 95 257 111 235 111 BIODEGRADABLE 0
248 85 255.00000000000003 85 255.00000000000003 95 248 95 BIODEGRADABLE 0
225 79 243 79 243 97 225 97 BIODEGRADABLE 0
234 68 250 68 250 82 234 82 BIODEGRADABLE 0
216.00000000000003 62 232 62 232 83 216.00000000000003 83 BIODEGRADABLE 0
225 53 241.00000000000003 53 241.00000000000003 68 225 68 BIODEGRADABLE 0
216.00000000000003 38 232 38 232 53 216.00000000000003 53 BIODEGRADABLE 0
196 47 218 47 218 62.99999999999999 196 62.99999999999999 BIODEGRADABLE 0
191 35 211 35 211 49 191 49 BIODEGRADABLE 0
196 24 213.99999999999997 24 213.99999999999997 39 196 39 BIODEGRADABLE 0
230 125 255.00000000000003 125 255.00000000000003 145 230 145 BIODEGRADABLE 0
223 106 241.00000000000003 106 241.00000000000003 127.00000000000001 223 127.00000000000001 BIODEGRADABLE 0
210 92 230 92 230 114.00000000000001 210 114.00000000000001 BIODEGRADABLE 0
191 65 223 65 223 86 191 86 BIODEGRADABLE 0
168 59.99999999999999 193 59.99999999999999 193 86 168 86 BIODEGRADABLE 0
182 81 210 81 210 101 182 101 BIODEGRADABLE 0
173 100 189 100 189 119.99999999999999 173 119.99999999999999 BIODEGRADABLE 0
157 80 175 80 175 104 157 104 BIODEGRADABLE 0
191 101 219 101 219 128 191 128 BIODEGRADABLE 0
202 119.99999999999999 232 119.99999999999999 232 142 202 142 BIODEGRADABLE 0
207 141 238.99999999999997 141 238.99999999999997 163 207 163 BIODEGRADABLE 0
296 2 337 2 337 40 296 40 BIODEGRADABLE 0
127.00000000000001 116 223 116 223 232 127.00000000000001 232 BIODEGRADABLE 0
157 217 203 217 203 241.00000000000003 157 241.00000000000003 BIODEGRADABLE 0
155 207 193 207 193 223 155 223 BIODEGRADABLE 0
171 202 180 202 180 212 171 212 BIODEGRADABLE 0
155 225.99999999999997 201 225.99999999999997 201 252.99999999999997 155 252.99999999999997 BIODEGRADABLE 0
159 221 191 221 191 237 159 237 BIODEGRADABLE 0
141 230 200 230 200 258 141 258 BIODEGRADABLE 0
139 231 193 231 193 264 139 264 BIODEGRADABLE 0
137 242.00000000000003 194 242.00000000000003 194 270 137 270 BIODEGRADABLE 0
139 258 189 258 189 278 139 278 BIODEGRADABLE 0
164 273 186 273 186 287 164 287 BIODEGRADABLE 0
121.00000000000001 163 157 163 157 195 121.00000000000001 195 BIODEGRADABLE 0
112 157 160 157 160 203 112 203 BIODEGRADABLE 0
114.00000000000001 189 160 189 160 219 114.00000000000001 219 BIODEGRADABLE 0
106.99999999999999 165 125 165 125 187 106.99999999999999 187 BIODEGRADABLE 0
114.00000000000001 195 157 195 157 225 114.00000000000001 225 BIODEGRADABLE 0
106.99999999999999 201 148 201 148 237 106.99999999999999 237 BIODEGRADABLE 0
96 161 116 161 116 205 96 205 BIODEGRADABLE 0
93 166 109 166 109 210 93 210 BIODEGRADABLE 0
98 210 141 210 141 251.99999999999997 98 251.99999999999997 BIODEGRADABLE 0
82 211 139 211 139 264 82 264 BIODEGRADABLE 0
78 193 100 193 100 220 78 220 BIODEGRADABLE 0
159 282 175 282 175 310 159 310 BIODEGRADABLE 0
128 281 164 281 164 309 128 309 BIODEGRADABLE 0
125.99999999999999 264 164 264 164 284 125.99999999999999 284 BIODEGRADABLE 0
121.00000000000001 275 135 275 135 291 121.00000000000001 291 BIODEGRADABLE 0
87 251 128 251 128 267 87 267 BIODEGRADABLE 0
86 238 114.00000000000001 238 114.00000000000001 252.99999999999997 86 252.99999999999997 BIODEGRADABLE 0
57.00000000000001 234 85 234 85 251.99999999999997 57.00000000000001 251.99999999999997 BIODEGRADABLE 0
66 225.99999999999997 80 225.99999999999997 80 235 66 235 BIODEGRADABLE 0
52 246 80 246 80 270 52 270 BIODEGRADABLE 0
41 260 61 260 61 276 41 276 BIODEGRADABLE 0
53 269 75 269 75 287 53 287 BIODEGRADABLE 0
55 285 87 285 87 306 55 306 BIODEGRADABLE 0
21 258 46 258 46 288 21 288 BIODEGRADABLE 0
75 280 106.99999999999999 280 106.99999999999999 321 75 321 BIODEGRADABLE 0
101 282 123 282 123 303 101 303 BIODEGRADABLE 0
105 295 164 295 164 356 105 356 BIODEGRADABLE 0
141 308 171 308 171 334 141 334 BIODEGRADABLE 0
96 312 121.00000000000001 312 121.00000000000001 338 96 338 BIODEGRADABLE 0
41 286 155 286 155 380 41 380 BIODEGRADABLE 0
28 295 128 295 128 368 28 368 BIODEGRADABLE 0
19 303 62 303 62 324 19 324 BIODEGRADABLE 0
21 308 78 308 78 338 21 338 BIODEGRADABLE 0
2 303 117 303 117 415 2 415 BIODEGRADABLE 0
339 2 364 2 364 23 339 23 BIODEGRADABLE 0
177 392 205 392 205 410 177 410 BIODEGRADABLE 0
189 404 228.00000000000003 404 228.00000000000003 415 189 415 BIODEGRADABLE 0
170 407 191 407 191 415 170 415 BIODEGRADABLE 0
328 384 364 384 364 407 328 407 BIODEGRADABLE 0
323 402 360 402 360 415 323 415 BIODEGRADABLE 0
352 401 391 401 391 415 352 415 BIODEGRADABLE 0
380 397 398 397 398 412 380 412 BIODEGRADABLE 0
375 380 407 380 407 397 375 397 BIODEGRADABLE 0
380 365 412 365 412 380 380 380 BIODEGRADABLE 0
387 357 401 357 401 366 387 366 BIODEGRADABLE 0
382 342 407 342 407 357 382 357 BIODEGRADABLE 0
380 336 396 336 396 345 380 345 BIODEGRADABLE 0
362 327 387 327 387 341 362 341 BIODEGRADABLE 0
352 354 380 354 380 368 352 368 BIODEGRADABLE 0
358 339 380 339 380 354 358 354 BIODEGRADABLE 0
341 324 361 324 361 342 341 342 BIODEGRADABLE 0
344 315 364 315 364 329 344 329 BIODEGRADABLE 0
339 342 357 342 357 356 339 356 BIODEGRADABLE 0
339 356 353 356 353 372 339 372 BIODEGRADABLE 0
344 367 364 367 364 383 344 383 BIODEGRADABLE 0
360 379 378 379 378 398 360 398 BIODEGRADABLE 0
366 368 378 368 378 378 366 378 BIODEGRADABLE 0
307 93 332 93 332 106.99999999999999 307 106.99999999999999 BIODEGRADABLE 0
300 88 307 88 307 98 300 98 BIODEGRADABLE 0
298 96 310 96 310 104 298 104 BIODEGRADABLE 0
298 106 310 106 310 115 298 115 BIODEGRADABLE 0
312 109 332 109 332 121.00000000000001 312 121.00000000000001 BIODEGRADABLE 0
312 103 328 103 328 109 312 109 BIODEGRADABLE 0
332 106 344 106 344 118 332 118 BIODEGRADABLE 0
327 119 339 119 339 127.00000000000001 327 127.00000000000001 BIODEGRADABLE 0
339 118 348 118 348 130 339 130 BIODEGRADABLE 0
328 127.00000000000001 344 127.00000000000001 344 141 328 141 BIODEGRADABLE 0
341 131 355 131 355 143 341 143 BIODEGRADABLE 0
294 118 328 118 328 146 294 146 BIODEGRADABLE 0
273 136 316 136 316 169 273 169 BIODEGRADABLE 0
275 173 316 173 316 211 275 211 BIODEGRADABLE 0
323 166 366 166 366 204 323 204 BIODEGRADABLE 0
319 145 362 145 362 172 319 172 BIODEGRADABLE 0
302 202 348 202 348 234 302 234 BIODEGRADABLE 0
191 310 290 310 290 415 191 415 BIODEGRADABLE 0
262 323 303 323 303 353 262 353 BIODEGRADABLE 0
241.00000000000003 296 277 296 277 324 241.00000000000003 324 BIODEGRADABLE 0
220 282 248 282 248 310 220 310 BIODEGRADABLE 0
248 278 280 278 280 300 248 300 BIODEGRADABLE 0
251.99999999999997 265 282 265 282 279 251.99999999999997 279 BIODEGRADABLE 0
252.99999999999997 241.00000000000003 278 241.00000000000003 278 267 252.99999999999997 267 BIODEGRADABLE 0
235 244 257 244 257 264 235 264 BIODEGRADABLE 0
228.00000000000003 259 250 259 250 285 228.00000000000003 285 BIODEGRADABLE 0
282 255.00000000000003 332 255.00000000000003 332 281 282 281 BIODEGRADABLE 0
296 234 318 234 318 251.99999999999997 296 251.99999999999997 BIODEGRADABLE 0
280 244 300 244 300 252.99999999999997 280 252.99999999999997 BIODEGRADABLE 0
277 234 305 234 305 246 277 246 BIODEGRADABLE 0
289 210 309 210 309 237 289 237 BIODEGRADABLE 0
271 211 296 211 296 235 271 235 BIODEGRADABLE 0
254.00000000000003 228.00000000000003 282 228.00000000000003 282 238 254.00000000000003 238 BIODEGRADABLE 0
259 216.00000000000003 273 216.00000000000003 273 230 259 230 BIODEGRADABLE 0
244 212.99999999999997 262 212.99999999999997 262 226.99999999999997 244 226.99999999999997 BIODEGRADABLE 0
241.00000000000003 222 259 222 259 234 241.00000000000003 234 BIODEGRADABLE 0
252.99999999999997 196 273 196 273 212 252.99999999999997 212 BIODEGRADABLE 0
261 188 273 188 273 202 261 202 BIODEGRADABLE 0
293 315 309 315 309 333 293 333 BIODEGRADABLE 0
296 299 314 299 314 315 296 315 BIODEGRADABLE 0
302 292 316 292 316 300 302 300 BIODEGRADABLE 0
275 314 293 314 293 328 275 328 BIODEGRADABLE 0
282 300 298 300 298 315 282 315 BIODEGRADABLE 0
286 284 298 284 298 300 286 300 BIODEGRADABLE 0
277 296 291 296 291 306 277 306 BIODEGRADABLE 0
359 151 375 151 375 167 359 167 BIODEGRADABLE 0
355 136 375 136 375 154 355 154 BIODEGRADABLE 0
355 128 380 128 380 137 355 137 BIODEGRADABLE 0
346 117 368 117 368 127.00000000000001 346 127.00000000000001 BIODEGRADABLE 0
355 106 373 106 373 118 355 118 BIODEGRADABLE 0
337 100 359 100 359 112 337 112 BIODEGRADABLE 0
339 106.99999999999999 353 106.99999999999999 353 119 339 119 BIODEGRADABLE 0
364 95 376 95 376 105 364 105 BIODEGRADABLE 0
337 86 362 86 362 101 337 101 BIODEGRADABLE 0
344 77 362 77 362 87 344 87 BIODEGRADABLE 0
328 73 346 73 346 88 328 88 BIODEGRADABLE 0
330 62.99999999999999 346 62.99999999999999 346 71 330 71 BIODEGRADABLE 0
316 56 332 56 332 64 316 64 BIODEGRADABLE 0
314 64 330 64 330 73 314 73 BIODEGRADABLE 0
314 73 328 73 328 88 314 88 BIODEGRADABLE 0
321 86 339 86 339 96 321 96 BIODEGRADABLE 0
355 20 375 20 375 32 355 32 BIODEGRADABLE 0
362 2 398 2 398 16 362 16 BIODEGRADABLE 0
370 12 415 12 415 34 370 34 BIODEGRADABLE 0
369 23 412 23 412 39 369 39 BIODEGRADABLE 0
359 41 373 41 373 53 359 53 BIODEGRADABLE 0
371 56 378 56 378 68 371 68 BIODEGRADABLE 0
357 50 373 50 373 59.99999999999999 357 59.99999999999999 BIODEGRADABLE 0
359 33 371 33 371 41 359 41 BIODEGRADABLE 0
339 32 355 32 355 38 339 38 BIODEGRADABLE 0
335 24 353 24 353 32 335 32 BIODEGRADABLE 0
346 39 355 39 355 51 346 51 BIODEGRADABLE 0
319 37 337 37 337 53 319 53 BIODEGRADABLE 0
328 41 348 41 348 59 328 59 BIODEGRADABLE 0
353 52 378 52 378 73 353 73 BIODEGRADABLE 0
404 47 415 47 415 74 404 74 BIODEGRADABLE 0
398 72 415 72 415 109 398 109 BIODEGRADABLE 0
391 106 403 106 403 115 391 115 BIODEGRADABLE 0
404 106.99999999999999 415 106.99999999999999 415 132 404 132 BIODEGRADABLE 0
404 128 415 128 415 139 404 139 BIODEGRADABLE 0
389 130 403 130 403 145 389 145 BIODEGRADABLE 0
391 121.00000000000001 405 121.00000000000001 405 130 391 130 BIODEGRADABLE 0
389 116 405 116 405 122 389 122 BIODEGRADABLE 0
400 136 415 136 415 155 400 155 BIODEGRADABLE 0
402 153 415 153 415 174 402 174 BIODEGRADABLE 0
382 145 402 145 402 165 382 165 BIODEGRADABLE 0
382 161 402 161 402 181 382 181 BIODEGRADABLE 0
395 170 415 170 415 195 395 195 BIODEGRADABLE 0
371 182 409 182 409 202 371 202 BIODEGRADABLE 0
394 193 416 193 416 219 394 219 BIODEGRADABLE 0
369 202 403 202 403 222 369 222 BIODEGRADABLE 0
366 221 396 221 396 243 366 243 BIODEGRADABLE 0
394 217 416 217 416 238 394 238 BIODEGRADABLE 0
378 238 410 238 410 262 378 262 BIODEGRADABLE 0
398 237 415 237 415 256 398 256 BIODEGRADABLE 0
395 255.00000000000003 415 255.00000000000003 415 288 395 288 BIODEGRADABLE 0
361 244 391 244 391 271 361 271 BIODEGRADABLE 0
359 264 389 264 389 288 359 288 BIODEGRADABLE 0
355 284 380 284 380 312 355 312 BIODEGRADABLE 0
369 305 389 305 389 325 369 325 BIODEGRADABLE 0
387 324 401 324 401 338 387 338 BIODEGRADABLE 0
388 302 415 302 415 329 388 329 BIODEGRADABLE 0
378 284 410 284 410 311 378 311 BIODEGRADABLE 0
407 283 415 283 415 303 407 303 BIODEGRADABLE 0
398 327 415 327 415 344 398 344 BIODEGRADABLE 0
404 342 415 342 415 386 404 386 BIODEGRADABLE 0