51 62.99999999999999 127.00000000000001 62.99999999999999 127.00000000000001 112.99999999999999 51 112.99999999999999 PAPER 0
29.999999999999996 96 170 96 170 170 29.999999999999996 170 PAPER 0
55 143 140 143 140 179 55 179 PAPER 0
55 181 124 181 124 225 55 225 PAPER 0
12 212 182 212 182 251 12 251 PAPER 0
14 230 182 230 182 242.00000000000003 14 242.00000000000003 PAPER 0
37 245 85 245 85 275 37 275 PAPER 0
76 258 124 258 124 290 76 290 PAPER 0
117 251 163 251 163 279 117 279 PAPER 0
182 261 213.99999999999997 261 213.99999999999997 279 182 279 PAPER 0
207 276 327 276 327 318 207 318 PAPER 0
147 288 205 288 205 331 147 331 PAPER 0
67 288 143 288 143 342 67 342 PAPER 0
258 204 405 204 405 306 258 306 PAPER 0
334 294 354 294 354 302 334 302 PAPER 0
213.99999999999997 234 276 234 276 282 213.99999999999997 282 PAPER 0
285 200 329 200 329 218 285 218 PAPER 0
329 202 400 202 400 254.00000000000003 329 254.00000000000003 PAPER 0
271 182 310 182 310 197 271 197 PAPER 0
311 150 396 150 396 194 311 194 PAPER 0
290 103 375 103 375 153 290 153 PAPER 0
173 138 212 138 212 172 173 172 PAPER 0
213.99999999999997 148 308 148 308 168 213.99999999999997 168 PAPER 0
211 97 252.99999999999997 97 252.99999999999997 131 211 131 PAPER 0
238.99999999999997 119.99999999999999 308 119.99999999999999 308 164 238.99999999999997 164 PAPER 0
249 76 299 76 299 122 249 122 PAPER 0
202 69 248 69 248 99 202 99 PAPER 0
161 92 209 92 209 124 161 124 PAPER 0
127.00000000000001 123 173 123 173 191 127.00000000000001 191 PAPER 0