86 161 217 161 217 262 86 262 BIODEGRADABLE 0
202 129 262 129 262 179 202 179 BIODEGRADABLE 0
302 363 415 363 415 415 302 415 BIODEGRADABLE 0
371 342 414 342 414 370 371 370 BIODEGRADABLE 0
286 304 384 304 384 365 286 365 BIODEGRADABLE 0
247 304 367 304 367 348 247 348 BIODEGRADABLE 0
270 246 358 246 358 308 270 308 BIODEGRADABLE 0
316 206 414 206 414 301 316 301 BIODEGRADABLE 0
316 194 408 194 408 238 316 238 BIODEGRADABLE 0
382 299 414 299 414 351 382 351 BIODEGRADABLE 0
349 175 399 175 399 196 349 196 BIODEGRADABLE 0
252.99999999999997 76 414 76 414 216.00000000000003 252.99999999999997 216.00000000000003 BIODEGRADABLE 0
350 53 404 53 404 85 350 85 BIODEGRADABLE 0
232 44 344 44 344 116 232 116 BIODEGRADABLE 0
275 2 391 2 391 58 275 58 BIODEGRADABLE 0
380 2 414 2 414 62.99999999999999 380 62.99999999999999 BIODEGRADABLE 0
243 114.00000000000001 318 114.00000000000001 318 162 243 162 BIODEGRADABLE 0
167 84 238 84 238 140 167 140 BIODEGRADABLE 0
84 78 189 78 189 156 84 156 BIODEGRADABLE 0
39 55 159 55 159 127.00000000000001 39 127.00000000000001 BIODEGRADABLE 0
14.999999999999998 2 285 2 285 80 14.999999999999998 80 BIODEGRADABLE 0
50 2 108.00000000000001 2 108.00000000000001 39 50 39 BIODEGRADABLE 0
110 1 198 1 198 21 110 21 BIODEGRADABLE 0
0 29 56 29 56 93 0 93 BIODEGRADABLE 0
0 87 56 87 56 140 0 140 BIODEGRADABLE 0
0 123 82 123 82 177 0 177 BIODEGRADABLE 0
37 167 103 167 103 209 37 209 BIODEGRADABLE 0
97 151 127.00000000000001 151 127.00000000000001 177 97 177 BIODEGRADABLE 0
182 166 225 166 225 196 182 196 BIODEGRADABLE 0
209 170 335 170 335 228.00000000000003 209 228.00000000000003 BIODEGRADABLE 0
225 202 270 202 270 238 225 238 BIODEGRADABLE 0
255.00000000000003 226.99999999999997 283 226.99999999999997 283 257 255.00000000000003 257 BIODEGRADABLE 0
155 233 277 233 277 303 155 303 BIODEGRADABLE 0
193 297 285 297 285 379 193 379 BIODEGRADABLE 0
266 363 298 363 298 394 266 394 BIODEGRADABLE 0
260 352 290 352 290 368 260 368 BIODEGRADABLE 0
225 392 306 392 306 415 225 415 BIODEGRADABLE 0
243 368 283 368 283 410 243 410 BIODEGRADABLE 0
232 381 245 381 245 409 232 409 BIODEGRADABLE 0
208 378 244 378 244 416 208 416 BIODEGRADABLE 0
102 300 212.99999999999997 300 212.99999999999997 415 102 415 BIODEGRADABLE 0
47 371 119 371 119 415 47 415 BIODEGRADABLE 0
75 318 118 318 118 378 75 378 BIODEGRADABLE 0
54.00000000000001 278 148 278 148 330 54.00000000000001 330 BIODEGRADABLE 0
71 242.00000000000003 172 242.00000000000003 172 286 71 286 BIODEGRADABLE 0
0 215.00000000000003 59.99999999999999 215.00000000000003 59.99999999999999 283 0 283 BIODEGRADABLE 0
26 213.99999999999997 90 213.99999999999997 90 254.00000000000003 26 254.00000000000003 BIODEGRADABLE 0
0 286 45 286 45 371 0 371 BIODEGRADABLE 0
0 335 77 335 77 415 0 415 BIODEGRADABLE 0
32 307 114.00000000000001 307 114.00000000000001 346 32 346 BIODEGRADABLE 0
1 177 39 177 39 215.00000000000003 1 215.00000000000003 BIODEGRADABLE 0
0 1 416 1 416 415 0 415 BIODEGRADABLE 0