333 35 415 35 415 171 333 171 BIODEGRADABLE 0
245 12 361 12 361 142 245 142 BIODEGRADABLE 0
215.00000000000003 81 317 81 317 215.00000000000003 215.00000000000003 215.00000000000003 BIODEGRADABLE 0
118 12 238.99999999999997 12 238.99999999999997 164 118 164 BIODEGRADABLE 0
102 109 172 109 172 183 102 183 BIODEGRADABLE 0
9 40 117 40 117 167 9 167 BIODEGRADABLE 0
29.999999999999996 3 154 3 154 114.00000000000001 29.999999999999996 114.00000000000001 BIODEGRADABLE 0
0 50 8 50 8 109 0 109 BIODEGRADABLE 0
0 188 59.99999999999999 188 59.99999999999999 266 0 266 BIODEGRADABLE 0
56 190 108.00000000000001 190 108.00000000000001 257 56 257 BIODEGRADABLE 0
106.99999999999999 190 149 190 149 241.00000000000003 106.99999999999999 241.00000000000003 BIODEGRADABLE 0
94 232 134 232 134 264 94 264 BIODEGRADABLE 0
156 194 224 194 224 266 156 266 BIODEGRADABLE 0
237 208 276 208 276 248 237 248 BIODEGRADABLE 0
230 245 266 245 266 307 230 307 BIODEGRADABLE 0
258 236 285 236 285 268 258 268 BIODEGRADABLE 0
278 204 333 204 333 264 278 264 BIODEGRADABLE 0
288 245 340 245 340 291 288 291 BIODEGRADABLE 0
322 225 370 225 370 271 322 271 BIODEGRADABLE 0
373 335 399 335 399 363 373 363 BIODEGRADABLE 0
395 319 415 319 415 342 395 342 BIODEGRADABLE 0
363 356 391 356 391 382 363 382 BIODEGRADABLE 0
393 361 415 361 415 382 393 382 BIODEGRADABLE 0
375 393 405 393 405 415 375 415 BIODEGRADABLE 0
337 390 363 390 363 415 337 415 BIODEGRADABLE 0
320 361 352 361 352 412 320 412 BIODEGRADABLE 0
300 386 322 386 322 404 300 404 BIODEGRADABLE 0
291 367 315 367 315 393 291 393 BIODEGRADABLE 0
300 356 322 356 322 374 300 374 BIODEGRADABLE 0
303 303 336 303 336 335 303 335 BIODEGRADABLE 0
258 292 296 292 296 340 258 340 BIODEGRADABLE 0
246 291 272 291 272 319 246 319 BIODEGRADABLE 0
209 312 245 312 245 340 209 340 BIODEGRADABLE 0
181 298 209 298 209 338 181 338 BIODEGRADABLE 0
117 285 163 285 163 338 117 338 BIODEGRADABLE 0
161 310 177 310 177 331 161 331 BIODEGRADABLE 0
72 293 114.00000000000001 293 114.00000000000001 333 72 333 BIODEGRADABLE 0
36 306 75 306 75 340 36 340 BIODEGRADABLE 0
0 286 17 286 17 331 0 331 BIODEGRADABLE 0
33 343 59 343 59 377 33 377 BIODEGRADABLE 0
43 366 69 366 69 384 43 384 BIODEGRADABLE 0
61 338 93 338 93 384 61 384 BIODEGRADABLE 0
100 338 140 338 140 396 100 396 BIODEGRADABLE 0
145 356 169 356 169 382 145 382 BIODEGRADABLE 0
156 331 194 331 194 377 156 377 BIODEGRADABLE 0
203 365 223 365 223 388 203 388 BIODEGRADABLE 0
238.99999999999997 375 278 375 278 409 238.99999999999997 409 BIODEGRADABLE 0
262 395 282 395 282 415 262 415 BIODEGRADABLE 0
270 356 285 356 285 382 270 382 BIODEGRADABLE 0
185 386 205 386 205 409 185 409 BIODEGRADABLE 0
152 381 170 381 170 407 152 407 BIODEGRADABLE 0
118 386 150 386 150 402 118 402 BIODEGRADABLE 0
97 377 121.00000000000001 377 121.00000000000001 409 97 409 BIODEGRADABLE 0
61 382 100 382 100 414 61 414 BIODEGRADABLE 0
40 390 70 390 70 415 40 415 BIODEGRADABLE 0
25 395 48 395 48 415 25 415 BIODEGRADABLE 0
1 393 24 393 24 415 1 415 BIODEGRADABLE 0
0 349 11 349 11 377 0 377 BIODEGRADABLE 0