316 200 390 200 390 315 316 315 BIODEGRADABLE 0
377 212.99999999999997 414 212.99999999999997 414 261 377 261 BIODEGRADABLE 0
342 251.99999999999997 414 251.99999999999997 414 317 342 317 BIODEGRADABLE 0
331 283 414 283 414 347 331 347 BIODEGRADABLE 0
342 331 414 331 414 405 342 405 BIODEGRADABLE 0
327 346 414 346 414 405 327 405 BIODEGRADABLE 0
302 337 342 337 342 383 302 383 BIODEGRADABLE 0
288 209 344 209 344 318 288 318 BIODEGRADABLE 0
233 243 320 243 320 313 233 313 BIODEGRADABLE 0
224 124 290 124 290 262 224 262 BIODEGRADABLE 0
248 76 309 76 309 212.99999999999997 248 212.99999999999997 BIODEGRADABLE 0
283 65 353 65 353 222 283 222 BIODEGRADABLE 0
329 75 414 75 414 212.99999999999997 329 212.99999999999997 BIODEGRADABLE 0
241.00000000000003 2 315 2 315 146 241.00000000000003 146 BIODEGRADABLE 0
201 80 259 80 259 200 201 200 BIODEGRADABLE 0
178 119 250 119 250 300 178 300 BIODEGRADABLE 0
150 177 202 177 202 307 150 307 BIODEGRADABLE 0
85 189 159 189 159 265 85 265 BIODEGRADABLE 0
96 2 198 2 198 218 96 218 BIODEGRADABLE 0
92 2 159 2 159 158 92 158 BIODEGRADABLE 0
148 37 200 37 200 153 148 153 BIODEGRADABLE 0
8 59 98 59 98 139 8 139 BIODEGRADABLE 0
1 75 37 75 37 141 1 141 BIODEGRADABLE 0
1 134 52 134 52 187 1 187 BIODEGRADABLE 0
1 184 35 184 35 225.99999999999997 1 225.99999999999997 BIODEGRADABLE 0
359 13 415 13 415 125.99999999999999 359 125.99999999999999 BIODEGRADABLE 0
267 2 400 2 400 74 267 74 BIODEGRADABLE 0
383 2 415 2 415 20 383 20 BIODEGRADABLE 0
155 2 257 2 257 66 155 66 BIODEGRADABLE 0
45 2 158 2 158 73 45 73 BIODEGRADABLE 0
1 1 46 1 46 59.99999999999999 1 59.99999999999999 BIODEGRADABLE 0
1 375 35 375 35 415 1 415 BIODEGRADABLE 0
1 359 21 359 21 383 1 383 BIODEGRADABLE 0
1 212 340 212 340 389 1 389 BIODEGRADABLE 0
33 382 342 382 342 415 33 415 BIODEGRADABLE 0
1 1 415 1 415 415 1 415 BIODEGRADABLE 0