141 2 207 2 207 74 141 74 BIODEGRADABLE 0
86 2 154 2 154 105 86 105 BIODEGRADABLE 0
48 74 125 74 125 182 48 182 BIODEGRADABLE 0
23 141 62.99999999999999 141 62.99999999999999 188 23 188 BIODEGRADABLE 0
23 183 55 183 55 237 23 237 BIODEGRADABLE 0
34 239.99999999999997 92 239.99999999999997 92 334 34 334 BIODEGRADABLE 0
71 188 145 188 145 293 71 293 BIODEGRADABLE 0
58 179 114.00000000000001 179 114.00000000000001 252.99999999999997 58 252.99999999999997 BIODEGRADABLE 0
91 291 141 291 141 369 91 369 BIODEGRADABLE 0
77 322 99 322 99 369 77 369 BIODEGRADABLE 0
132 309 174 309 174 369 132 369 BIODEGRADABLE 0
161 260 223 260 223 345 161 345 BIODEGRADABLE 0
125.99999999999999 225.99999999999997 180 225.99999999999997 180 309 125.99999999999999 309 BIODEGRADABLE 0
160 204 176 204 176 238 160 238 BIODEGRADABLE 0
115 130 171 130 171 228.00000000000003 115 228.00000000000003 BIODEGRADABLE 0
123 65 167 65 167 137 123 137 BIODEGRADABLE 0
162 45 220 45 220 110 162 110 BIODEGRADABLE 0
204 3 239.99999999999997 3 239.99999999999997 65 204 65 BIODEGRADABLE 0
232 2 289 2 289 72 232 72 BIODEGRADABLE 0
209 65 266 65 266 150 209 150 BIODEGRADABLE 0
153 108.00000000000001 223 108.00000000000001 223 206 153 206 BIODEGRADABLE 0
173 184 235 184 235 267 173 267 BIODEGRADABLE 0
189 291 247 291 247 374 189 374 BIODEGRADABLE 0
219 238.99999999999997 261 238.99999999999997 261 309 219 309 BIODEGRADABLE 0
239.99999999999997 217 298 217 298 297 239.99999999999997 297 BIODEGRADABLE 0
270 164 333 164 333 244 270 244 BIODEGRADABLE 0
225 137 283 137 283 217 225 217 BIODEGRADABLE 0
261 81 305 81 305 157 261 157 BIODEGRADABLE 0
269 16 312 16 312 83 269 83 BIODEGRADABLE 0
291 27.000000000000004 355 27.000000000000004 355 127.00000000000001 291 127.00000000000001 BIODEGRADABLE 0
301 114.00000000000001 351 114.00000000000001 351 197 301 197 BIODEGRADABLE 0