312 110 406 110 406 228.00000000000003 312 228.00000000000003 BIODEGRADABLE 0
307 3 386 3 386 83 307 83 BIODEGRADABLE 0
316 68 362 68 362 127.00000000000001 316 127.00000000000001 BIODEGRADABLE 0
301 47 323 47 323 80 301 80 BIODEGRADABLE 0
335 108.00000000000001 415 108.00000000000001 415 198 335 198 BIODEGRADABLE 0
364 85 415 85 415 123 364 123 BIODEGRADABLE 0
361 75 415 75 415 108.00000000000001 361 108.00000000000001 BIODEGRADABLE 0
365 64 415 64 415 80 365 80 BIODEGRADABLE 0
321 108.00000000000001 340 108.00000000000001 340 141 321 141 BIODEGRADABLE 0
361 188 403 188 403 249 361 249 BIODEGRADABLE 0
367 207 411 207 411 266 367 266 BIODEGRADABLE 0
361 251 406 251 406 301 361 301 BIODEGRADABLE 0
362 297 387 297 387 327 362 327 BIODEGRADABLE 0
371 229.00000000000003 415 229.00000000000003 415 407 371 407 BIODEGRADABLE 0
328 225.99999999999997 368 225.99999999999997 368 280 328 280 BIODEGRADABLE 0
321 273 371 273 371 332 321 332 BIODEGRADABLE 0
323 327 367 327 367 377 323 377 BIODEGRADABLE 0
331 348 374 348 374 415 331 415 BIODEGRADABLE 0
259 3 311 3 311 57.00000000000001 259 57.00000000000001 BIODEGRADABLE 0
191 38 232 38 232 102 191 102 BIODEGRADABLE 0
196 3 225 3 225 43 196 43 BIODEGRADABLE 0
244 3 301 3 301 83 244 83 BIODEGRADABLE 0
231 2 294 2 294 106 231 106 BIODEGRADABLE 0
219 26 287 26 287 132 219 132 BIODEGRADABLE 0
231 78 282 78 282 156 231 156 BIODEGRADABLE 0
231 81 281 81 281 179 231 179 BIODEGRADABLE 0
282 104 314 104 314 174 282 174 BIODEGRADABLE 0
297 71 326 71 326 158 297 158 BIODEGRADABLE 0
275 174 329 174 329 230 275 230 BIODEGRADABLE 0
288 228.00000000000003 318 228.00000000000003 318 278 288 278 BIODEGRADABLE 0
318 230 327 230 327 249 318 249 BIODEGRADABLE 0
314 249 334 249 334 289 314 289 BIODEGRADABLE 0
285 273 311 273 311 317 285 317 BIODEGRADABLE 0
304 299 333 299 333 351 304 351 BIODEGRADABLE 0
307 348 323 348 323 372 307 372 BIODEGRADABLE 0
274 369 322 369 322 415 274 415 BIODEGRADABLE 0
313 378 332 378 332 415 313 415 BIODEGRADABLE 0
130 3 172 3 172 59 130 59 BIODEGRADABLE 0
170 12 192 12 192 66 170 66 BIODEGRADABLE 0
172 3 197 3 197 50 172 50 BIODEGRADABLE 0
141 52 183 52 183 125 141 125 BIODEGRADABLE 0
160 31 184 31 184 73 160 73 BIODEGRADABLE 0
165 92 206 92 206 162 165 162 BIODEGRADABLE 0
188 94 222 94 222 150 188 150 BIODEGRADABLE 0
181 153 219 153 219 207 181 207 BIODEGRADABLE 0
202 195 231 195 231 249 202 249 BIODEGRADABLE 0
219 158 231 158 231 196 219 196 BIODEGRADABLE 0
222 111 247 111 247 172 222 172 BIODEGRADABLE 0
241.00000000000003 160 265 160 265 200 241.00000000000003 200 BIODEGRADABLE 0
257 179 275 179 275 219 257 219 BIODEGRADABLE 0
208 251.99999999999997 254.00000000000003 251.99999999999997 254.00000000000003 330 208 330 BIODEGRADABLE 0
235 243 269 243 269 299 235 299 BIODEGRADABLE 0
231 188 257 188 257 247 231 247 BIODEGRADABLE 0
260 221 288 221 288 287 260 287 BIODEGRADABLE 0
260 287 294 287 294 348 260 348 BIODEGRADABLE 0
269 329 305 329 305 376 269 376 BIODEGRADABLE 0
202 332 268 332 268 416 202 416 BIODEGRADABLE 0
201 364 272 364 272 415 201 415 BIODEGRADABLE 0
198 315 238 315 238 369 198 369 BIODEGRADABLE 0
167 362 202 362 202 415 167 415 BIODEGRADABLE 0
132 366 184 366 184 415 132 415 BIODEGRADABLE 0
144 397 173 397 173 415 144 415 BIODEGRADABLE 0
155 169 209 169 209 263 155 263 BIODEGRADABLE 0
149 238 195 238 195 336 149 336 BIODEGRADABLE 0
161 259 211 259 211 379 161 379 BIODEGRADABLE 0
148 332 162 332 162 362 148 362 BIODEGRADABLE 0
106.99999999999999 324 157 324 157 388 106.99999999999999 388 BIODEGRADABLE 0
111 381 139 381 139 402 111 402 BIODEGRADABLE 0
89 397 136 397 136 415 89 415 BIODEGRADABLE 0
105 390 130 390 130 411 105 411 BIODEGRADABLE 0
88 374 112.99999999999999 374 112.99999999999999 400 88 400 BIODEGRADABLE 0
86 353 111 353 111 381 86 381 BIODEGRADABLE 0
85 287 119 287 119 355 85 355 BIODEGRADABLE 0
114.00000000000001 251.99999999999997 140 251.99999999999997 140 325 114.00000000000001 325 BIODEGRADABLE 0
119.99999999999999 287 152 287 152 337 119.99999999999999 337 BIODEGRADABLE 0
137 231 197 231 197 339 137 339 BIODEGRADABLE 0
98 212 139 212 139 294 98 294 BIODEGRADABLE 0
74 239.99999999999997 108.00000000000001 239.99999999999997 108.00000000000001 292 74 292 BIODEGRADABLE 0
54.00000000000001 373 83 373 83 415 54.00000000000001 415 BIODEGRADABLE 0
37 341 79 341 79 383 37 383 BIODEGRADABLE 0
70 353 89 353 89 369 70 369 BIODEGRADABLE 0
71 308 85 308 85 364 71 364 BIODEGRADABLE 0
35 275 79 275 79 365 35 365 BIODEGRADABLE 0
110 83 170 83 170 198 110 198 BIODEGRADABLE 0
130 191 159 191 159 233 130 233 BIODEGRADABLE 0
34 36 104 36 104 130 34 130 BIODEGRADABLE 0
50 28 140 28 140 80 50 80 BIODEGRADABLE 0
69 21 147 21 147 68 69 68 BIODEGRADABLE 0
83 14 139 14 139 50 83 50 BIODEGRADABLE 0
100 3 130 3 130 29 100 29 BIODEGRADABLE 0
91 104 125 104 125 170 91 170 BIODEGRADABLE 0
105 73 137 73 137 115 105 115 BIODEGRADABLE 0
72 119.99999999999999 94 119.99999999999999 94 158 72 158 BIODEGRADABLE 0
66 151 92 151 92 195 66 195 BIODEGRADABLE 0
83 160 123 160 123 213.99999999999997 83 213.99999999999997 BIODEGRADABLE 0
66 195 102 195 102 245 66 245 BIODEGRADABLE 0
59.99999999999999 198 84 198 84 264 59.99999999999999 264 BIODEGRADABLE 0
14.999999999999998 170 66 170 66 271 14.999999999999998 271 BIODEGRADABLE 0
5 111 68 111 68 167 5 167 BIODEGRADABLE 0
0 70 78 70 78 163 0 163 BIODEGRADABLE 0
0 148 32 148 32 239.99999999999997 0 239.99999999999997 BIODEGRADABLE 0
18 271 37 271 37 318 18 318 BIODEGRADABLE 0
34 238 92 238 92 313 34 313 BIODEGRADABLE 0
0 247 38 247 38 329 0 329 BIODEGRADABLE 0