166 388 340 388 340 416 166 416 BIODEGRADABLE 0
4 343 279 343 279 415 4 415 BIODEGRADABLE 0
98 337 134 337 134 347 98 347 BIODEGRADABLE 0
61 325 87 325 87 341 61 341 BIODEGRADABLE 0
91 332 105 332 105 339 91 339 BIODEGRADABLE 0
33 323 62 323 62 333 33 333 BIODEGRADABLE 0
76 310 105 310 105 323 76 323 BIODEGRADABLE 0
4 320 33 320 33 330 4 330 BIODEGRADABLE 0
4 334 29.999999999999996 334 29.999999999999996 349 4 349 BIODEGRADABLE 0
178 309 319 309 319 350 178 350 BIODEGRADABLE 0
105 283 264 283 264 311 105 311 BIODEGRADABLE 0
3 272 181 272 181 344 3 344 BIODEGRADABLE 0
105 219 261 219 261 265 105 265 BIODEGRADABLE 0
4 237 276 237 276 285 4 285 BIODEGRADABLE 0
127.00000000000001 219 153 219 153 226.99999999999997 127.00000000000001 226.99999999999997 BIODEGRADABLE 0
130 215.00000000000003 152 215.00000000000003 152 219 130 219 BIODEGRADABLE 0
101 211 123 211 123 219 101 219 BIODEGRADABLE 0
112 229.00000000000003 130 229.00000000000003 130 238.99999999999997 112 238.99999999999997 BIODEGRADABLE 0
80 234 98 234 98 238 80 238 BIODEGRADABLE 0
36 232 58 232 58 236 36 236 BIODEGRADABLE 0
40 224 69 224 69 230 40 230 BIODEGRADABLE 0
43 216.00000000000003 69 216.00000000000003 69 224 43 224 BIODEGRADABLE 0
76 212 90 212 90 218 76 218 BIODEGRADABLE 0
4 211 26 211 26 221 4 221 BIODEGRADABLE 0
11 220 33 220 33 230 11 230 BIODEGRADABLE 0
4 233 29.999999999999996 233 29.999999999999996 243 4 243 BIODEGRADABLE 0
4 176 148 176 148 213.99999999999997 4 213.99999999999997 BIODEGRADABLE 0
163 201 243 201 243 215.00000000000003 163 215.00000000000003 BIODEGRADABLE 0
185 183 235 183 235 201 185 201 BIODEGRADABLE 0
119 191 181 191 181 217 119 217 BIODEGRADABLE 0
174 163 315 163 315 187 174 187 BIODEGRADABLE 0
72 117 268 117 268 187 72 187 BIODEGRADABLE 0
4 124 148 124 148 183 4 183 BIODEGRADABLE 0
36 128 65 128 65 136 36 136 BIODEGRADABLE 0
58 118 84 118 84 125.99999999999999 58 125.99999999999999 BIODEGRADABLE 0
37 114.00000000000001 51 114.00000000000001 51 118 37 118 BIODEGRADABLE 0
4 84 142 84 142 122 4 122 BIODEGRADABLE 0
109 112 159 112 159 118 109 118 BIODEGRADABLE 0
149 102 297 102 297 154 149 154 BIODEGRADABLE 0
152 52 308 52 308 109 152 109 BIODEGRADABLE 0
243 45 297 45 297 62 243 62 BIODEGRADABLE 0
91 1 329 1 329 47 91 47 BIODEGRADABLE 0
3 0 106 0 106 33 3 33 BIODEGRADABLE 0
8 35 119.99999999999999 35 119.99999999999999 53 8 53 BIODEGRADABLE 0
47 50 228.00000000000003 50 228.00000000000003 94 47 94 BIODEGRADABLE 0
134 59 156 59 156 67 134 67 BIODEGRADABLE 0
156 51 174 51 174 59 156 59 BIODEGRADABLE 0
130 49 152 49 152 57.00000000000001 130 57.00000000000001 BIODEGRADABLE 0
134 38 152 38 152 46 134 46 BIODEGRADABLE 0