252.99999999999997 168 317 168 317 305 252.99999999999997 305 BIODEGRADABLE 0
299 196 333 196 333 320 299 320 BIODEGRADABLE 0
328 206 365 206 365 341 328 341 BIODEGRADABLE 0
276 268 312 268 312 352 276 352 BIODEGRADABLE 0
241.00000000000003 225.99999999999997 278 225.99999999999997 278 378 241.00000000000003 378 BIODEGRADABLE 0
185 168 255.00000000000003 168 255.00000000000003 324 185 324 BIODEGRADABLE 0
222 152 251 152 251 239.99999999999997 222 239.99999999999997 BIODEGRADABLE 0
145 186 230 186 230 326 145 326 BIODEGRADABLE 0
146 239.99999999999997 199 239.99999999999997 199 352 146 352 BIODEGRADABLE 0
183 339 260 339 260 414 183 414 BIODEGRADABLE 0
76 180 150 180 150 345 76 345 BIODEGRADABLE 0
58 242.00000000000003 86 242.00000000000003 86 298 58 298 BIODEGRADABLE 0
21 249 55 249 55 371 21 371 BIODEGRADABLE 0
0 0 163 0 163 200 0 200 BIODEGRADABLE 0
1 1 87 1 87 247 1 247 BIODEGRADABLE 0
112.99999999999999 0 199 0 199 131 112.99999999999999 131 BIODEGRADABLE 0
179 0 277 0 277 172 179 172 BIODEGRADABLE 0
199 133 251 133 251 217 199 217 BIODEGRADABLE 0
177 0 285 0 285 174 177 174 BIODEGRADABLE 0
242.00000000000003 0 410 0 410 204 242.00000000000003 204 BIODEGRADABLE 0
336 114.00000000000001 414 114.00000000000001 414 194 336 194 BIODEGRADABLE 0