132 153 381 153 381 410 132 410 BIODEGRADABLE 0
181 262 317 262 317 362 181 362 BIODEGRADABLE 0
43 79 287 79 287 315 43 315 BIODEGRADABLE 0
245 48 414 48 414 146 245 146 BIODEGRADABLE 0
239.99999999999997 2 327 2 327 48 239.99999999999997 48 BIODEGRADABLE 0
40 64 174 64 174 180 40 180 BIODEGRADABLE 0
24 2 266 2 266 148 24 148 BIODEGRADABLE 0
2 2 119.99999999999999 2 119.99999999999999 140 2 140 BIODEGRADABLE 0
7 180 49 180 49 270 7 270 BIODEGRADABLE 0
37 318 222 318 222 415 37 415 BIODEGRADABLE 0
26 303 90 303 90 361 26 361 BIODEGRADABLE 0