122 188 398 188 398 414 122 414 BIODEGRADABLE 0
72 296 161 296 161 354 72 354 BIODEGRADABLE 0
84 354 146 354 146 414 84 414 BIODEGRADABLE 0
24 397 92 397 92 414 24 414 BIODEGRADABLE 0
18 329 96 329 96 399 18 399 BIODEGRADABLE 0
3 279 62.99999999999999 279 62.99999999999999 333 3 333 BIODEGRADABLE 0
3 333 21 333 21 379 3 379 BIODEGRADABLE 0
45 254.00000000000003 89 254.00000000000003 89 333 45 333 BIODEGRADABLE 0
3 237 45 237 45 289 3 289 BIODEGRADABLE 0
3 183 69 183 69 238.99999999999997 3 238.99999999999997 BIODEGRADABLE 0
4 127.00000000000001 29.999999999999996 127.00000000000001 29.999999999999996 183 4 183 BIODEGRADABLE 0
27.000000000000004 154 179 154 179 300 27.000000000000004 300 BIODEGRADABLE 0
3 0 157 0 157 148 3 148 BIODEGRADABLE 0
104 71 276 71 276 211 104 211 BIODEGRADABLE 0
262 0 416 0 416 200 262 200 BIODEGRADABLE 0
178 0 348 0 348 100 178 100 BIODEGRADABLE 0
104 0 208 0 208 52 104 52 BIODEGRADABLE 0
372 287 416 287 416 404 372 404 BIODEGRADABLE 0
356 204 415 204 415 416 356 416 BIODEGRADABLE 0