36 75 116 75 116 161 36 161 BIODEGRADABLE 0
2 127.00000000000001 47 127.00000000000001 47 199 2 199 BIODEGRADABLE 0
125.99999999999999 5 266 5 266 108.00000000000001 125.99999999999999 108.00000000000001 BIODEGRADABLE 0
255.00000000000003 42 270 42 270 55 255.00000000000003 55 BIODEGRADABLE 0
304 8 326 8 326 24 304 24 BIODEGRADABLE 0
348 26 358 26 358 37 348 37 BIODEGRADABLE 0
358 26 373 26 373 37 358 37 BIODEGRADABLE 0
369 32 379 32 379 45 369 45 BIODEGRADABLE 0
378 27.000000000000004 393 27.000000000000004 393 40 378 40 BIODEGRADABLE 0
365 14.999999999999998 378 14.999999999999998 378 25 365 25 BIODEGRADABLE 0
390 45 410 45 410 56 390 56 BIODEGRADABLE 0
386 58 406 58 406 71 386 71 BIODEGRADABLE 0
388 69 403 69 403 79 388 79 BIODEGRADABLE 0
350 82 365 82 365 96 350 96 BIODEGRADABLE 0
322 62.99999999999999 337 62.99999999999999 337 73 322 73 BIODEGRADABLE 0
296 79 313 79 313 85 296 85 BIODEGRADABLE 0
301 66 311 66 311 74 301 74 BIODEGRADABLE 0
373 99 415 99 415 179 373 179 BIODEGRADABLE 0
234 85 380 85 380 196 234 196 BIODEGRADABLE 0
127.00000000000001 101 217 101 217 159 127.00000000000001 159 BIODEGRADABLE 0
45 150 225 150 225 280 45 280 BIODEGRADABLE 0
2 207 73 207 73 268 2 268 BIODEGRADABLE 0
9 251 91 251 91 301 9 301 BIODEGRADABLE 0
2 275 54.00000000000001 275 54.00000000000001 303 2 303 BIODEGRADABLE 0
3 299 99 299 99 349 3 349 BIODEGRADABLE 0
3 350 161 350 161 386 3 386 BIODEGRADABLE 0
163 331 257 331 257 395 163 395 BIODEGRADABLE 0
80 254.00000000000003 245 254.00000000000003 245 358 80 358 BIODEGRADABLE 0
224 190 382 190 382 296 224 296 BIODEGRADABLE 0
326 158 384 158 384 204 326 204 BIODEGRADABLE 0
376 185 416 185 416 254.00000000000003 376 254.00000000000003 BIODEGRADABLE 0
358 247 415 247 415 291 358 291 BIODEGRADABLE 0
238.99999999999997 285 367 285 367 354 238.99999999999997 354 BIODEGRADABLE 0
191 112 245 112 245 148 191 148 BIODEGRADABLE 0
210 82 270 82 270 119.99999999999999 210 119.99999999999999 BIODEGRADABLE 0