21 376 94 376 94 415 21 415 BIODEGRADABLE 0
2 336 34 336 34 389 2 389 BIODEGRADABLE 0
5 301 69 301 69 347 5 347 BIODEGRADABLE 0
5 274 59 274 59 304 5 304 BIODEGRADABLE 0
3 232 73 232 73 274 3 274 BIODEGRADABLE 0
3 200 41 200 41 236 3 236 BIODEGRADABLE 0
19 177 89 177 89 224 19 224 BIODEGRADABLE 0
3 155 25 155 25 205 3 205 BIODEGRADABLE 0
3 118 39 118 39 156 3 156 BIODEGRADABLE 0
3 68 71 68 71 115 3 115 BIODEGRADABLE 0
3 24 75 24 75 68 3 68 BIODEGRADABLE 0
59 123 127.00000000000001 123 127.00000000000001 173 59 173 BIODEGRADABLE 0
21 139 75 139 75 183 21 183 BIODEGRADABLE 0
37 91 94 91 94 132 37 132 BIODEGRADABLE 0
61 47 123 47 123 97 61 97 BIODEGRADABLE 0
55 1 146 1 146 47 55 47 BIODEGRADABLE 0
100 92 148 92 148 136 100 136 BIODEGRADABLE 0
134 14 198 14 198 50 134 50 BIODEGRADABLE 0
132 2 202 2 202 12 132 12 BIODEGRADABLE 0
62 210 119 210 119 251 62 251 BIODEGRADABLE 0
82 162 144 162 144 206 82 206 BIODEGRADABLE 0
118 133 182 133 182 167 118 167 BIODEGRADABLE 0
130 97 184 97 184 133 130 133 BIODEGRADABLE 0
123 50 205 50 205 96 123 96 BIODEGRADABLE 0
173 33 237 33 237 77 173 77 BIODEGRADABLE 0
191 6 252.99999999999997 6 252.99999999999997 41 191 41 BIODEGRADABLE 0
212 2 284 2 284 20 212 20 BIODEGRADABLE 0
223 86 293 86 293 136 223 136 BIODEGRADABLE 0
203 55 275 55 275 102 203 102 BIODEGRADABLE 0
238.99999999999997 25 296 25 296 73 238.99999999999997 73 BIODEGRADABLE 0
289 2 355 2 355 32 289 32 BIODEGRADABLE 0
294 44 362 44 362 78 294 78 BIODEGRADABLE 0
309 16 375 16 375 52 309 52 BIODEGRADABLE 0
368 16 415 16 415 58 368 58 BIODEGRADABLE 0
384 2 415 2 415 19 384 19 BIODEGRADABLE 0
363 51 415 51 415 110 363 110 BIODEGRADABLE 0
305 74 385 74 385 119.99999999999999 305 119.99999999999999 BIODEGRADABLE 0
294 104 353 104 353 144 294 144 BIODEGRADABLE 0
366 104 415 104 415 125.99999999999999 366 125.99999999999999 BIODEGRADABLE 0
357 124 411 124 411 154 357 154 BIODEGRADABLE 0
370 143 415 143 415 188 370 188 BIODEGRADABLE 0
368 167 398 167 398 194 368 194 BIODEGRADABLE 0
318 148 359 148 359 188 318 188 BIODEGRADABLE 0
264 129 312 129 312 176 264 176 BIODEGRADABLE 0
191 106 243 106 243 147 191 147 BIODEGRADABLE 0
207 147 266 147 266 194 207 194 BIODEGRADABLE 0
168 154 216.00000000000003 154 216.00000000000003 200 168 200 BIODEGRADABLE 0
128 183 180 183 180 225 128 225 BIODEGRADABLE 0
111 230 175 230 175 268 111 268 BIODEGRADABLE 0
173 204 232 204 232 245 173 245 BIODEGRADABLE 0
230 183 302 183 302 221 230 221 BIODEGRADABLE 0
277 182 339 182 339 200 277 200 BIODEGRADABLE 0
314 187 366 187 366 215.00000000000003 314 215.00000000000003 BIODEGRADABLE 0
337 201 405 201 405 241.00000000000003 337 241.00000000000003 BIODEGRADABLE 0
280 230 348 230 348 266 280 266 BIODEGRADABLE 0
264 209 316 209 316 243 264 243 BIODEGRADABLE 0
225 231 271 231 271 259 225 259 BIODEGRADABLE 0
198 257 257 257 257 310 198 310 BIODEGRADABLE 0
123 283 189 283 189 324 123 324 BIODEGRADABLE 0
121.00000000000001 252.99999999999997 180 252.99999999999997 180 280 121.00000000000001 280 BIODEGRADABLE 0
82 313 146 313 146 365 82 365 BIODEGRADABLE 0
55 295 105 295 105 333 55 333 BIODEGRADABLE 0
55 251 121.00000000000001 251 121.00000000000001 301 55 301 BIODEGRADABLE 0
34 339 118 339 118 395 34 395 BIODEGRADABLE 0
119 366 189 366 189 409 119 409 BIODEGRADABLE 0
84 390 153 390 153 415 84 415 BIODEGRADABLE 0
155 327 230 327 230 381 155 381 BIODEGRADABLE 0
191 304 237 304 237 328 191 328 BIODEGRADABLE 0
232 309 286 309 286 350 232 350 BIODEGRADABLE 0
251 256 323 256 323 310 251 310 BIODEGRADABLE 0
316 275 368 275 368 312 316 312 BIODEGRADABLE 0
334 241.00000000000003 398 241.00000000000003 398 283 334 283 BIODEGRADABLE 0
394 217 416 217 416 271 394 271 BIODEGRADABLE 0
395 184 415 184 415 221 395 221 BIODEGRADABLE 0
379 262 415 262 415 311 379 311 BIODEGRADABLE 0
353 294 407 294 407 342 353 342 BIODEGRADABLE 0
348 336 415 336 415 399 348 399 BIODEGRADABLE 0
318 402 391 402 391 415 318 415 BIODEGRADABLE 0
300 383 364 383 364 412 300 412 BIODEGRADABLE 0
294 357 344 357 344 398 294 398 BIODEGRADABLE 0
393 404 415 404 415 416 393 416 BIODEGRADABLE 0
218 348 314 348 314 412 218 412 BIODEGRADABLE 0
159 381 223 381 223 415 159 415 BIODEGRADABLE 0