291 26 334 26 334 50 291 50 BIODEGRADABLE 0
328 47 362 47 362 73 328 73 BIODEGRADABLE 0
305 58 346 58 346 86 305 86 BIODEGRADABLE 0
284 74 346 74 346 127.00000000000001 284 127.00000000000001 BIODEGRADABLE 0
300 103 341 103 341 131 300 131 BIODEGRADABLE 0
335 74 403 74 403 119.99999999999999 335 119.99999999999999 BIODEGRADABLE 0
357 65 398 65 398 95 357 95 BIODEGRADABLE 0
321 40 387 40 387 68 321 68 BIODEGRADABLE 0
384 68 414 68 414 104 384 104 BIODEGRADABLE 0
366 98 414 98 414 124 366 124 BIODEGRADABLE 0
312 119.99999999999999 414 119.99999999999999 414 154 312 154 BIODEGRADABLE 0
373 136 403 136 403 160 373 160 BIODEGRADABLE 0
360 135 414 135 414 212.99999999999997 360 212.99999999999997 BIODEGRADABLE 0
337 157 401 157 401 217 337 217 BIODEGRADABLE 0
303 162 357 162 357 208 303 208 BIODEGRADABLE 0
264 172 302 172 302 217 264 217 BIODEGRADABLE 0
252.99999999999997 172 278 172 278 204 252.99999999999997 204 BIODEGRADABLE 0
241.00000000000003 193 269 193 269 244 241.00000000000003 244 BIODEGRADABLE 0
226.99999999999997 231 257 231 257 291 226.99999999999997 291 BIODEGRADABLE 0
221 276 271 276 271 334 221 334 BIODEGRADABLE 0
262 302 332 302 332 347 262 347 BIODEGRADABLE 0
264 329 300 329 300 359 264 359 BIODEGRADABLE 0
291 301 414 301 414 371 291 371 BIODEGRADABLE 0
298 370 332 370 332 415 298 415 BIODEGRADABLE 0
332 368 407 368 407 415 332 415 BIODEGRADABLE 0
305 168 364 168 364 210 305 210 BIODEGRADABLE 0
289 206 351 206 351 264 289 264 BIODEGRADABLE 0
294 231 414 231 414 320 294 320 BIODEGRADABLE 0
232 92 282 92 282 152 232 152 BIODEGRADABLE 0
252.99999999999997 51 305 51 305 115 252.99999999999997 115 BIODEGRADABLE 0
241.00000000000003 125 295 125 295 185 241.00000000000003 185 BIODEGRADABLE 0
210 130 246 130 246 160 210 160 BIODEGRADABLE 0
187 189 212 189 212 212.99999999999997 187 212.99999999999997 BIODEGRADABLE 0
203 183 238.99999999999997 183 238.99999999999997 238.99999999999997 203 238.99999999999997 BIODEGRADABLE 0
209 216.00000000000003 226.99999999999997 216.00000000000003 226.99999999999997 296 209 296 BIODEGRADABLE 0
23 175 101 175 101 238.99999999999997 23 238.99999999999997 BIODEGRADABLE 0
14 229.00000000000003 142 229.00000000000003 142 359 14 359 BIODEGRADABLE 0
109 250 238.99999999999997 250 238.99999999999997 330 109 330 BIODEGRADABLE 0
71 199 157 199 157 281 71 281 BIODEGRADABLE 0
78 175 221 175 221 257 78 257 BIODEGRADABLE 0
118 161 143 161 143 193 118 193 BIODEGRADABLE 0
100 147 134 147 134 177 100 177 BIODEGRADABLE 0
66 157 84 157 84 191 66 191 BIODEGRADABLE 0
146 172 166 172 166 199 146 199 BIODEGRADABLE 0
0 71 66 71 66 116 0 116 BIODEGRADABLE 0
1 115 73 115 73 145 1 145 BIODEGRADABLE 0
0 138 71 138 71 180 0 180 BIODEGRADABLE 0
0 375 128 375 128 415 0 415 BIODEGRADABLE 0
0 324 106.99999999999999 324 106.99999999999999 386 0 386 BIODEGRADABLE 0
0 251.99999999999997 29.999999999999996 251.99999999999997 29.999999999999996 337 0 337 BIODEGRADABLE 0