117 48 247 48 247 132 117 132 BIODEGRADABLE 0
125 2 245 2 245 50 125 50 BIODEGRADABLE 0
3 17 65 17 65 59.99999999999999 3 59.99999999999999 BIODEGRADABLE 0
3 61 101 61 101 93 3 93 BIODEGRADABLE 0
321 27.000000000000004 387 27.000000000000004 387 57.00000000000001 321 57.00000000000001 BIODEGRADABLE 0
305 13 349 13 349 32 305 32 BIODEGRADABLE 0
332 57.00000000000001 414 57.00000000000001 414 85 332 85 BIODEGRADABLE 0
380 69 415 69 415 88 380 88 BIODEGRADABLE 0
356 98 400 98 400 132 356 132 BIODEGRADABLE 0
405 95 415 95 415 110 405 110 BIODEGRADABLE 0
356 138 413 138 413 164 356 164 BIODEGRADABLE 0
252.99999999999997 164 415 164 415 261 252.99999999999997 261 BIODEGRADABLE 0
313 254.00000000000003 375 254.00000000000003 375 272 313 272 BIODEGRADABLE 0
340 369 397 369 397 411 340 411 BIODEGRADABLE 0
337 287 415 287 415 367 337 367 BIODEGRADABLE 0
139 272 337 272 337 372 139 372 BIODEGRADABLE 0
133 301 261 301 261 347 133 347 BIODEGRADABLE 0
215.00000000000003 369 319 369 319 415 215.00000000000003 415 BIODEGRADABLE 0
3 359 118 359 118 415 3 415 BIODEGRADABLE 0
3 197 101 197 101 353 3 353 BIODEGRADABLE 0