112 93 410 93 410 382 112 382 BIODEGRADABLE 0
294 111 414 111 414 286 294 286 BIODEGRADABLE 0
73 215.00000000000003 105 215.00000000000003 105 299 73 299 BIODEGRADABLE 0
0 27.000000000000004 97 27.000000000000004 97 224 0 224 BIODEGRADABLE 0
36 408 103 408 103 415 36 415 BIODEGRADABLE 0
86 332 209 332 209 415 86 415 BIODEGRADABLE 0
199 356 366 356 366 415 199 415 BIODEGRADABLE 0
0 372 25 372 25 415 0 415 BIODEGRADABLE 0
34 2 414 2 414 144 34 144 PAPER 0
0 143 112 143 112 408 0 408 PAPER 0
105 193 137 193 137 315 105 315 PAPER 0
360 356 415 356 415 415 360 415 PAPER 0