62.99999999999999 273 141 273 141 381 62.99999999999999 381 BIODEGRADABLE 0
134 273 212.99999999999997 273 212.99999999999997 377 134 377 BIODEGRADABLE 0
217 250 296 250 296 346 217 346 BIODEGRADABLE 0
292 265 373 265 373 377 292 377 BIODEGRADABLE 0
66 131 142 131 142 233 66 233 BIODEGRADABLE 0
134 165 222 165 222 271 134 271 BIODEGRADABLE 0
218 179 289 179 289 256 218 256 BIODEGRADABLE 0
277 169 309 169 309 248 277 248 BIODEGRADABLE 0
296 158 377 158 377 266 296 266 BIODEGRADABLE 0
86 40 160 40 160 144 86 144 BIODEGRADABLE 0
156 61 228.00000000000003 61 228.00000000000003 163 156 163 BIODEGRADABLE 0
225 56 291 56 291 148 225 148 BIODEGRADABLE 0
288 23 367 23 367 119 288 119 BIODEGRADABLE 0