364 40 415 40 415 105 364 105 BIODEGRADABLE 0
397 102 415 102 415 157 397 157 BIODEGRADABLE 0
367 83 396 83 396 125 367 125 BIODEGRADABLE 0
355 110 396 110 396 162 355 162 BIODEGRADABLE 0
383 155 415 155 415 210 383 210 BIODEGRADABLE 0
365 184 389 184 389 234 365 234 BIODEGRADABLE 0
367 165 383 165 383 187 367 187 BIODEGRADABLE 0
363 222 400 222 400 297 363 297 BIODEGRADABLE 0
391 219 415 219 415 274 391 274 BIODEGRADABLE 0
356 269 385 269 385 349 356 349 BIODEGRADABLE 0
372 292 396 292 396 364 372 364 BIODEGRADABLE 0
399 269 415 269 415 389 399 389 BIODEGRADABLE 0
371 324 415 324 415 411 371 411 BIODEGRADABLE 0
352 324 362 324 362 376 352 376 BIODEGRADABLE 0
351 353 379 353 379 415 351 415 BIODEGRADABLE 0
381 378 416 378 416 415 381 415 BIODEGRADABLE 0
282 309 320 309 320 379 282 379 BIODEGRADABLE 0
314 287 356 287 356 352 314 352 BIODEGRADABLE 0
311 230 359 230 359 302 311 302 BIODEGRADABLE 0
261 247 312 247 312 321 261 321 BIODEGRADABLE 0
260 309 286 309 286 364 260 364 BIODEGRADABLE 0
295 366 330 366 330 415 295 415 BIODEGRADABLE 0
317 393 345 393 345 415 317 415 BIODEGRADABLE 0
268 361 297 361 297 406 268 406 BIODEGRADABLE 0
262 401 287 401 287 415 262 415 BIODEGRADABLE 0
287 403 315 403 315 415 287 415 BIODEGRADABLE 0
328 65 356 65 356 212 328 212 BIODEGRADABLE 0
295 73 331 73 331 190 295 190 BIODEGRADABLE 0
293 112 333 112 333 267 293 267 BIODEGRADABLE 0
260 175 333 175 333 287 260 287 BIODEGRADABLE 0
258 179 294 179 294 247 258 247 BIODEGRADABLE 0
258 117 302 117 302 213.99999999999997 258 213.99999999999997 BIODEGRADABLE 0
238.99999999999997 142 279 142 279 202 238.99999999999997 202 BIODEGRADABLE 0
222 115 290 115 290 197 222 197 BIODEGRADABLE 0
249 70 311 70 311 132 249 132 BIODEGRADABLE 0
243 72 279 72 279 127.00000000000001 243 127.00000000000001 BIODEGRADABLE 0
1 346 37 346 37 394 1 394 BIODEGRADABLE 0
1 333 18 333 18 354 1 354 BIODEGRADABLE 0
18 329 32 329 32 357 18 357 BIODEGRADABLE 0
33 334 46 334 46 356 33 356 BIODEGRADABLE 0
33 311 51 311 51 339 33 339 BIODEGRADABLE 0
11 282 40 282 40 332 11 332 BIODEGRADABLE 0
36 284 50 284 50 314 36 314 BIODEGRADABLE 0
24 262 44 262 44 292 24 292 BIODEGRADABLE 0
0 255.00000000000003 25 255.00000000000003 25 297 0 297 BIODEGRADABLE 0
1 288 11 288 11 324 1 324 BIODEGRADABLE 0
1 212 17 212 17 254.00000000000003 1 254.00000000000003 BIODEGRADABLE 0
12 190 37 190 37 242.00000000000003 12 242.00000000000003 BIODEGRADABLE 0
1 159 18 159 18 215.00000000000003 1 215.00000000000003 BIODEGRADABLE 0
1 119 26 119 26 170 1 170 BIODEGRADABLE 0
19 78 67 78 67 152 19 152 BIODEGRADABLE 0
41 23 78 23 78 97 41 97 BIODEGRADABLE 0
67 112 95 112 95 175 67 175 BIODEGRADABLE 0
41 147 69 147 69 175 41 175 BIODEGRADABLE 0
66 95 82 95 82 117 66 117 BIODEGRADABLE 0
7 29.999999999999996 43 29.999999999999996 43 95 7 95 BIODEGRADABLE 0
74 25 121.00000000000001 25 121.00000000000001 115 74 115 BIODEGRADABLE 0
94 3 149 3 149 83 94 83 BIODEGRADABLE 0
130 72 180 72 180 172 130 172 BIODEGRADABLE 0
99 105 139 105 139 189 99 189 BIODEGRADABLE 0
77 182 106 182 106 222 77 222 BIODEGRADABLE 0
48 180 77 180 77 230 48 230 BIODEGRADABLE 0
32 185 50 185 50 220 32 220 BIODEGRADABLE 0
37 222 62 222 62 259 37 259 BIODEGRADABLE 0
61 217 101 217 101 275 61 275 BIODEGRADABLE 0
94 242.00000000000003 112.99999999999999 242.00000000000003 112.99999999999999 287 94 287 BIODEGRADABLE 0
99 225 110 225 110 247 99 247 BIODEGRADABLE 0
73 269 101 269 101 307 73 307 BIODEGRADABLE 0
48 264 73 264 73 302 48 302 BIODEGRADABLE 0
95 307 119 307 119 352 95 352 BIODEGRADABLE 0
101 349 127.00000000000001 349 127.00000000000001 401 101 401 BIODEGRADABLE 0
74 344 103 344 103 402 74 402 BIODEGRADABLE 0
74 304 96 304 96 346 74 346 BIODEGRADABLE 0
50 312 80 312 80 372 50 372 BIODEGRADABLE 0
93 403 115 403 115 415 93 415 BIODEGRADABLE 0
115 403 140 403 140 415 115 415 BIODEGRADABLE 0
125.99999999999999 351 170 351 170 415 125.99999999999999 415 BIODEGRADABLE 0
151 312 195 312 195 394 151 394 BIODEGRADABLE 0
115 309 150 309 150 359 115 359 BIODEGRADABLE 0
132 254.00000000000003 180 254.00000000000003 180 312 132 312 BIODEGRADABLE 0
142 185 183 185 183 302 142 302 BIODEGRADABLE 0
114.00000000000001 180 146 180 146 262 114.00000000000001 262 BIODEGRADABLE 0
111 237 144 237 144 305 111 305 BIODEGRADABLE 0
234 3 246 3 246 45 234 45 BIODEGRADABLE 0
221 3 232 3 232 43 221 43 BIODEGRADABLE 0
230 2 238 2 238 20 230 20 BIODEGRADABLE 0
212 3 228.00000000000003 3 228.00000000000003 65 212 65 BIODEGRADABLE 0
205 18 215.00000000000003 18 215.00000000000003 48 205 48 BIODEGRADABLE 0
198 3 213.99999999999997 3 213.99999999999997 35 198 35 BIODEGRADABLE 0
188 8 199 8 199 23 188 23 BIODEGRADABLE 0
175 10 194 10 194 55 175 55 BIODEGRADABLE 0
169 33 180 33 180 93 169 93 BIODEGRADABLE 0
177 45 212.99999999999997 45 212.99999999999997 70 177 70 BIODEGRADABLE 0
184 29.999999999999996 196 29.999999999999996 196 50 184 50 BIODEGRADABLE 0
177 48 212.99999999999997 48 212.99999999999997 70 177 70 BIODEGRADABLE 0
179 57.00000000000001 216.00000000000003 57.00000000000001 216.00000000000003 95 179 95 BIODEGRADABLE 0
192 62 229.00000000000003 62 229.00000000000003 90 192 90 BIODEGRADABLE 0
203 75 229.00000000000003 75 229.00000000000003 100 203 100 BIODEGRADABLE 0
153 77 193 77 193 102 153 102 BIODEGRADABLE 0
188 102 221 102 221 122 188 122 BIODEGRADABLE 0
204 98 228.00000000000003 98 228.00000000000003 110 204 110 BIODEGRADABLE 0
230 48 241.00000000000003 48 241.00000000000003 152 230 152 BIODEGRADABLE 0
241.00000000000003 10 251.99999999999997 10 251.99999999999997 142 241.00000000000003 142 BIODEGRADABLE 0
197 119.99999999999999 226.99999999999997 119.99999999999999 226.99999999999997 172 197 172 BIODEGRADABLE 0
187 119.99999999999999 212.99999999999997 119.99999999999999 212.99999999999997 175 187 175 BIODEGRADABLE 0
175 103 193 103 193 165 175 165 BIODEGRADABLE 0
179 162 191 162 191 187 179 187 BIODEGRADABLE 0
175 135 201 135 201 177 175 177 BIODEGRADABLE 0
176 179 209 179 209 207 176 207 BIODEGRADABLE 0
161 182 199 182 199 210 161 210 BIODEGRADABLE 0
159 194 209 194 209 232 159 232 BIODEGRADABLE 0
210 172 221 172 221 244 210 244 BIODEGRADABLE 0
188 207 232 207 232 226.99999999999997 188 226.99999999999997 BIODEGRADABLE 0
237 194 249 194 249 244 237 244 BIODEGRADABLE 0
225.99999999999997 234 246 234 246 251.99999999999997 225.99999999999997 251.99999999999997 BIODEGRADABLE 0
185 229.00000000000003 209 229.00000000000003 209 287 185 287 BIODEGRADABLE 0
170 232 198 232 198 280 170 280 BIODEGRADABLE 0
196 229.00000000000003 224 229.00000000000003 224 289 196 289 BIODEGRADABLE 0
203 257 225 257 225 287 203 287 BIODEGRADABLE 0
194 232 202 232 202 292 194 292 BIODEGRADABLE 0
235 251.99999999999997 242.00000000000003 251.99999999999997 242.00000000000003 294 235 294 BIODEGRADABLE 0
225 259 239.99999999999997 259 239.99999999999997 294 225 294 BIODEGRADABLE 0
236 294 247 294 247 362 236 362 BIODEGRADABLE 0
226.99999999999997 292 237 292 237 369 226.99999999999997 369 BIODEGRADABLE 0
213.99999999999997 297 224 297 224 349 213.99999999999997 349 BIODEGRADABLE 0
206 289 216.00000000000003 289 216.00000000000003 354 206 354 BIODEGRADABLE 0
192 294 205 294 205 391 192 391 BIODEGRADABLE 0
183 327 223 327 223 339 183 339 BIODEGRADABLE 0
200 353 216.00000000000003 353 216.00000000000003 415 200 415 BIODEGRADABLE 0
203 353 216.00000000000003 353 216.00000000000003 415 203 415 BIODEGRADABLE 0
213.99999999999997 363 232 363 232 415 213.99999999999997 415 BIODEGRADABLE 0
226.99999999999997 391 241.00000000000003 391 241.00000000000003 411 226.99999999999997 411 BIODEGRADABLE 0
241.00000000000003 377 251.99999999999997 377 251.99999999999997 409 241.00000000000003 409 BIODEGRADABLE 0
226.99999999999997 359 238 359 238 387 226.99999999999997 387 BIODEGRADABLE 0
232 359 246 359 246 389 232 389 BIODEGRADABLE 0
210 362 225 362 225 394 210 394 BIODEGRADABLE 0