135 29.999999999999996 274 29.999999999999996 274 288 135 288 BIODEGRADABLE 0
367 270 415 270 415 405 367 405 BIODEGRADABLE 0
1 28 87 28 87 260 1 260 BIODEGRADABLE 0
252.99999999999997 234 322 234 322 330 252.99999999999997 330 BIODEGRADABLE 0
232 288 322 288 322 414 232 414 BIODEGRADABLE 0
168 378 232 378 232 416 168 416 BIODEGRADABLE 0
0 131 131 131 131 415 0 415 BIODEGRADABLE 0
71 354 175 354 175 415 71 415 BIODEGRADABLE 0
109 176 252.99999999999997 176 252.99999999999997 397 109 397 BIODEGRADABLE 0
344 2 414 2 414 165 344 165 BIODEGRADABLE 0
251 33 322 33 322 187 251 187 BIODEGRADABLE 0