394 68 415 68 415 177 394 177 BIODEGRADABLE 0
335 3 415 3 415 94 335 94 BIODEGRADABLE 0
288 3 336 3 336 19 288 19 BIODEGRADABLE 0
324 94 404 94 404 219 324 219 BIODEGRADABLE 0
273 18 349 18 349 146 273 146 BIODEGRADABLE 0
210 3 286 3 286 83 210 83 BIODEGRADABLE 0
375 188 415 188 415 328 375 328 BIODEGRADABLE 0
334 301 416 301 416 415 334 415 BIODEGRADABLE 0
290 201 375 201 375 341 290 341 BIODEGRADABLE 0
233 119.99999999999999 321 119.99999999999999 321 250 233 250 BIODEGRADABLE 0
180 65 252.99999999999997 65 252.99999999999997 193 180 193 BIODEGRADABLE 0
153 3 210 3 210 71 153 71 BIODEGRADABLE 0
106 3 156 3 156 68 106 68 BIODEGRADABLE 0
54.00000000000001 3 111 3 111 86 54.00000000000001 86 BIODEGRADABLE 0
16 3 52 3 52 31 16 31 BIODEGRADABLE 0
11 34 71 34 71 138 11 138 BIODEGRADABLE 0
1 3 35 3 35 89 1 89 BIODEGRADABLE 0
0 93 29.999999999999996 93 29.999999999999996 201 0 201 BIODEGRADABLE 0
23 138 87 138 87 255.00000000000003 23 255.00000000000003 BIODEGRADABLE 0
68 83 127.00000000000001 83 127.00000000000001 195 68 195 BIODEGRADABLE 0
122 55 181 55 181 175 122 175 BIODEGRADABLE 0
0 203 40 203 40 305 0 305 BIODEGRADABLE 0
0 296 18 296 18 364 0 364 BIODEGRADABLE 0
0 356 46 356 46 415 0 415 BIODEGRADABLE 0
23 268 87 268 87 377 23 377 BIODEGRADABLE 0
66 208 134 208 134 320 66 320 BIODEGRADABLE 0
109 177 182 177 182 283 109 283 BIODEGRADABLE 0
174 195 239.99999999999997 195 239.99999999999997 309 174 309 BIODEGRADABLE 0
225.99999999999997 252.99999999999997 300 252.99999999999997 300 385 225.99999999999997 385 BIODEGRADABLE 0
273 356 344 356 344 415 273 415 BIODEGRADABLE 0
183 346 266 346 266 415 183 415 BIODEGRADABLE 0
140 281 210 281 210 395 140 395 BIODEGRADABLE 0
83 314 156 314 156 415 83 415 BIODEGRADABLE 0
43 366 100 366 100 415 43 415 BIODEGRADABLE 0
137 395 186 395 186 415 137 415 BIODEGRADABLE 0