377 164 394 164 394 193 377 193 BIODEGRADABLE 0
351 182 379 182 379 200 351 200 BIODEGRADABLE 0
371 197 391 197 391 219 371 219 BIODEGRADABLE 0
348 204 376 204 376 228.00000000000003 348 228.00000000000003 BIODEGRADABLE 0
391 35 415 35 415 149 391 149 BIODEGRADABLE 0
325 1 412 1 412 71 325 71 BIODEGRADABLE 0
283 36 359 36 359 160 283 160 BIODEGRADABLE 0
236 38 286 38 286 118 236 118 BIODEGRADABLE 0
202 42 244 42 244 292 202 292 BIODEGRADABLE 0
190 106.99999999999999 201 106.99999999999999 201 140 190 140 BIODEGRADABLE 0
82 11 151 11 151 206 82 206 BIODEGRADABLE 0
50 78 84 78 84 160 50 160 BIODEGRADABLE 0
1 31 42 31 42 137 1 137 BIODEGRADABLE 0
48 27.000000000000004 65 27.000000000000004 65 56 48 56 BIODEGRADABLE 0
65 18 106 18 106 85 65 85 BIODEGRADABLE 0
50 0 106 0 106 18 50 18 BIODEGRADABLE 0
110 1 159 1 159 22 110 22 BIODEGRADABLE 0
158 1 207 1 207 29 158 29 BIODEGRADABLE 0
156 34 204 34 204 109 156 109 BIODEGRADABLE 0
209 1 257 1 257 53 209 53 BIODEGRADABLE 0
264 1 315 1 315 49 264 49 BIODEGRADABLE 0
368 139 380 139 380 155 368 155 BIODEGRADABLE 0
351 149 368 149 368 160 351 160 BIODEGRADABLE 0
346 157 357 157 357 173 346 173 BIODEGRADABLE 0
342 177 353 177 353 195 342 195 BIODEGRADABLE 0
342 193 350 193 350 204 342 204 BIODEGRADABLE 0
351 197 361 197 361 206 351 206 BIODEGRADABLE 0
357 164 367 164 367 180 357 180 BIODEGRADABLE 0
367 171 378 171 378 182 367 182 BIODEGRADABLE 0
371 157 381 157 381 168 371 168 BIODEGRADABLE 0
382 159 392 159 392 168 382 168 BIODEGRADABLE 0
385 153 397 153 397 164 385 164 BIODEGRADABLE 0
390 195 394 195 394 201 390 201 BIODEGRADABLE 0
267 153 292 153 292 191 267 191 BIODEGRADABLE 0
285 133 289 133 289 137 285 137 BIODEGRADABLE 0
264 128 276 128 276 157 264 157 BIODEGRADABLE 0
247 173 251 173 251 182 247 182 BIODEGRADABLE 0
199 190 202 190 202 199 199 199 BIODEGRADABLE 0
171 186 188 186 188 200 171 200 BIODEGRADABLE 0
167 144 185 144 185 160 167 160 BIODEGRADABLE 0
158 158 166 158 166 164 158 164 BIODEGRADABLE 0
169 160 177 160 177 166 169 166 BIODEGRADABLE 0
143 167 149 167 149 173 143 173 BIODEGRADABLE 0