251.99999999999997 27.000000000000004 300 27.000000000000004 300 42 251.99999999999997 42 BIODEGRADABLE 0
183 29 263 29 263 50 183 50 BIODEGRADABLE 0
44 27.000000000000004 172 27.000000000000004 172 59 44 59 BIODEGRADABLE 0
146 49 234 49 234 71 146 71 BIODEGRADABLE 0
223 43 311 43 311 65 223 65 BIODEGRADABLE 0
216.00000000000003 61 307 61 307 85 216.00000000000003 85 BIODEGRADABLE 0
117 70 212 70 212 92 117 92 BIODEGRADABLE 0
51 59.99999999999999 153 59.99999999999999 153 84 51 84 BIODEGRADABLE 0
186 83 288 83 288 106.99999999999999 186 106.99999999999999 BIODEGRADABLE 0
88 98 179 98 179 119.99999999999999 88 119.99999999999999 BIODEGRADABLE 0
51 84 164 84 164 108.00000000000001 51 108.00000000000001 BIODEGRADABLE 0
175 111 259 111 259 130 175 130 BIODEGRADABLE 0
245 124 318 124 318 146 245 146 BIODEGRADABLE 0
69 122 179 122 179 150 69 150 BIODEGRADABLE 0
238 145 314 145 314 169 238 169 BIODEGRADABLE 0
80 147 175 147 175 173 80 173 BIODEGRADABLE 0
121.00000000000001 162 226.99999999999997 162 226.99999999999997 184 121.00000000000001 184 BIODEGRADABLE 0
263 167 343 167 343 186 263 186 BIODEGRADABLE 0
212 177 288 177 288 198 212 198 BIODEGRADABLE 0
271 189 369 189 369 220 271 220 BIODEGRADABLE 0
186 205 274 205 274 231 186 231 BIODEGRADABLE 0
95 188 197 188 197 213.99999999999997 95 213.99999999999997 BIODEGRADABLE 0
110 180 183 180 183 192 110 192 BIODEGRADABLE 0
183 206 267 206 267 230 183 230 BIODEGRADABLE 0
256 224 362 224 362 246 256 246 BIODEGRADABLE 0
296 217 340 217 340 229.00000000000003 296 229.00000000000003 BIODEGRADABLE 0
288 241.00000000000003 372 241.00000000000003 372 265 288 265 BIODEGRADABLE 0
241.00000000000003 254.00000000000003 325 254.00000000000003 325 280 241.00000000000003 280 BIODEGRADABLE 0
128 234 234 234 234 262 128 262 BIODEGRADABLE 0
77 217 183 217 183 243 77 243 BIODEGRADABLE 0
99 252.99999999999997 190 252.99999999999997 190 271 99 271 BIODEGRADABLE 0
88 266 223 266 223 295 88 295 BIODEGRADABLE 0
212 287 296 287 296 313 212 313 BIODEGRADABLE 0
292 273 387 273 387 298 292 298 BIODEGRADABLE 0
303 299 365 299 365 310 303 310 BIODEGRADABLE 0
274 306 376 306 376 333 274 333 BIODEGRADABLE 0
307 327 402 327 402 349 307 349 BIODEGRADABLE 0
256 340 347 340 347 368 256 368 BIODEGRADABLE 0
318 360 402 360 402 382 318 382 BIODEGRADABLE 0
230 375 321 375 321 402 230 402 BIODEGRADABLE 0
102 383 212 383 212 408 102 408 BIODEGRADABLE 0
110 350 226.99999999999997 350 226.99999999999997 383 110 383 BIODEGRADABLE 0
106 332 194 332 194 352 106 352 BIODEGRADABLE 0
150 319 256 319 256 345 150 345 BIODEGRADABLE 0
92 300 205 300 205 327 92 327 BIODEGRADABLE 0
40 18 405 18 405 408 40 408 BIODEGRADABLE 0