3 402 35 402 35 415 3 415 BIODEGRADABLE 0
33 372 74 372 74 414 33 414 BIODEGRADABLE 0
26 336 91 336 91 382 26 382 BIODEGRADABLE 0
3 361 33 361 33 399 3 399 BIODEGRADABLE 0
7 323 41 323 41 364 7 364 BIODEGRADABLE 0
33 305 91 305 91 337 33 337 BIODEGRADABLE 0
22 277 62.99999999999999 277 62.99999999999999 309 22 309 BIODEGRADABLE 0
2 290 26 290 26 328 2 328 BIODEGRADABLE 0
2 272 20 272 20 296 2 296 BIODEGRADABLE 0
2 236 28 236 28 272 2 272 BIODEGRADABLE 0
98 399 132 399 132 415 98 415 BIODEGRADABLE 0
132 405 169 405 169 415 132 415 BIODEGRADABLE 0
176 407 204 407 204 415 176 415 BIODEGRADABLE 0
197 337 247 337 247 378 197 378 BIODEGRADABLE 0
225.99999999999997 359 278 359 278 415 225.99999999999997 415 BIODEGRADABLE 0
269 388 332 388 332 415 269 415 BIODEGRADABLE 0
269 324 341 324 341 386 269 386 BIODEGRADABLE 0
312 349 384 349 384 413 312 413 BIODEGRADABLE 0
225 291 295 291 295 351 225 351 BIODEGRADABLE 0
261 258 321 258 321 304 261 304 BIODEGRADABLE 0
314 258 360 258 360 302 314 302 BIODEGRADABLE 0
299 299 371 299 371 350 299 350 BIODEGRADABLE 0
370 313 414 313 414 375 370 375 BIODEGRADABLE 0
119.99999999999999 263 180 263 180 320 119.99999999999999 320 BIODEGRADABLE 0
176 265 228.00000000000003 265 228.00000000000003 309 176 309 BIODEGRADABLE 0
195 238.99999999999997 236 238.99999999999997 236 272 195 272 BIODEGRADABLE 0
213.99999999999997 211 260 211 260 249 213.99999999999997 249 BIODEGRADABLE 0
234 187 271 187 271 220 234 220 BIODEGRADABLE 0
197 171 249 171 249 212 197 212 BIODEGRADABLE 0
212.99999999999997 211 221 211 221 226.99999999999997 212.99999999999997 226.99999999999997 BIODEGRADABLE 0
169 206 215.00000000000003 206 215.00000000000003 238.99999999999997 169 238.99999999999997 BIODEGRADABLE 0
178 237 212 237 212 263 178 263 BIODEGRADABLE 0
146 245 187 245 187 275 146 275 BIODEGRADABLE 0
115 211 175 211 175 260 115 260 BIODEGRADABLE 0
91 242.00000000000003 135 242.00000000000003 135 275 91 275 BIODEGRADABLE 0
61 204 121.00000000000001 204 121.00000000000001 256 61 256 BIODEGRADABLE 0
72 190 125.99999999999999 190 125.99999999999999 223 72 223 BIODEGRADABLE 0
19 173 65 173 65 217 19 217 BIODEGRADABLE 0
29.999999999999996 160 78 160 78 224 29.999999999999996 224 BIODEGRADABLE 0
62.99999999999999 138 125.99999999999999 138 125.99999999999999 190 62.99999999999999 190 BIODEGRADABLE 0
130 171 180 171 180 211 130 211 BIODEGRADABLE 0
167 182 197 182 197 225.99999999999997 167 225.99999999999997 BIODEGRADABLE 0
154 138 210 138 210 180 154 180 BIODEGRADABLE 0
204 141 241.00000000000003 141 241.00000000000003 173 204 173 BIODEGRADABLE 0
156 97 208 97 208 139 156 139 BIODEGRADABLE 0
106 98 154 98 154 133 106 133 BIODEGRADABLE 0
104 133 154 133 154 174 104 174 BIODEGRADABLE 0
85 125 111 125 111 151 85 151 BIODEGRADABLE 0
133 92 163 92 163 118 133 118 BIODEGRADABLE 0
3 95 59 95 59 151 3 151 BIODEGRADABLE 0
33 59 111 59 111 111 33 111 BIODEGRADABLE 0
59 32 119 32 119 73 59 73 BIODEGRADABLE 0
17 21 62.99999999999999 21 62.99999999999999 78 17 78 BIODEGRADABLE 0
2 26 29.999999999999996 26 29.999999999999996 97 2 97 BIODEGRADABLE 0
1 1 83 1 83 26 1 26 BIODEGRADABLE 0
154 16 193 16 193 48 154 48 BIODEGRADABLE 0
143 29.999999999999996 161 29.999999999999996 161 48 143 48 BIODEGRADABLE 0
125 1 174 1 174 29.999999999999996 125 29.999999999999996 BIODEGRADABLE 0
114.00000000000001 1 137 1 137 8 114.00000000000001 8 BIODEGRADABLE 0
171 1 211 1 211 27.000000000000004 171 27.000000000000004 BIODEGRADABLE 0
180 64 234 64 234 105 180 105 BIODEGRADABLE 0
219 97 258 97 258 133 219 133 BIODEGRADABLE 0
245 122 286 122 286 168 245 168 BIODEGRADABLE 0
280 138 317 138 317 196 280 196 BIODEGRADABLE 0
289 124 349 124 349 174 289 174 BIODEGRADABLE 0
344 133 362 133 362 153 344 153 BIODEGRADABLE 0
334 87 375 87 375 136 334 136 BIODEGRADABLE 0
297 92 334 92 334 130 297 130 BIODEGRADABLE 0
260 100 299 100 299 136 260 136 BIODEGRADABLE 0
234 59 301 59 301 101 234 101 BIODEGRADABLE 0
276 21 336 21 336 70 276 70 BIODEGRADABLE 0
200 38 251.99999999999997 38 251.99999999999997 87 200 87 BIODEGRADABLE 0
223 18 275 18 275 62 223 62 BIODEGRADABLE 0
247 7 286 7 286 29 247 29 BIODEGRADABLE 0
325 213.99999999999997 355 213.99999999999997 355 251.99999999999997 325 251.99999999999997 BIODEGRADABLE 0
364 249 410 249 410 291 364 291 BIODEGRADABLE 0
396 291 415 291 415 327 396 327 BIODEGRADABLE 0
403 259 415 259 415 296 403 296 BIODEGRADABLE 0
383 241.00000000000003 415 241.00000000000003 415 263 383 263 BIODEGRADABLE 0
358 212 395 212 395 250 358 250 BIODEGRADABLE 0
392 216.00000000000003 415 216.00000000000003 415 246 392 246 BIODEGRADABLE 0
396 185 415 185 415 218 396 218 BIODEGRADABLE 0
356 179 395 179 395 213.99999999999997 356 213.99999999999997 BIODEGRADABLE 0
343 196 369 196 369 220 343 220 BIODEGRADABLE 0
371 160 395 160 395 180 371 180 BIODEGRADABLE 0
392 162 415 162 415 190 392 190 BIODEGRADABLE 0
390 139 415 139 415 163 390 163 BIODEGRADABLE 0
388 59 412 59 412 91 388 91 BIODEGRADABLE 0
388 20 415 20 415 62 388 62 BIODEGRADABLE 0
364 36 396 36 396 76 364 76 BIODEGRADABLE 0
349 13 367 13 367 40 349 40 BIODEGRADABLE 0
366 8 403 8 403 34 366 34 BIODEGRADABLE 0
398 1 415 1 415 21 398 21 BIODEGRADABLE 0
355 1 397 1 397 14 355 14 BIODEGRADABLE 0
327 1 353 1 353 21 327 21 BIODEGRADABLE 0