161 316 231 316 231 414 161 414 BIODEGRADABLE 0
223 327 275 327 275 413 223 413 BIODEGRADABLE 0
230 255.00000000000003 292 255.00000000000003 292 413 230 413 BIODEGRADABLE 0
310 347 362 347 362 413 310 413 BIODEGRADABLE 0
367 8 415 8 415 104 367 104 BIODEGRADABLE 0
376 0 415 0 415 53 376 53 BIODEGRADABLE 0
377 72 415 72 415 134 377 134 BIODEGRADABLE 0
285 98 364 98 364 141 285 141 BIODEGRADABLE 0
297 0 360 0 360 104 297 104 BIODEGRADABLE 0
256 0 296 0 296 83 256 83 BIODEGRADABLE 0
217 0 260 0 260 78 217 78 BIODEGRADABLE 0
187 287 200 287 200 313 187 313 BIODEGRADABLE 0
189 210 197 210 197 236 189 236 BIODEGRADABLE 0
158 164 170 164 170 192 158 192 BIODEGRADABLE 0
197 158 209 158 209 196 197 196 BIODEGRADABLE 0
203 106 213.99999999999997 106 213.99999999999997 125.99999999999999 203 125.99999999999999 BIODEGRADABLE 0
213.99999999999997 100 226.99999999999997 100 226.99999999999997 132 213.99999999999997 132 BIODEGRADABLE 0
224 121.00000000000001 237 121.00000000000001 237 153 224 153 BIODEGRADABLE 0
218 146 229.00000000000003 146 229.00000000000003 172 218 172 BIODEGRADABLE 0
221 178 231 178 231 206 221 206 BIODEGRADABLE 0
222 235 233 235 233 261 222 261 BIODEGRADABLE 0
229.00000000000003 252.99999999999997 237 252.99999999999997 237 279 229.00000000000003 279 BIODEGRADABLE 0
233 212.99999999999997 244 212.99999999999997 244 233 233 233 BIODEGRADABLE 0
231 187 242.00000000000003 187 242.00000000000003 215.00000000000003 231 215.00000000000003 BIODEGRADABLE 0
228.00000000000003 158 242.00000000000003 158 242.00000000000003 186 228.00000000000003 186 BIODEGRADABLE 0
237 130 247 130 247 158 237 158 BIODEGRADABLE 0
232 104 242.00000000000003 104 242.00000000000003 124 232 124 BIODEGRADABLE 0
243 100 254.00000000000003 100 254.00000000000003 138 243 138 BIODEGRADABLE 0
306 172 318 172 318 212 306 212 BIODEGRADABLE 0
296 204 306 204 306 230 296 230 BIODEGRADABLE 0
287 215.00000000000003 295 215.00000000000003 295 235 287 235 BIODEGRADABLE 0
285 236 293 236 293 252.99999999999997 285 252.99999999999997 BIODEGRADABLE 0
273 218 286 218 286 241.00000000000003 273 241.00000000000003 BIODEGRADABLE 0
273 241.00000000000003 284 241.00000000000003 284 267 273 267 BIODEGRADABLE 0
263 238 271 238 271 258 263 258 BIODEGRADABLE 0
256 226.99999999999997 267 226.99999999999997 267 247 256 247 BIODEGRADABLE 0
238 221 256 221 256 264 238 264 BIODEGRADABLE 0
262 204 275 204 275 236 262 236 BIODEGRADABLE 0
255.00000000000003 204 267 204 267 224 255.00000000000003 224 BIODEGRADABLE 0
251.99999999999997 178 264 178 264 206 251.99999999999997 206 BIODEGRADABLE 0
242.00000000000003 178 251.99999999999997 178 251.99999999999997 212 242.00000000000003 212 BIODEGRADABLE 0
250 155 261 155 261 175 250 175 BIODEGRADABLE 0
249 141 257 141 257 158 249 158 BIODEGRADABLE 0
256 135 266 135 266 161 256 161 BIODEGRADABLE 0
256 104 264 104 264 132 256 132 BIODEGRADABLE 0
254.00000000000003 72 262 72 262 100 254.00000000000003 100 BIODEGRADABLE 0
250 55 258 55 258 78 250 78 BIODEGRADABLE 0
263 83 274 83 274 103 263 103 BIODEGRADABLE 0
274 72 284 72 284 95 274 95 BIODEGRADABLE 0
285 58 296 58 296 84 285 84 BIODEGRADABLE 0
273 92 284 92 284 118 273 118 BIODEGRADABLE 0
266 104 273 104 273 118 266 118 BIODEGRADABLE 0
263 118 274 118 274 146 263 146 BIODEGRADABLE 0
273 121.00000000000001 283 121.00000000000001 283 144 273 144 BIODEGRADABLE 0
269 158 281 158 281 192 269 192 BIODEGRADABLE 0
261 143 273 143 273 181 261 181 BIODEGRADABLE 0
264 181 276 181 276 207 264 207 BIODEGRADABLE 0
275 173 288 173 288 201 275 201 BIODEGRADABLE 0
276 135 289 135 289 167 276 167 BIODEGRADABLE 0
288 146 299 146 299 178 288 178 BIODEGRADABLE 0
293 125.99999999999999 304 125.99999999999999 304 149 293 149 BIODEGRADABLE 0
287 178 297 178 297 195 287 195 BIODEGRADABLE 0
293 190 300 190 300 210 293 210 BIODEGRADABLE 0
279 190 293 190 293 212.99999999999997 279 212.99999999999997 BIODEGRADABLE 0
379 264 415 264 415 371 379 371 BIODEGRADABLE 0
309 284 397 284 397 373 309 373 BIODEGRADABLE 0
368 319 390 319 390 388 368 388 BIODEGRADABLE 0
298 276 389 276 389 342 298 342 BIODEGRADABLE 0
323 305 399 305 399 339 323 339 BIODEGRADABLE 0
303 301 379 301 379 327 303 327 BIODEGRADABLE 0
337 281 385 281 385 307 337 307 BIODEGRADABLE 0
298 267 342 267 342 293 298 293 BIODEGRADABLE 0
371 235 415 235 415 281 371 281 BIODEGRADABLE 0
349 261 410 261 410 301 349 301 BIODEGRADABLE 0
366 201 410 201 410 275 366 275 BIODEGRADABLE 0
356 166 415 166 415 233 356 233 BIODEGRADABLE 0
355 134 415 134 415 259 355 259 BIODEGRADABLE 0
330 219 392 219 392 247 330 247 BIODEGRADABLE 0
318 172 355 172 355 212 318 212 BIODEGRADABLE 0
308 152 348 152 348 224 308 224 BIODEGRADABLE 0
328 166 354 166 354 224 328 224 BIODEGRADABLE 0
293 224 333 224 333 247 293 247 BIODEGRADABLE 0
294 247 328 247 328 264 294 264 BIODEGRADABLE 0