44 95 137 95 137 241.00000000000003 44 241.00000000000003 BIODEGRADABLE 0
2 36 76 36 76 164 2 164 BIODEGRADABLE 0
2 264 55 264 55 402 2 402 BIODEGRADABLE 0
14.999999999999998 364 77 364 77 414 14.999999999999998 414 BIODEGRADABLE 0
54.00000000000001 298 165 298 165 414 54.00000000000001 414 BIODEGRADABLE 0
138 237 229.00000000000003 237 229.00000000000003 375 138 375 BIODEGRADABLE 0
88 213.99999999999997 159 213.99999999999997 159 298 88 298 BIODEGRADABLE 0
141 93 238 93 238 234 141 234 BIODEGRADABLE 0
80 59 159 59 159 139 80 139 BIODEGRADABLE 0
169 1 264 1 264 100 169 100 BIODEGRADABLE 0
65 1 178 1 178 62 65 62 BIODEGRADABLE 0
238.99999999999997 48 332 48 332 176 238.99999999999997 176 BIODEGRADABLE 0
228.00000000000003 171 274 171 274 235 228.00000000000003 235 BIODEGRADABLE 0
241.00000000000003 193 344 193 344 330 241.00000000000003 330 BIODEGRADABLE 0
225.99999999999997 330 301 330 301 414 225.99999999999997 414 BIODEGRADABLE 0
298 326 366 326 366 414 298 414 BIODEGRADABLE 0
339 266 415 266 415 374 339 374 BIODEGRADABLE 0
348 382 415 382 415 415 348 415 BIODEGRADABLE 0
350 123 416 123 416 260 350 260 BIODEGRADABLE 0
295 139 369 139 369 207 295 207 BIODEGRADABLE 0
333 44 405 44 405 137 333 137 BIODEGRADABLE 0
260 1 345 1 345 53 260 53 BIODEGRADABLE 0
329 21 401 21 401 59 329 59 BIODEGRADABLE 0
404 59 415 59 415 117 404 117 BIODEGRADABLE 0
20 171 72 171 72 264 20 264 BIODEGRADABLE 0