336 373 414 373 414 414 336 414 BIODEGRADABLE 0
371 352 411 352 411 398 371 398 BIODEGRADABLE 0
379 293 415 293 415 371 379 371 BIODEGRADABLE 0
398 348 414 348 414 396 398 396 BIODEGRADABLE 0
386 234 414 234 414 318 386 318 BIODEGRADABLE 0
344 132 415 132 415 257 344 257 BIODEGRADABLE 0
291 168 389 168 389 382 291 382 BIODEGRADABLE 0
372 91 407 91 407 143 372 143 BIODEGRADABLE 0
368 78 408 78 408 116 368 116 BIODEGRADABLE 0
380 43 415 43 415 93 380 93 BIODEGRADABLE 0
400 91 415 91 415 155 400 155 BIODEGRADABLE 0
394 1 415 1 415 43 394 43 BIODEGRADABLE 0
299 1 395 1 395 93 299 93 BIODEGRADABLE 0
344 94 372 94 372 130 344 130 BIODEGRADABLE 0
333 84 353 84 353 116 333 116 BIODEGRADABLE 0
319 105 334 105 334 135 319 135 BIODEGRADABLE 0
331 128 366 128 366 148 331 148 BIODEGRADABLE 0
266 268 300 268 300 334 266 334 BIODEGRADABLE 0
254.00000000000003 323 301 323 301 359 254.00000000000003 359 BIODEGRADABLE 0
280 332 336 332 336 414 280 414 BIODEGRADABLE 0
185 286 306 286 306 414 185 414 BIODEGRADABLE 0
156 392 196 392 196 414 156 414 BIODEGRADABLE 0
136 205 250 205 250 398 136 398 BIODEGRADABLE 0
248 213.99999999999997 260 213.99999999999997 260 251.99999999999997 248 251.99999999999997 BIODEGRADABLE 0
254.00000000000003 205 300 205 300 267 254.00000000000003 267 BIODEGRADABLE 0
238.99999999999997 132 287 132 287 204 238.99999999999997 204 BIODEGRADABLE 0
286 134 333 134 333 200 286 200 BIODEGRADABLE 0
288 66 323 66 323 130 288 130 BIODEGRADABLE 0
220 68 285 68 285 118 220 118 BIODEGRADABLE 0
247 34 294 34 294 84 247 84 BIODEGRADABLE 0
288 23 300 23 300 71 288 71 BIODEGRADABLE 0
208 1 261 1 261 34 208 34 BIODEGRADABLE 0
142 1 218 1 218 91 142 91 BIODEGRADABLE 0
98 53 168 53 168 125 98 125 BIODEGRADABLE 0
67 50 105 50 105 109 67 109 BIODEGRADABLE 0
17 61 97 61 97 173 17 173 BIODEGRADABLE 0
1 165 96 165 96 249 1 249 BIODEGRADABLE 0
1 359 86 359 86 414 1 414 BIODEGRADABLE 0
55 310 129 310 129 414 55 414 BIODEGRADABLE 0
106.99999999999999 376 141 376 141 414 106.99999999999999 414 BIODEGRADABLE 0
135 384 155 384 155 414 135 414 BIODEGRADABLE 0
117 193 161 193 161 293 117 293 BIODEGRADABLE 0
112 291 139 291 139 366 112 366 BIODEGRADABLE 0
73 232 123 232 123 316 73 316 BIODEGRADABLE 0
1 228.00000000000003 93 228.00000000000003 93 378 1 378 BIODEGRADABLE 0
1 208 21 208 21 277 1 277 BIODEGRADABLE 0
20 238.99999999999997 40 238.99999999999997 40 259 20 259 BIODEGRADABLE 0
76 127.00000000000001 110 127.00000000000001 110 180 76 180 BIODEGRADABLE 0
93 178 114.00000000000001 178 114.00000000000001 228.00000000000003 93 228.00000000000003 BIODEGRADABLE 0
119.99999999999999 164 162 164 162 213.99999999999997 119.99999999999999 213.99999999999997 BIODEGRADABLE 0
153 184 169 184 169 241.00000000000003 153 241.00000000000003 BIODEGRADABLE 0
117 200 164 200 164 293 117 293 BIODEGRADABLE 0
114.00000000000001 296 137 296 137 360 114.00000000000001 360 BIODEGRADABLE 0
56 312 119.99999999999999 312 119.99999999999999 398 56 398 BIODEGRADABLE 0
99 366 143 366 143 412 99 412 BIODEGRADABLE 0
176 146 229.00000000000003 146 229.00000000000003 210 176 210 BIODEGRADABLE 0
226.99999999999997 171 257 171 257 219 226.99999999999997 219 BIODEGRADABLE 0
206 103 274 103 274 157 206 157 BIODEGRADABLE 0
213.99999999999997 59 241.00000000000003 59 241.00000000000003 89 213.99999999999997 89 BIODEGRADABLE 0
178 75 215.00000000000003 75 215.00000000000003 116 178 116 BIODEGRADABLE 0
192 73 235 73 235 119 192 119 BIODEGRADABLE 0
177 116 201 116 201 159 177 159 BIODEGRADABLE 0
188 110 216.00000000000003 110 216.00000000000003 146 188 146 BIODEGRADABLE 0
146 105 194 105 194 187 146 187 BIODEGRADABLE 0
0 112 29 112 29 184 0 184 BIODEGRADABLE 0
14 18 49 18 49 77 14 77 BIODEGRADABLE 0
42 39 76 39 76 64 42 64 BIODEGRADABLE 0
71 29.999999999999996 94 29.999999999999996 94 59.99999999999999 71 59.99999999999999 BIODEGRADABLE 0
97 39 130 39 130 77 97 77 BIODEGRADABLE 0
1 31 24 31 24 112 1 112 BIODEGRADABLE 0
250 362 333 362 333 414 250 414 BIODEGRADABLE 0
160 291 251 291 251 414 160 414 BIODEGRADABLE 0
97 112 174 112 174 178 97 178 BIODEGRADABLE 0
1 1 415 1 415 414 1 414 BIODEGRADABLE 0