172 337 273 337 273 414 172 414 BIODEGRADABLE 0
129 274 187 274 187 386 129 386 BIODEGRADABLE 0
72 302 138 302 138 386 72 386 BIODEGRADABLE 0
106 238 156 238 156 313 106 313 BIODEGRADABLE 0
53 234 105 234 105 309 53 309 BIODEGRADABLE 0
89 140 161 140 161 238 89 238 BIODEGRADABLE 0
150 202 206 202 206 273 150 273 BIODEGRADABLE 0
183 260 267 260 267 346 183 346 BIODEGRADABLE 0
268 296 350 296 350 414 268 414 BIODEGRADABLE 0
308 275 336 275 336 315 308 315 BIODEGRADABLE 0
283 279 303 279 303 299 283 299 BIODEGRADABLE 0
247 252.99999999999997 283 252.99999999999997 283 311 247 311 BIODEGRADABLE 0
193 187 262 187 262 294 193 294 BIODEGRADABLE 0
264 236 336 236 336 281 264 281 BIODEGRADABLE 0
249 125 345 125 345 243 249 243 BIODEGRADABLE 0
316 112 368 112 368 187 316 187 BIODEGRADABLE 0
277 6 375 6 375 118 277 118 BIODEGRADABLE 0
277 101 317 101 317 129 277 129 BIODEGRADABLE 0
236 88 276 88 276 150 236 150 BIODEGRADABLE 0
188 1 291 1 291 99 188 99 BIODEGRADABLE 0
131 28 243 28 243 168 131 168 BIODEGRADABLE 0
209 118 252.99999999999997 118 252.99999999999997 184 209 184 BIODEGRADABLE 0
167 161 211 161 211 201 167 201 BIODEGRADABLE 0
156 176 192 176 192 206 156 206 BIODEGRADABLE 0
52 133 100 133 100 197 52 197 BIODEGRADABLE 0
62.99999999999999 196 105 196 105 236 62.99999999999999 236 BIODEGRADABLE 0
14.999999999999998 1 134 1 134 137 14.999999999999998 137 BIODEGRADABLE 0
105 26 147 26 147 88 105 88 BIODEGRADABLE 0
142 29.999999999999996 163 29.999999999999996 163 56 142 56 BIODEGRADABLE 0