2 2 116 2 116 66 2 66 BIODEGRADABLE 0
2 50 73 50 73 125.99999999999999 2 125.99999999999999 BIODEGRADABLE 0
2 112.99999999999999 114.00000000000001 112.99999999999999 114.00000000000001 211 2 211 BIODEGRADABLE 0
2 181 22 181 22 249 2 249 BIODEGRADABLE 0
37 212 140 212 140 297 37 297 BIODEGRADABLE 0
2 223 54.00000000000001 223 54.00000000000001 291 2 291 BIODEGRADABLE 0
2 273 34 273 34 331 2 331 BIODEGRADABLE 0
2 304 54.00000000000001 304 54.00000000000001 357 2 357 BIODEGRADABLE 0
47 295 135 295 135 347 47 347 BIODEGRADABLE 0
58 339 145 339 145 415 58 415 BIODEGRADABLE 0
1 348 74 348 74 415 1 415 BIODEGRADABLE 0
144 328 258 328 258 406 144 406 BIODEGRADABLE 0
119.99999999999999 400 196 400 196 415 119.99999999999999 415 BIODEGRADABLE 0
122 256 238 256 238 341 122 341 BIODEGRADABLE 0
135 179 255.00000000000003 179 255.00000000000003 272 135 272 BIODEGRADABLE 0
106.99999999999999 161 159 161 159 229.00000000000003 106.99999999999999 229.00000000000003 BIODEGRADABLE 0
114.00000000000001 68 254.00000000000003 68 254.00000000000003 180 114.00000000000001 180 BIODEGRADABLE 0
69 50 153 50 153 138 69 138 BIODEGRADABLE 0
142 12 277 12 277 84 142 84 BIODEGRADABLE 0
125 2 279 2 279 32 125 32 BIODEGRADABLE 0
103 2 141 2 141 54.00000000000001 103 54.00000000000001 BIODEGRADABLE 0
247 21 403 21 403 133 247 133 BIODEGRADABLE 0
315 1 415 1 415 97 315 97 BIODEGRADABLE 0
290 2 318 2 318 14.999999999999998 290 14.999999999999998 BIODEGRADABLE 0
411 114.00000000000001 415 114.00000000000001 415 186 411 186 BIODEGRADABLE 0
403 89 415 89 415 137 403 137 BIODEGRADABLE 0
230 118 406 118 406 264 230 264 BIODEGRADABLE 0
255.00000000000003 243 397 243 397 313 255.00000000000003 313 BIODEGRADABLE 0
228.00000000000003 249 266 249 266 285 228.00000000000003 285 BIODEGRADABLE 0
251 291 361 291 361 367 251 367 BIODEGRADABLE 0
234 281 262 281 262 321 234 321 BIODEGRADABLE 0
226.99999999999997 379 275 379 275 415 226.99999999999997 415 BIODEGRADABLE 0
199 401 233 401 233 415 199 415 BIODEGRADABLE 0
272 354 403 354 403 416 272 416 BIODEGRADABLE 0
362 297 415 297 415 396 362 396 BIODEGRADABLE 0
379 211 415 211 415 319 379 319 BIODEGRADABLE 0
401 398 415 398 415 415 401 415 BIODEGRADABLE 0