360 2 405 2 405 56 360 56 BIODEGRADABLE 0
387 14.999999999999998 415 14.999999999999998 415 88 387 88 BIODEGRADABLE 0
354 65 408 65 408 142 354 142 BIODEGRADABLE 0
378 106.99999999999999 415 106.99999999999999 415 163 378 163 BIODEGRADABLE 0
394 161 415 161 415 176 394 176 BIODEGRADABLE 0
389 172 415 172 415 198 389 198 BIODEGRADABLE 0
405 193 415 193 415 212.99999999999997 405 212.99999999999997 BIODEGRADABLE 0
394 201 410 201 410 221 394 221 BIODEGRADABLE 0
407 208 415 208 415 223 407 223 BIODEGRADABLE 0
378 184 400 184 400 208 378 208 BIODEGRADABLE 0
378 206 415 206 415 260 378 260 BIODEGRADABLE 0
349 178 365 178 365 195 349 195 BIODEGRADABLE 0
339 159 355 159 355 181 339 181 BIODEGRADABLE 0
352 139 398 139 398 191 352 191 BIODEGRADABLE 0
307 103 368 103 368 159 307 159 BIODEGRADABLE 0
275 77 336 77 336 135 275 135 BIODEGRADABLE 0
236 39 288 39 288 105 236 105 BIODEGRADABLE 0
267 9 319 9 319 80 267 80 BIODEGRADABLE 0
307 2 365 2 365 58 307 58 BIODEGRADABLE 0
204 50 235 50 235 93 204 93 BIODEGRADABLE 0
182 67 213.99999999999997 67 213.99999999999997 114.00000000000001 182 114.00000000000001 BIODEGRADABLE 0
159 86 188 86 188 122 159 122 BIODEGRADABLE 0
147 95 169 95 169 127.00000000000001 147 127.00000000000001 BIODEGRADABLE 0
195 93 277 93 277 133 195 133 BIODEGRADABLE 0
217 125 289 125 289 153 217 153 BIODEGRADABLE 0
259 135 309 135 309 165 259 165 BIODEGRADABLE 0
283 159 337 159 337 179 283 179 BIODEGRADABLE 0
331 172 373 172 373 208 331 208 BIODEGRADABLE 0
185 39 195 39 195 49 185 49 BIODEGRADABLE 0
193 26 198 26 198 41 193 41 BIODEGRADABLE 0
198 22 209 22 209 39 198 39 BIODEGRADABLE 0
211 20 219 20 219 29.999999999999996 211 29.999999999999996 BIODEGRADABLE 0
220 9 236 9 236 22 220 22 BIODEGRADABLE 0
233 5 243 5 243 14.999999999999998 233 14.999999999999998 BIODEGRADABLE 0
219 3 233 3 233 9 219 9 BIODEGRADABLE 0
203 2 217 2 217 14.999999999999998 203 14.999999999999998 BIODEGRADABLE 0
201 9 221 9 221 19 201 19 BIODEGRADABLE 0
182 3 198 3 198 11 182 11 BIODEGRADABLE 0
182 11 193 11 193 24 182 24 BIODEGRADABLE 0
193 5 204 5 204 22 193 22 BIODEGRADABLE 0
180 26 191 26 191 43 180 43 BIODEGRADABLE 0
172 28 178 28 178 43 172 43 BIODEGRADABLE 0
169 9 182 9 182 26 169 26 BIODEGRADABLE 0
157 17 167 17 167 32 157 32 BIODEGRADABLE 0
153 9 159 9 159 19 153 19 BIODEGRADABLE 0
158 3 171 3 171 13 158 13 BIODEGRADABLE 0
168 3 182 3 182 11 168 11 BIODEGRADABLE 0
147 5 153 5 153 11 147 11 BIODEGRADABLE 0
137 3 147 3 147 9 137 9 BIODEGRADABLE 0
14.999999999999998 3 26 3 26 11 14.999999999999998 11 BIODEGRADABLE 0
37 3 44 3 44 7 37 7 BIODEGRADABLE 0
45 2 52 2 52 17 45 17 BIODEGRADABLE 0
51 2 61 2 61 14.999999999999998 51 14.999999999999998 BIODEGRADABLE 0
55 13 66 13 66 26 55 26 BIODEGRADABLE 0
62.99999999999999 2 74 2 74 17 62.99999999999999 17 BIODEGRADABLE 0
73 2 84 2 84 14.999999999999998 73 14.999999999999998 BIODEGRADABLE 0
79 2 97 2 97 11 79 11 BIODEGRADABLE 0
98 3 106 3 106 13 98 13 BIODEGRADABLE 0
108.00000000000001 3 116 3 116 11 108.00000000000001 11 BIODEGRADABLE 0
114.00000000000001 2 125 2 125 17 114.00000000000001 17 BIODEGRADABLE 0
124 7 135 7 135 22 124 22 BIODEGRADABLE 0
134 7 142 7 142 22 134 22 BIODEGRADABLE 0
125.99999999999999 22 137 22 137 35 125.99999999999999 35 BIODEGRADABLE 0
133 22 146 22 146 39 133 39 BIODEGRADABLE 0
143 24 157 24 157 41 143 41 BIODEGRADABLE 0
135 35 148 35 148 52 135 52 BIODEGRADABLE 0
147 34 153 34 153 47 147 47 BIODEGRADABLE 0
153 28 161 28 161 48 153 48 BIODEGRADABLE 0
154 41 170 41 170 56 154 56 BIODEGRADABLE 0
161 47 172 47 172 59.99999999999999 161 59.99999999999999 BIODEGRADABLE 0
150 56 163 56 163 64 150 64 BIODEGRADABLE 0
138 59.99999999999999 146 59.99999999999999 146 75 138 75 BIODEGRADABLE 0
127.00000000000001 50 140 50 140 65 127.00000000000001 65 BIODEGRADABLE 0
115 56 129 56 129 71 115 71 BIODEGRADABLE 0
105 48 118 48 118 65 105 65 BIODEGRADABLE 0
95 37 109 37 109 52 95 52 BIODEGRADABLE 0
82 35 93 35 93 50 82 50 BIODEGRADABLE 0
64 28 79 28 79 38 64 38 BIODEGRADABLE 0
76 24 82 24 82 32 76 32 BIODEGRADABLE 0
74 11 92 11 92 26 74 26 BIODEGRADABLE 0
84 13 105 13 105 35 84 35 BIODEGRADABLE 0
101 24 116 24 116 46 101 46 BIODEGRADABLE 0
383 375 415 375 415 397 383 397 BIODEGRADABLE 0
389 350 415 350 415 382 389 382 BIODEGRADABLE 0
389 337 415 337 415 354 389 354 BIODEGRADABLE 0
357 354 395 354 395 386 357 386 BIODEGRADABLE 0
363 341 392 341 392 363 363 363 BIODEGRADABLE 0
341 382 391 382 391 404 341 404 BIODEGRADABLE 0
330 357 360 357 360 395 330 395 BIODEGRADABLE 0
309 352 341 352 341 404 309 404 BIODEGRADABLE 0
274 384 312 384 312 415 274 415 BIODEGRADABLE 0
238 386 279 386 279 415 238 415 BIODEGRADABLE 0
211 390 239.99999999999997 390 239.99999999999997 415 211 415 BIODEGRADABLE 0
313 403 351 403 351 415 313 415 BIODEGRADABLE 0
345 379 392 379 392 415 345 415 BIODEGRADABLE 0
386 381 416 381 416 415 386 415 BIODEGRADABLE 0
13 380 21 380 21 386 13 386 BIODEGRADABLE 0
5 371 16 371 16 388 5 388 BIODEGRADABLE 0
1 372 5 372 5 386 1 386 BIODEGRADABLE 0
5 365 16 365 16 375 5 375 BIODEGRADABLE 0
14.999999999999998 367 28 367 28 382 14.999999999999998 382 BIODEGRADABLE 0
26 363 37 363 37 378 26 378 BIODEGRADABLE 0
42 363 50 363 50 371 42 371 BIODEGRADABLE 0
48 356 61 356 61 369 48 369 BIODEGRADABLE 0
40 343 48 343 48 356 40 356 BIODEGRADABLE 0
61 356 69 356 69 360 61 360 BIODEGRADABLE 0
23 339 33 339 33 354 23 354 BIODEGRADABLE 0
32 341 43 341 43 356 32 356 BIODEGRADABLE 0
8 356 18 356 18 362 8 362 BIODEGRADABLE 0
13 343 23 343 23 365 13 365 BIODEGRADABLE 0
14.999999999999998 335 25 335 25 350 14.999999999999998 350 BIODEGRADABLE 0
7 331 18 331 18 341 7 341 BIODEGRADABLE 0
3 337 19 337 19 359 3 359 BIODEGRADABLE 0
1 320 7 320 7 339 1 339 BIODEGRADABLE 0
1 343 3 343 3 352 1 352 BIODEGRADABLE 0
1 349 8 349 8 371 1 371 BIODEGRADABLE 0
254.00000000000003 378 283 378 283 395 254.00000000000003 395 BIODEGRADABLE 0
264 378 302 378 302 384 264 384 BIODEGRADABLE 0
263 372 281 372 281 382 263 382 BIODEGRADABLE 0
286 363 308 363 308 389 286 389 BIODEGRADABLE 0
277 352 315 352 315 362 277 362 BIODEGRADABLE 0
268 358 288 358 288 375 268 375 BIODEGRADABLE 0
249 356 270 356 270 369 249 369 BIODEGRADABLE 0
225 343 265 343 265 358 225 358 BIODEGRADABLE 0
232 339 248 339 248 349 232 349 BIODEGRADABLE 0
1 21 37 21 37 106 1 106 BIODEGRADABLE 0
37 41 77 41 77 118 37 118 BIODEGRADABLE 0
67 90 111 90 111 129 67 129 BIODEGRADABLE 0
32 137 66 137 66 180 32 180 BIODEGRADABLE 0
12 116 50 116 50 166 12 166 BIODEGRADABLE 0
0 105 34 105 34 152 0 152 BIODEGRADABLE 0
135 110 153 110 153 138 135 138 BIODEGRADABLE 0
156 116 178 116 178 150 156 150 BIODEGRADABLE 0
164 140 190 140 190 168 164 168 BIODEGRADABLE 0
187 150 203 150 203 174 187 174 BIODEGRADABLE 0
200 167 222 167 222 195 200 195 BIODEGRADABLE 0
209 180 226.99999999999997 180 226.99999999999997 210 209 210 BIODEGRADABLE 0
223 202 243 202 243 230 223 230 BIODEGRADABLE 0
230 225 248 225 248 247 230 247 BIODEGRADABLE 0
208 223 230 223 230 251 208 251 BIODEGRADABLE 0
199 210 220 210 220 236 199 236 BIODEGRADABLE 0
185 183 207 183 207 217 185 217 BIODEGRADABLE 0
164 169 186 169 186 189 164 189 BIODEGRADABLE 0
147 153 169 153 169 185 147 185 BIODEGRADABLE 0
135 139 157 139 157 161 135 161 BIODEGRADABLE 0
134 159 145 159 145 179 134 179 BIODEGRADABLE 0
144 178 164 178 164 195 144 195 BIODEGRADABLE 0
162 189 183 189 183 217 162 217 BIODEGRADABLE 0
177 213.99999999999997 201 213.99999999999997 201 238 177 238 BIODEGRADABLE 0
194 243 220 243 220 273 194 273 BIODEGRADABLE 0
117 137 137 137 137 165 117 165 BIODEGRADABLE 0
92 135 124 135 124 170 92 170 BIODEGRADABLE 0
106 161 127.00000000000001 161 127.00000000000001 174 106 174 BIODEGRADABLE 0
124 172 142 172 142 185 124 185 BIODEGRADABLE 0
133 184 151 184 151 204 133 204 BIODEGRADABLE 0
148 199 169 199 169 219 148 219 BIODEGRADABLE 0
154 221 175 221 175 245 154 245 BIODEGRADABLE 0
169 232 197 232 197 262 169 262 BIODEGRADABLE 0
178 258 196 258 196 271 178 271 BIODEGRADABLE 0
156 245 180 245 180 273 156 273 BIODEGRADABLE 0
146 257 164 257 164 277 146 277 BIODEGRADABLE 0
140 230 156 230 156 258 140 258 BIODEGRADABLE 0
135 206 153 206 153 228.00000000000003 135 228.00000000000003 BIODEGRADABLE 0
112.99999999999999 189 135 189 135 215.00000000000003 112.99999999999999 215.00000000000003 BIODEGRADABLE 0
101 170 125 170 125 196 101 196 BIODEGRADABLE 0
90 159 108.00000000000001 159 108.00000000000001 170 90 170 BIODEGRADABLE 0
77 168 101 168 101 200 77 200 BIODEGRADABLE 0
93 191 114.00000000000001 191 114.00000000000001 217 93 217 BIODEGRADABLE 0
117 212 138 212 138 238 117 238 BIODEGRADABLE 0
127.00000000000001 238 143 238 143 260 127.00000000000001 260 BIODEGRADABLE 0
138 260 151 260 151 284 138 284 BIODEGRADABLE 0
118 238 134 238 134 260 118 260 BIODEGRADABLE 0
100 217 118 217 118 238.99999999999997 100 238.99999999999997 BIODEGRADABLE 0
82 210 100 210 100 226.99999999999997 82 226.99999999999997 BIODEGRADABLE 0
66 189 82 189 82 206 66 206 BIODEGRADABLE 0
77 195 97 195 97 219 77 219 BIODEGRADABLE 0
243 204 267 204 267 225.99999999999997 243 225.99999999999997 BIODEGRADABLE 0
248 225.99999999999997 264 225.99999999999997 264 234 248 234 BIODEGRADABLE 0
264 210 285 210 285 232 264 232 BIODEGRADABLE 0
276 217 296 217 296 243 276 243 BIODEGRADABLE 0
289 221 307 221 307 243 289 243 BIODEGRADABLE 0
297 223 313 223 313 249 297 249 BIODEGRADABLE 0
309 232 322 232 322 258 309 258 BIODEGRADABLE 0
317 234 328 234 328 256 317 256 BIODEGRADABLE 0
323 234 339 234 339 260 323 260 BIODEGRADABLE 0
330 249 346 249 346 269 330 269 BIODEGRADABLE 0
315 260 331 260 331 275 315 275 BIODEGRADABLE 0
299 270 320 270 320 285 299 285 BIODEGRADABLE 0
299 255.00000000000003 317 255.00000000000003 317 268 299 268 BIODEGRADABLE 0
288 244 304 244 304 264 288 264 BIODEGRADABLE 0
288 268 304 268 304 283 288 283 BIODEGRADABLE 0
281 283 302 283 302 303 281 303 BIODEGRADABLE 0
275 279 289 279 289 289 275 289 BIODEGRADABLE 0
273 269 289 269 289 279 273 279 BIODEGRADABLE 0
270 239.99999999999997 290 239.99999999999997 290 268 270 268 BIODEGRADABLE 0
251 225 273 225 273 247 251 247 BIODEGRADABLE 0
368 326 400 326 400 339 368 339 BIODEGRADABLE 0
371 311 413 311 413 333 371 333 BIODEGRADABLE 0
389 300 415 300 415 330 389 330 BIODEGRADABLE 0
394 294 415 294 415 311 394 311 BIODEGRADABLE 0
395 285 415 285 415 298 395 298 BIODEGRADABLE 0
389 268 415 268 415 285 389 285 BIODEGRADABLE 0
379 255.00000000000003 415 255.00000000000003 415 275 379 275 BIODEGRADABLE 0
371 260 399 260 399 286 371 286 BIODEGRADABLE 0
360 245 380 245 380 260 360 260 BIODEGRADABLE 0
353 255.00000000000003 373 255.00000000000003 373 268 353 268 BIODEGRADABLE 0
363 270 387 270 387 298 363 298 BIODEGRADABLE 0
363 283 389 283 389 307 363 307 BIODEGRADABLE 0
333 259 365 259 365 281 333 281 BIODEGRADABLE 0
341 281 365 281 365 298 341 298 BIODEGRADABLE 0
350 298 379 298 379 313 350 313 BIODEGRADABLE 0
342 311 371 311 371 328 342 328 BIODEGRADABLE 0
333 292 349 292 349 309 333 309 BIODEGRADABLE 0
322 279 338 279 338 299 322 299 BIODEGRADABLE 0
312 288 325 288 325 303 312 303 BIODEGRADABLE 0
302 290 310 290 310 296 302 296 BIODEGRADABLE 0
254.00000000000003 247 275 247 275 273 254.00000000000003 273 BIODEGRADABLE 0
236 242.00000000000003 256 242.00000000000003 256 264 236 264 BIODEGRADABLE 0
245 260 256 260 256 266 245 266 BIODEGRADABLE 0
248 266 262 266 262 283 248 283 BIODEGRADABLE 0
257 282 275 282 275 292 257 292 BIODEGRADABLE 0
267 290 278 290 278 300 267 300 BIODEGRADABLE 0
256 288 269 288 269 298 256 298 BIODEGRADABLE 0
251.99999999999997 301 265 301 265 311 251.99999999999997 311 BIODEGRADABLE 0
241.00000000000003 288 255.00000000000003 288 255.00000000000003 303 241.00000000000003 303 BIODEGRADABLE 0
236 277 251.99999999999997 277 251.99999999999997 287 236 287 BIODEGRADABLE 0
233 284 249 284 249 294 233 294 BIODEGRADABLE 0
225 275 235 275 235 283 225 283 BIODEGRADABLE 0
230 262 244 262 244 275 230 275 BIODEGRADABLE 0
219 249 235 249 235 273 219 273 BIODEGRADABLE 0
216.00000000000003 266 226.99999999999997 266 226.99999999999997 281 216.00000000000003 281 BIODEGRADABLE 0
246 307 280 307 280 339 246 339 BIODEGRADABLE 0
270 317 299 317 299 337 270 337 BIODEGRADABLE 0
283 339 321 339 321 349 283 349 BIODEGRADABLE 0
301 326 339 326 339 354 301 354 BIODEGRADABLE 0
333 332 365 332 365 356 333 356 BIODEGRADABLE 0
314 324 338 324 338 337 314 337 BIODEGRADABLE 0
302 300 330 300 330 320 302 320 BIODEGRADABLE 0
283 307 317 307 317 327 283 327 BIODEGRADABLE 0
229.00000000000003 292 243 292 243 314 229.00000000000003 314 BIODEGRADABLE 0
220 296 230 296 230 309 220 309 BIODEGRADABLE 0
222 283 236 283 236 298 222 298 BIODEGRADABLE 0
212 275 225 275 225 292 212 292 BIODEGRADABLE 0
206 290 219 290 219 300 206 300 BIODEGRADABLE 0
198 270 216.00000000000003 270 216.00000000000003 292 198 292 BIODEGRADABLE 0
191 277 199 277 199 287 191 287 BIODEGRADABLE 0
182 273 195 273 195 286 182 286 BIODEGRADABLE 0
169 275 179 275 179 288 169 288 BIODEGRADABLE 0
213.99999999999997 358 228.00000000000003 358 228.00000000000003 390 213.99999999999997 390 BIODEGRADABLE 0
225 361 249 361 249 378 225 378 BIODEGRADABLE 0
201 350 215.00000000000003 350 215.00000000000003 380 201 380 BIODEGRADABLE 0
195 345 209 345 209 358 195 358 BIODEGRADABLE 0
204 335 215.00000000000003 335 215.00000000000003 348 204 348 BIODEGRADABLE 0
219 333 229.00000000000003 333 229.00000000000003 343 219 343 BIODEGRADABLE 0
212 327 223 327 223 337 212 337 BIODEGRADABLE 0
220 311 230 311 230 324 220 324 BIODEGRADABLE 0
226.99999999999997 320 238 320 238 330 226.99999999999997 330 BIODEGRADABLE 0
208 314 219 314 219 324 208 324 BIODEGRADABLE 0
202 296 220 296 220 313 202 313 BIODEGRADABLE 0
193 290 204 290 204 298 193 298 BIODEGRADABLE 0
177 287 191 287 191 309 177 309 BIODEGRADABLE 0
180 299 201 299 201 307 180 307 BIODEGRADABLE 0
191 304 207 304 207 324 191 324 BIODEGRADABLE 0
164 290 177 290 177 300 164 300 BIODEGRADABLE 0
155 277 169 277 169 292 155 292 BIODEGRADABLE 0
150 292 164 292 164 305 150 305 BIODEGRADABLE 0
162 298 180 298 180 324 162 324 BIODEGRADABLE 0
180 311 194 311 194 324 180 324 BIODEGRADABLE 0
175 322 190 322 190 335 175 335 BIODEGRADABLE 0
185 324 206 324 206 341 185 341 BIODEGRADABLE 0
157 320 180 320 180 337 157 337 BIODEGRADABLE 0
149 318 159 318 159 331 149 331 BIODEGRADABLE 0
151 305 165 305 165 320 151 320 BIODEGRADABLE 0
142 301 153 301 153 318 142 318 BIODEGRADABLE 0
137 288 155 288 155 303 137 303 BIODEGRADABLE 0
121.00000000000001 285 140 285 140 305 121.00000000000001 305 BIODEGRADABLE 0
132 303 145 303 145 316 132 316 BIODEGRADABLE 0
108.00000000000001 260 132 260 132 288 108.00000000000001 288 BIODEGRADABLE 0
128 273 148 273 148 290 128 290 BIODEGRADABLE 0
92 238 118 238 118 266 92 266 BIODEGRADABLE 0
91 262 111 262 111 286 91 286 BIODEGRADABLE 0
74 226.99999999999997 95 226.99999999999997 95 255.00000000000003 74 255.00000000000003 BIODEGRADABLE 0
57.00000000000001 183 79 183 79 212.99999999999997 57.00000000000001 212.99999999999997 BIODEGRADABLE 0
58 223 76 223 76 247 58 247 BIODEGRADABLE 0
98 269 109 269 109 279 98 279 BIODEGRADABLE 0
101 284 111 284 111 294 101 294 BIODEGRADABLE 0
94 277 105 277 105 292 94 292 BIODEGRADABLE 0
84 277 97 277 97 292 84 292 BIODEGRADABLE 0
71 277 84 277 84 294 71 294 BIODEGRADABLE 0
72 264 85 264 85 272 72 272 BIODEGRADABLE 0
61 252.99999999999997 77 252.99999999999997 77 268 61 268 BIODEGRADABLE 0
53 255.00000000000003 68 255.00000000000003 68 268 53 268 BIODEGRADABLE 0
44 243 58 243 58 262 44 262 BIODEGRADABLE 0
58 238.99999999999997 74 238.99999999999997 74 249 58 249 BIODEGRADABLE 0
35 234 45 234 45 254.00000000000003 35 254.00000000000003 BIODEGRADABLE 0
32 226.99999999999997 48 226.99999999999997 48 239.99999999999997 32 239.99999999999997 BIODEGRADABLE 0
45 230 58 230 58 238 45 238 BIODEGRADABLE 0
42 210 62 210 62 230 42 230 BIODEGRADABLE 0
23 210 37 210 37 223 23 223 BIODEGRADABLE 0
27.000000000000004 197 40 197 40 217 27.000000000000004 217 BIODEGRADABLE 0
29 189 52 189 52 206 29 206 BIODEGRADABLE 0
10 219 33 219 33 238.99999999999997 10 238.99999999999997 BIODEGRADABLE 0
0 249 18 249 18 274 0 274 BIODEGRADABLE 0
1 244 21 244 21 264 1 264 BIODEGRADABLE 0
12 234 44 234 44 262 12 262 BIODEGRADABLE 0
21 254.00000000000003 73 254.00000000000003 73 290 21 290 BIODEGRADABLE 0
37 279 71 279 71 311 37 311 BIODEGRADABLE 0
1 303 14.999999999999998 303 14.999999999999998 324 1 324 BIODEGRADABLE 0
1 286 28 286 28 316 1 316 BIODEGRADABLE 0
1 272 42 272 42 311 1 311 BIODEGRADABLE 0
21 331 51 331 51 341 21 341 BIODEGRADABLE 0
18 322 40 322 40 330 18 330 BIODEGRADABLE 0
14.999999999999998 307 44 307 44 327 14.999999999999998 327 BIODEGRADABLE 0
38 313 66 313 66 328 38 328 BIODEGRADABLE 0
47 300 77 300 77 315 47 315 BIODEGRADABLE 0
61 299 89 299 89 309 61 309 BIODEGRADABLE 0
84 296 114.00000000000001 296 114.00000000000001 311 84 311 BIODEGRADABLE 0
112.99999999999999 307 129 307 129 324 112.99999999999999 324 BIODEGRADABLE 0
130 318 151 318 151 328 130 328 BIODEGRADABLE 0
95 365 111 365 111 378 95 378 BIODEGRADABLE 0
108.00000000000001 367 119 367 119 380 108.00000000000001 380 BIODEGRADABLE 0
114.00000000000001 373 127.00000000000001 373 127.00000000000001 386 114.00000000000001 386 BIODEGRADABLE 0
127.00000000000001 391 143 391 143 406 127.00000000000001 406 BIODEGRADABLE 0
143 391 153 391 153 401 143 401 BIODEGRADABLE 0
93 382 109 382 109 397 93 397 BIODEGRADABLE 0
109 393 122 393 122 406 109 406 BIODEGRADABLE 0
84 369 95 369 95 386 84 386 BIODEGRADABLE 0
82 369 84 369 84 379 82 379 BIODEGRADABLE 0
95 298 115 298 115 313 95 313 BIODEGRADABLE 0
93 311 114.00000000000001 311 114.00000000000001 326 93 326 BIODEGRADABLE 0
111 320 125 320 125 335 111 335 BIODEGRADABLE 0
32 331 58 331 58 339 32 339 BIODEGRADABLE 0
59.99999999999999 333 82 333 82 346 59.99999999999999 346 BIODEGRADABLE 0
82 330 106 330 106 350 82 350 BIODEGRADABLE 0
100 324 132 324 132 344 100 344 BIODEGRADABLE 0
74 311 100 311 100 335 74 335 BIODEGRADABLE 0
57.00000000000001 318 81 318 81 335 57.00000000000001 335 BIODEGRADABLE 0
129 331 145 331 145 341 129 341 BIODEGRADABLE 0
130 345 148 345 148 360 130 360 BIODEGRADABLE 0
146 349 164 349 164 369 146 369 BIODEGRADABLE 0
148 332 176 332 176 352 148 352 BIODEGRADABLE 0
169 347 185 347 185 367 169 367 BIODEGRADABLE 0
178 339 191 339 191 359 178 359 BIODEGRADABLE 0
182 356 198 356 198 376 182 376 BIODEGRADABLE 0
157 360 177 360 177 388 157 388 BIODEGRADABLE 0
180 377 206 377 206 399 180 399 BIODEGRADABLE 0
177 395 215.00000000000003 395 215.00000000000003 412 177 412 BIODEGRADABLE 0
209 386 241.00000000000003 386 241.00000000000003 412 209 412 BIODEGRADABLE 0
238 390 281 390 281 412 238 412 BIODEGRADABLE 0
278 386 322 386 322 410 278 410 BIODEGRADABLE 0
155 386 177 386 177 412 155 412 BIODEGRADABLE 0
87 388 105 388 105 408 87 408 BIODEGRADABLE 0
82 402 95 402 95 410 82 410 BIODEGRADABLE 0
1 164 23 164 23 215.00000000000003 1 215.00000000000003 BIODEGRADABLE 0
1 143 29 143 29 196 1 196 BIODEGRADABLE 0
34 170 50 170 50 185 34 185 BIODEGRADABLE 0
0 198 10 198 10 212.99999999999997 0 212.99999999999997 BIODEGRADABLE 0
1 211 11 211 11 239.99999999999997 1 239.99999999999997 BIODEGRADABLE 0