271 159 301 159 301 187 271 187 BIODEGRADABLE 0
244 189 285 189 285 275 244 275 BIODEGRADABLE 0
210 257 248 257 248 279 210 279 BIODEGRADABLE 0
199 204 223 204 223 282 199 282 BIODEGRADABLE 0
179 209 211 209 211 251.99999999999997 179 251.99999999999997 BIODEGRADABLE 0
174 252.99999999999997 201 252.99999999999997 201 275 174 275 BIODEGRADABLE 0
144 203 179 203 179 273 144 273 BIODEGRADABLE 0
134 150 170 150 170 218 134 218 BIODEGRADABLE 0
154 106.99999999999999 192 106.99999999999999 192 157 154 157 BIODEGRADABLE 0
175 66 212 66 212 100 175 100 BIODEGRADABLE 0
154 89 180 89 180 106.99999999999999 154 106.99999999999999 BIODEGRADABLE 0
213.99999999999997 32 267 32 267 100 213.99999999999997 100 BIODEGRADABLE 0
204 62 238.99999999999997 62 238.99999999999997 119 204 119 BIODEGRADABLE 0
221 100 273 100 273 162 221 162 BIODEGRADABLE 0
215.00000000000003 130 256 130 256 182 215.00000000000003 182 BIODEGRADABLE 0
187 130 226.99999999999997 130 226.99999999999997 221 187 221 BIODEGRADABLE 0
164 109 213.99999999999997 109 213.99999999999997 205 164 205 BIODEGRADABLE 0
254.00000000000003 109 294 109 294 155 254.00000000000003 155 BIODEGRADABLE 0
250 73 296 73 296 111 250 111 BIODEGRADABLE 0
135 37 300 37 300 278 135 278 BIODEGRADABLE 0
121.00000000000001 21 341 21 341 341 121.00000000000001 341 GLASS 0