80 146 394 146 394 335 80 335 BIODEGRADABLE 0
148 319 321 319 321 415 148 415 BIODEGRADABLE 0
171 32 296 32 296 370 171 370 BIODEGRADABLE 0
184 16 414 16 414 150 184 150 BIODEGRADABLE 0
16 217 196 217 196 415 16 415 BIODEGRADABLE 0
46 192 178 192 178 396 46 396 BIODEGRADABLE 0
0 65 182 65 182 207 0 207 BIODEGRADABLE 0
1 150 55 150 55 224 1 224 BIODEGRADABLE 0
112.99999999999999 1 293 1 293 55 112.99999999999999 55 BIODEGRADABLE 0
37 0 173 0 173 88 37 88 BIODEGRADABLE 0
0 25 68 25 68 96 0 96 BIODEGRADABLE 0