1 339 43 339 43 415 1 415 BIODEGRADABLE 0
1 216.00000000000003 54.00000000000001 216.00000000000003 54.00000000000001 363 1 363 BIODEGRADABLE 0
1 2 71 2 71 219 1 219 BIODEGRADABLE 0
46 33 112 33 112 103 46 103 BIODEGRADABLE 0
0 3 16 3 16 57.00000000000001 0 57.00000000000001 BIODEGRADABLE 0
11 86 155 86 155 283 11 283 BIODEGRADABLE 0
132 2 270 2 270 184 132 184 BIODEGRADABLE 0
74 3 164 3 164 103 74 103 BIODEGRADABLE 0
131 197 261 197 261 396 131 396 BIODEGRADABLE 0
261 274 308 274 308 331 261 331 BIODEGRADABLE 0
252.99999999999997 162 365 162 365 300 252.99999999999997 300 BIODEGRADABLE 0
361 230 372 230 372 248 361 248 BIODEGRADABLE 0
355 177 365 177 365 193 355 193 BIODEGRADABLE 0
365 175 371 175 371 184 365 184 BIODEGRADABLE 0
374 186 386 186 386 208 374 208 BIODEGRADABLE 0
375 123 386 123 386 139 375 139 BIODEGRADABLE 0
385 254.00000000000003 395 254.00000000000003 395 272 385 272 BIODEGRADABLE 0
200 370 286 370 286 415 200 415 BIODEGRADABLE 0
245 3 309 3 309 51 245 51 BIODEGRADABLE 0
311 31 393 31 393 117 311 117 BIODEGRADABLE 0
308 112 363 112 363 162 308 162 BIODEGRADABLE 0
275 118 316 118 316 160 275 160 BIODEGRADABLE 0
269 59 303 59 303 131 269 131 BIODEGRADABLE 0
28 280 163 280 163 415 28 415 BIODEGRADABLE 0