6 62.99999999999999 82 62.99999999999999 82 328 6 328 BIODEGRADABLE 0
75 84 146 84 146 193 75 193 BIODEGRADABLE 0
96 172 198 172 198 258 96 258 BIODEGRADABLE 0
77 225.99999999999997 118 225.99999999999997 118 317 77 317 BIODEGRADABLE 0
108.00000000000001 252.99999999999997 164 252.99999999999997 164 333 108.00000000000001 333 BIODEGRADABLE 0
148 258 189 258 189 367 148 367 BIODEGRADABLE 0
196 65 260 65 260 164 196 164 BIODEGRADABLE 0
148 59.99999999999999 196 59.99999999999999 196 172 148 172 BIODEGRADABLE 0
1 0 381 0 381 141 1 141 BIODEGRADABLE 0
193 5 383 5 383 281 193 281 BIODEGRADABLE 0
234 164 338 164 338 289 234 289 BIODEGRADABLE 0
289 18 415 18 415 370 289 370 BIODEGRADABLE 0
238.99999999999997 252.99999999999997 291 252.99999999999997 291 414 238.99999999999997 414 BIODEGRADABLE 0
174 251.99999999999997 258 251.99999999999997 258 406 174 406 BIODEGRADABLE 0