121.00000000000001 282 257 282 257 380 121.00000000000001 380 BIODEGRADABLE 0
32 270 148 270 148 362 32 362 BIODEGRADABLE 0
1 195 100 195 100 270 1 270 BIODEGRADABLE 0
75 200 189 200 189 280 75 280 BIODEGRADABLE 0
14 100 116 100 116 194 14 194 BIODEGRADABLE 0
53 14 155 14 155 132 53 132 BIODEGRADABLE 0
101 100 221 100 221 200 101 200 BIODEGRADABLE 0
141 14 271 14 271 132 141 132 BIODEGRADABLE 0
238.99999999999997 86 311 86 311 127.00000000000001 238.99999999999997 127.00000000000001 BIODEGRADABLE 0
261 55 325 55 325 96 261 96 BIODEGRADABLE 0
289 96 355 96 355 152 289 152 BIODEGRADABLE 0
255.00000000000003 124 296 124 296 139 255.00000000000003 139 BIODEGRADABLE 0
318 114.00000000000001 396 114.00000000000001 396 173 318 173 BIODEGRADABLE 0
328 171 403 171 403 224 328 224 BIODEGRADABLE 0
348 224 407 224 407 265 348 265 BIODEGRADABLE 0
314 257 392 257 392 300 314 300 BIODEGRADABLE 0
280 294 362 294 362 344 280 344 BIODEGRADABLE 0
248 324 312 324 312 359 248 359 BIODEGRADABLE 0
237 271 285 271 285 317 237 317 BIODEGRADABLE 0
250 248 316 248 316 298 250 298 BIODEGRADABLE 0
248 224 291 224 291 256 248 256 BIODEGRADABLE 0
291 204 348 204 348 263 291 263 BIODEGRADABLE 0
282 148 336 148 336 204 282 204 BIODEGRADABLE 0
259 135 300 135 300 189 259 189 BIODEGRADABLE 0
264 190 307 190 307 224 264 224 BIODEGRADABLE 0
213.99999999999997 199 268 199 268 235 213.99999999999997 235 BIODEGRADABLE 0
187 226.99999999999997 252.99999999999997 226.99999999999997 252.99999999999997 287 187 287 BIODEGRADABLE 0
189 194 219 194 219 228.00000000000003 189 228.00000000000003 BIODEGRADABLE 0
213.99999999999997 160 262 160 262 200 213.99999999999997 200 BIODEGRADABLE 0
219 125.99999999999999 262 125.99999999999999 262 162 219 162 BIODEGRADABLE 0