246 338 405 338 405 415 246 415 BIODEGRADABLE 0
396 362 414 362 414 415 396 415 BIODEGRADABLE 0
213.99999999999997 406 255.00000000000003 406 255.00000000000003 415 213.99999999999997 415 BIODEGRADABLE 0
164 329 260 329 260 415 164 415 BIODEGRADABLE 0
130 406 184 406 184 415 130 415 BIODEGRADABLE 0
118 327 193 327 193 401 118 401 BIODEGRADABLE 0
84 359 164 359 164 415 84 415 BIODEGRADABLE 0
29.999999999999996 359 114.00000000000001 359 114.00000000000001 415 29.999999999999996 415 BIODEGRADABLE 0
12 404 53 404 53 415 12 415 BIODEGRADABLE 0
50 322 91 322 91 359 50 359 BIODEGRADABLE 0
73 344 111 344 111 361 73 361 BIODEGRADABLE 0
89 303 148 303 148 354 89 354 BIODEGRADABLE 0
132 274 175 274 175 327 132 327 BIODEGRADABLE 0
159 261 234 261 234 329 159 329 BIODEGRADABLE 0
216.00000000000003 271 278 271 278 345 216.00000000000003 345 BIODEGRADABLE 0
251.99999999999997 238.99999999999997 414 238.99999999999997 414 347 251.99999999999997 347 BIODEGRADABLE 0
264 219 387 219 387 257 264 257 BIODEGRADABLE 0
250 140 396 140 396 235 250 235 BIODEGRADABLE 0
373 172 414 172 414 258 373 258 BIODEGRADABLE 0
362 89 414 89 414 169 362 169 BIODEGRADABLE 0
344 136 364 136 364 146 344 146 BIODEGRADABLE 0
216.00000000000003 110 332 110 332 181 216.00000000000003 181 BIODEGRADABLE 0
164 169 262 169 262 235 164 235 BIODEGRADABLE 0
207 218 275 218 275 276 207 276 BIODEGRADABLE 0
123 201 207 201 207 257 123 257 BIODEGRADABLE 0
105 182 143 182 143 225.99999999999997 105 225.99999999999997 BIODEGRADABLE 0
141 165 189 165 189 201 141 201 BIODEGRADABLE 0
151 110 221 110 221 164 151 164 BIODEGRADABLE 0
98 244 178 244 178 300 98 300 BIODEGRADABLE 0
87 234 128 234 128 268 87 268 BIODEGRADABLE 0
80 267 100 267 100 279 80 279 BIODEGRADABLE 0
57.00000000000001 280 105 280 105 321 57.00000000000001 321 BIODEGRADABLE 0
86 288 132 288 132 320 86 320 BIODEGRADABLE 0
226.99999999999997 23 309 23 309 93 226.99999999999997 93 BIODEGRADABLE 0
241.00000000000003 85 341 85 341 133 241.00000000000003 133 BIODEGRADABLE 0
223 104 245 104 245 118 223 118 BIODEGRADABLE 0
282 56 348 56 348 125.99999999999999 282 125.99999999999999 BIODEGRADABLE 0
319 53 412 53 412 139 319 139 BIODEGRADABLE 0
343 1 413 1 413 67 343 67 BIODEGRADABLE 0
288 1 370 1 370 61 288 61 BIODEGRADABLE 0
243 1 317 1 317 58 243 58 BIODEGRADABLE 0
205 29 235 29 235 79 205 79 BIODEGRADABLE 0
198 72 244 72 244 110 198 110 BIODEGRADABLE 0
159 90 202 90 202 116 159 116 BIODEGRADABLE 0
146 46 203 46 203 88 146 88 BIODEGRADABLE 0
197 1 221 1 221 36 197 36 BIODEGRADABLE 0
211 1 248 1 248 24 211 24 BIODEGRADABLE 0
139 1 198 1 198 47 139 47 BIODEGRADABLE 0
118 21 148 21 148 47 118 47 BIODEGRADABLE 0
106.99999999999999 1 142 1 142 21 106.99999999999999 21 BIODEGRADABLE 0
103 49 144 49 144 83 103 83 BIODEGRADABLE 0
128 77 169 77 169 110 128 110 BIODEGRADABLE 0
105 94 135 94 135 119.99999999999999 105 119.99999999999999 BIODEGRADABLE 0
103 114.00000000000001 146 114.00000000000001 146 148 103 148 BIODEGRADABLE 0
141 148 161 148 161 168 141 168 BIODEGRADABLE 0
91 161 139 161 139 193 91 193 BIODEGRADABLE 0
100 148 136 148 136 163 100 163 BIODEGRADABLE 0
85 189 106.99999999999999 189 106.99999999999999 219 85 219 BIODEGRADABLE 0
61 218 106.99999999999999 218 106.99999999999999 246 61 246 BIODEGRADABLE 0
28 231 66 231 66 259 28 259 BIODEGRADABLE 0
55 249 87 249 87 277 55 277 BIODEGRADABLE 0
36 199 64 199 64 225.99999999999997 36 225.99999999999997 BIODEGRADABLE 0
52 184 84 184 84 216.00000000000003 52 216.00000000000003 BIODEGRADABLE 0
19 187 55 187 55 211 19 211 BIODEGRADABLE 0
55 164 91 164 91 190 55 190 BIODEGRADABLE 0
91 161 137 161 137 187 91 187 BIODEGRADABLE 0
71 146 96 146 96 172 71 172 BIODEGRADABLE 0
32 128 70 128 70 167 32 167 BIODEGRADABLE 0
69 118 106.99999999999999 118 106.99999999999999 152 69 152 BIODEGRADABLE 0
66 109 91 109 91 127.00000000000001 66 127.00000000000001 BIODEGRADABLE 0
64 77 98 77 98 109 64 109 BIODEGRADABLE 0
82 83 110 83 110 119 82 119 BIODEGRADABLE 0
82 45 106.99999999999999 45 106.99999999999999 77 82 77 BIODEGRADABLE 0
106.99999999999999 25 121.00000000000001 25 121.00000000000001 47 106.99999999999999 47 BIODEGRADABLE 0
28 109 66 109 66 135 28 135 BIODEGRADABLE 0
16 98 46 98 46 118 16 118 BIODEGRADABLE 0
29.999999999999996 79 52 79 52 103 29.999999999999996 103 BIODEGRADABLE 0
48 77 66 77 66 109 48 109 BIODEGRADABLE 0
36 57.00000000000001 66 57.00000000000001 66 77 36 77 BIODEGRADABLE 0
64 50 78 50 78 76 64 76 BIODEGRADABLE 0
48 33 76 33 76 59 48 59 BIODEGRADABLE 0
71 29 87 29 87 53 71 53 BIODEGRADABLE 0
82 36 106.99999999999999 36 106.99999999999999 56 82 56 BIODEGRADABLE 0
82 21 104 21 104 41 82 41 BIODEGRADABLE 0
66 0 109 0 109 26 66 26 BIODEGRADABLE 0
50 18 68 18 68 39 50 39 BIODEGRADABLE 0