293 255.00000000000003 415 255.00000000000003 415 414 293 414 BIODEGRADABLE 0
292 198 356 198 356 296 292 296 BIODEGRADABLE 0
311 168 390 168 390 247 311 247 BIODEGRADABLE 0
367 185 391 185 391 268 367 268 BIODEGRADABLE 0
377 163 415 163 415 270 377 270 BIODEGRADABLE 0
350 146 399 146 399 188 350 188 BIODEGRADABLE 0
354 109 394 109 394 153 354 153 BIODEGRADABLE 0
315 109 348 109 348 175 315 175 BIODEGRADABLE 0
304 83 326 83 326 159 304 159 BIODEGRADABLE 0
326 74 353 74 353 109 326 109 BIODEGRADABLE 0
287 39 333 39 333 61 287 61 BIODEGRADABLE 0
309 59 364 59 364 133 309 133 BIODEGRADABLE 0
330 40 407 40 407 168 330 168 BIODEGRADABLE 0
388 89 415 89 415 179 388 179 BIODEGRADABLE 0
208 0 369 0 369 68 208 68 BIODEGRADABLE 0
197 7 265 7 265 68 197 68 BIODEGRADABLE 0
219 62.99999999999999 255.00000000000003 62.99999999999999 255.00000000000003 98 219 98 BIODEGRADABLE 0
200 65 268 65 268 124 200 124 BIODEGRADABLE 0
173 33 306 33 306 403 173 403 BIODEGRADABLE 0
219 310 285 310 285 414 219 414 BIODEGRADABLE 0
271 292 329 292 329 414 271 414 BIODEGRADABLE 0
290 255.00000000000003 414 255.00000000000003 414 414 290 414 BIODEGRADABLE 0
1 326 90 326 90 414 1 414 BIODEGRADABLE 0
24 294 45 294 45 377 24 377 BIODEGRADABLE 0
29.999999999999996 292 106.99999999999999 292 106.99999999999999 355 29.999999999999996 355 BIODEGRADABLE 0
52 272 74 272 74 307 52 307 BIODEGRADABLE 0
83 264 101 264 101 301 83 301 BIODEGRADABLE 0
8 61 84 61 84 203 8 203 BIODEGRADABLE 0
91 118 112 118 112 213.99999999999997 91 213.99999999999997 BIODEGRADABLE 0
93 0 123 0 123 144 93 144 BIODEGRADABLE 0
32 31 95 31 95 75 32 75 BIODEGRADABLE 0
62 62.99999999999999 98 62.99999999999999 98 98 62 98 BIODEGRADABLE 0
56 1 224 1 224 133 56 133 BIODEGRADABLE 0
174 37 204 37 204 89 174 89 BIODEGRADABLE 0
117 124 163 124 163 211 117 211 BIODEGRADABLE 0
0 0 65 0 65 192 0 192 BIODEGRADABLE 0
1 173 70 173 70 310 1 310 BIODEGRADABLE 0
8 129 152 129 152 345 8 345 BIODEGRADABLE 0
87 353 119.99999999999999 353 119.99999999999999 414 87 414 BIODEGRADABLE 0
140 305 224 305 224 414 140 414 BIODEGRADABLE 0
93 152 233 152 233 414 93 414 BIODEGRADABLE 0
158 131 212.99999999999997 131 212.99999999999997 190 158 190 BIODEGRADABLE 0
183 106.99999999999999 249 106.99999999999999 249 163 183 163 BIODEGRADABLE 0
44 112.99999999999999 92 112.99999999999999 92 157 44 157 BIODEGRADABLE 0
1 1 415 1 415 415 1 415 BIODEGRADABLE 0