133 299 238.99999999999997 299 238.99999999999997 355 133 355 BIODEGRADABLE 0
37 285 157 285 157 349 37 349 BIODEGRADABLE 0
36 332 77 332 77 381 36 381 BIODEGRADABLE 0
31 285 75 285 75 309 31 309 BIODEGRADABLE 0
33 267 77 267 77 285 33 285 BIODEGRADABLE 0
41 205 139 205 139 272 41 272 BIODEGRADABLE 0
101 166 203 166 203 221 101 221 BIODEGRADABLE 0
231 112 326 112 326 182 231 182 BIODEGRADABLE 0
31 129 131 129 131 220 31 220 BIODEGRADABLE 0
23 88 57.00000000000001 88 57.00000000000001 150 23 150 BIODEGRADABLE 0
49 91 123 91 123 127.00000000000001 49 127.00000000000001 BIODEGRADABLE 0
39 67 75 67 75 95 39 95 BIODEGRADABLE 0
39 31 106 31 106 79 39 79 BIODEGRADABLE 0
49 12 75 12 75 34 49 34 BIODEGRADABLE 0
116 250 196 250 196 292 116 292 BIODEGRADABLE 0
123 237 159 237 159 255.00000000000003 123 255.00000000000003 BIODEGRADABLE 0
144 206 236 206 236 252.99999999999997 144 252.99999999999997 BIODEGRADABLE 0
203 183 237 183 237 201 203 201 BIODEGRADABLE 0
218 203 251.99999999999997 203 251.99999999999997 225 218 225 BIODEGRADABLE 0
216.00000000000003 230 265 230 265 262 216.00000000000003 262 BIODEGRADABLE 0
193 261 226.99999999999997 261 226.99999999999997 281 193 281 BIODEGRADABLE 0
223 16 339 16 339 84 223 84 BIODEGRADABLE 0
255.00000000000003 62.99999999999999 314 62.99999999999999 314 85 255.00000000000003 85 BIODEGRADABLE 0
298 48 336 48 336 86 298 86 BIODEGRADABLE 0
270 4 316 4 316 18 270 18 BIODEGRADABLE 0
324 116 362 116 362 142 324 142 BIODEGRADABLE 0
298 163 342 163 342 194 298 194 BIODEGRADABLE 0
357 181 393 181 393 209 357 209 BIODEGRADABLE 0
347 220 378 220 378 244 347 244 BIODEGRADABLE 0
288 233 337 233 337 267 288 267 BIODEGRADABLE 0
241.00000000000003 118 393 118 393 266 241.00000000000003 266 BIODEGRADABLE 0
193 263 237 263 237 293 193 293 BIODEGRADABLE 0
216.00000000000003 248 380 248 380 355 216.00000000000003 355 BIODEGRADABLE 0