40 258 134 258 134 308 40 308 BIODEGRADABLE 0
5 268 106.99999999999999 268 106.99999999999999 316 5 316 BIODEGRADABLE 0
3 260 141 260 141 372 3 372 BIODEGRADABLE 0
3 259 25 259 25 317 3 317 BIODEGRADABLE 0
2 340 104 340 104 400 2 400 BIODEGRADABLE 0
245 252.99999999999997 415 252.99999999999997 415 364 245 364 BIODEGRADABLE 0
288 8 377 8 377 56 288 56 BIODEGRADABLE 0
302 2 376 2 376 9 302 9 BIODEGRADABLE 0
212.99999999999997 2 292 2 292 38 212.99999999999997 38 BIODEGRADABLE 0
265 51 342 51 342 91 265 91 BIODEGRADABLE 0
334 51 415 51 415 86 334 86 BIODEGRADABLE 0
251 17 409 17 409 57.00000000000001 251 57.00000000000001 BIODEGRADABLE 0
278 131 367 131 367 177 278 177 BIODEGRADABLE 0
62 31 124 31 124 74 62 74 BIODEGRADABLE 0
82 79 129 79 129 114.00000000000001 82 114.00000000000001 BIODEGRADABLE 0
64 2 176 2 176 44 64 44 BIODEGRADABLE 0
122 5 216.00000000000003 5 216.00000000000003 62.99999999999999 122 62.99999999999999 BIODEGRADABLE 0
122 59.99999999999999 186 59.99999999999999 186 106 122 106 BIODEGRADABLE 0
5 29.999999999999996 59 29.999999999999996 59 92 5 92 BIODEGRADABLE 0
3 2 67 2 67 29.999999999999996 3 29.999999999999996 BIODEGRADABLE 0
27.000000000000004 83 89 83 89 117 27.000000000000004 117 BIODEGRADABLE 0
283 133 367 133 367 177 283 177 GLASS 0
372 98 416 98 416 151 372 151 GLASS 0
376 161 415 161 415 210 376 210 GLASS 0
340 396 397 396 397 415 340 415 METAL 0
7 115 233 115 233 149 7 149 PLASTIC 0
3 149 191 149 191 178 3 178 PLASTIC 0