121.00000000000001 151 303 151 303 255.00000000000003 121.00000000000001 255.00000000000003 BIODEGRADABLE 0
151 59.99999999999999 300 59.99999999999999 300 156 151 156 BIODEGRADABLE 0
161 7 323 7 323 75 161 75 BIODEGRADABLE 0
96 3 190 3 190 95 96 95 BIODEGRADABLE 0
28 18 132 18 132 104 28 104 BIODEGRADABLE 0
13 115 179 115 179 191 13 191 BIODEGRADABLE 0
48 95 176 95 176 178 48 178 BIODEGRADABLE 0
10 171 116 171 116 283 10 283 BIODEGRADABLE 0
106 198 197 198 197 260 106 260 BIODEGRADABLE 0
101 245 238.99999999999997 245 238.99999999999997 331 101 331 BIODEGRADABLE 0
229.00000000000003 218 363 218 363 304 229.00000000000003 304 BIODEGRADABLE 0
278 147 416 147 416 229.00000000000003 278 229.00000000000003 BIODEGRADABLE 0
255.00000000000003 77 359 77 359 155 255.00000000000003 155 BIODEGRADABLE 0
251.99999999999997 288 383 288 383 352 251.99999999999997 352 BIODEGRADABLE 0
127.00000000000001 311 265 311 265 401 127.00000000000001 401 BIODEGRADABLE 0
29.999999999999996 280 134 280 134 373 29.999999999999996 373 BIODEGRADABLE 0
68 367 155 367 155 415 68 415 BIODEGRADABLE 0