146 243 218 243 218 293 146 293 BIODEGRADABLE 0
135 271 198 271 198 301 135 301 BIODEGRADABLE 0
118 290 168 290 168 332 118 332 BIODEGRADABLE 0
114.00000000000001 327 153 327 153 361 114.00000000000001 361 BIODEGRADABLE 0
125.99999999999999 348 170 348 170 366 125.99999999999999 366 BIODEGRADABLE 0
129 364 188 364 188 397 129 397 BIODEGRADABLE 0
90 298 140 298 140 325 90 325 BIODEGRADABLE 0
109 249 148 249 148 299 109 299 BIODEGRADABLE 0
96 250 131 250 131 290 96 290 BIODEGRADABLE 0
92 210 131 210 131 251.99999999999997 92 251.99999999999997 BIODEGRADABLE 0
83 193 115 193 115 225.99999999999997 83 225.99999999999997 BIODEGRADABLE 0
122 202 172 202 172 230 122 230 BIODEGRADABLE 0
111 229.00000000000003 179 229.00000000000003 179 248 111 248 BIODEGRADABLE 0
131 192 192 192 192 246 131 246 BIODEGRADABLE 0
100 145 146 145 146 200 100 200 BIODEGRADABLE 0
290 172 386 172 386 224 290 224 BIODEGRADABLE 0
327 211 347 211 347 230 327 230 BIODEGRADABLE 0
303 218 318 218 318 242.00000000000003 303 242.00000000000003 BIODEGRADABLE 0
311 255.00000000000003 329 255.00000000000003 329 273 311 273 BIODEGRADABLE 0
274 210 366 210 366 298 274 298 BIODEGRADABLE 0
301 287 351 287 351 325 301 325 BIODEGRADABLE 0
303 315 323 315 323 334 303 334 BIODEGRADABLE 0
273 313 299 313 299 347 273 347 BIODEGRADABLE 0
239.99999999999997 345 286 345 286 383 239.99999999999997 383 BIODEGRADABLE 0
203 356 242.00000000000003 356 242.00000000000003 378 203 378 BIODEGRADABLE 0
172 336 255.00000000000003 336 255.00000000000003 377 172 377 BIODEGRADABLE 0
238 309 270 309 270 350 238 350 BIODEGRADABLE 0
211 317 246 317 246 333 211 333 BIODEGRADABLE 0
176 320 218 320 218 342 176 342 BIODEGRADABLE 0
196 302 224 302 224 320 196 320 BIODEGRADABLE 0
157 241.00000000000003 261 241.00000000000003 261 339 157 339 BIODEGRADABLE 0
247 243 279 243 279 315 247 315 BIODEGRADABLE 0
268 285 292 285 292 326 268 326 BIODEGRADABLE 0
199 219 252.99999999999997 219 252.99999999999997 249 199 249 BIODEGRADABLE 0
188 195 242.00000000000003 195 242.00000000000003 243 188 243 BIODEGRADABLE 0
327 130 364 130 364 164 327 164 BIODEGRADABLE 0
281 167 325 167 325 186 281 186 BIODEGRADABLE 0
283 169 357 169 357 224 283 224 BIODEGRADABLE 0
174 37 218 37 218 73 174 73 BIODEGRADABLE 0
118 16 203 16 203 92 118 92 BIODEGRADABLE 0
87 81 155 81 155 147 87 147 BIODEGRADABLE 0
122 129 172 129 172 192 122 192 BIODEGRADABLE 0
174 180 194 180 194 199 174 199 BIODEGRADABLE 0
189 178 207 178 207 194 189 194 BIODEGRADABLE 0
196 175 235 175 235 202 196 202 BIODEGRADABLE 0
194 144 233 144 233 182 194 182 BIODEGRADABLE 0
235 115 270 115 270 170 235 170 BIODEGRADABLE 0
231 150 252.99999999999997 150 252.99999999999997 188 231 188 BIODEGRADABLE 0
242.00000000000003 161 272 161 272 207 242.00000000000003 207 BIODEGRADABLE 0
301 106.99999999999999 329 106.99999999999999 329 162 301 162 BIODEGRADABLE 0
286 117 301 117 301 161 286 161 BIODEGRADABLE 0
266 125 284 125 284 185 266 185 BIODEGRADABLE 0
257 186 272 186 272 202 257 202 BIODEGRADABLE 0
190 119.99999999999999 252.99999999999997 119.99999999999999 252.99999999999997 160 190 160 BIODEGRADABLE 0
168 87 190 87 190 128 168 128 BIODEGRADABLE 0
146 98 185 98 185 140 146 140 BIODEGRADABLE 0
181 68 242.00000000000003 68 242.00000000000003 139 181 139 BIODEGRADABLE 0
242.00000000000003 76 296 76 296 130 242.00000000000003 130 BIODEGRADABLE 0
233 93 259 93 259 123 233 123 BIODEGRADABLE 0
244 55 307 55 307 99 244 99 BIODEGRADABLE 0
277 95 301 95 301 119.99999999999999 277 119.99999999999999 BIODEGRADABLE 0
303 73 314 73 314 103 303 103 BIODEGRADABLE 0
308 100 340 100 340 125 308 125 BIODEGRADABLE 0
252.99999999999997 38 299 38 299 65 252.99999999999997 65 BIODEGRADABLE 0
233 29.999999999999996 248 29.999999999999996 248 41 233 41 BIODEGRADABLE 0
205 11 252.99999999999997 11 252.99999999999997 69 205 69 BIODEGRADABLE 0