62.99999999999999 73 184 73 184 197 62.99999999999999 197 BIODEGRADABLE 0
20 199 90 199 90 325 20 325 BIODEGRADABLE 0
245 81 285 81 285 159 245 159 BIODEGRADABLE 0
183 58 216.00000000000003 58 216.00000000000003 106 183 106 BIODEGRADABLE 0
208 102 262 102 262 160 208 160 BIODEGRADABLE 0
186 99 219 99 219 151 186 151 BIODEGRADABLE 0
166 143 213.99999999999997 143 213.99999999999997 205 166 205 BIODEGRADABLE 0
98 158 146 158 146 216.00000000000003 98 216.00000000000003 BIODEGRADABLE 0
75 197 106.99999999999999 197 106.99999999999999 259 75 259 BIODEGRADABLE 0
53 234 95 234 95 288 53 288 BIODEGRADABLE 0
105 211 140 211 140 251 105 251 BIODEGRADABLE 0
96 243 146 243 146 311 96 311 BIODEGRADABLE 0
95 275 135 275 135 325 95 325 BIODEGRADABLE 0
123 305 170 305 170 373 123 373 BIODEGRADABLE 0
141 267 193 267 193 327 141 327 BIODEGRADABLE 0
151 234 193 234 193 269 151 269 BIODEGRADABLE 0
143 180 185 180 185 236 143 236 BIODEGRADABLE 0
183 193 237 193 237 263 183 263 BIODEGRADABLE 0
216.00000000000003 158 276 158 276 218 216.00000000000003 218 BIODEGRADABLE 0
247 197 307 197 307 265 247 265 BIODEGRADABLE 0
232 220 250 220 250 251 232 251 BIODEGRADABLE 0
269 137 322 137 322 209 269 209 BIODEGRADABLE 0
292 157 336 157 336 212.99999999999997 292 212.99999999999997 BIODEGRADABLE 0
332 205 380 205 380 265 332 265 BIODEGRADABLE 0
308 238 360 238 360 296 308 296 BIODEGRADABLE 0
307 230 332 230 332 251 307 251 BIODEGRADABLE 0
360 234 386 234 386 282 360 282 BIODEGRADABLE 0
197 263 249 263 249 315 197 315 BIODEGRADABLE 0
169 305 224 305 224 379 169 379 BIODEGRADABLE 0
219 304 271 304 271 362 219 362 BIODEGRADABLE 0
232 329 278 329 278 375 232 375 BIODEGRADABLE 0
251 267 295 267 295 327 251 327 BIODEGRADABLE 0
289 288 335 288 335 356 289 356 BIODEGRADABLE 0
330 298 376 298 376 356 330 356 BIODEGRADABLE 0
345 282 395 282 395 336 345 336 BIODEGRADABLE 0
312 342 348 342 348 369 312 369 BIODEGRADABLE 0