29.999999999999996 241.00000000000003 66 241.00000000000003 66 259 29.999999999999996 259 BIODEGRADABLE 0
64 252.99999999999997 92 252.99999999999997 92 271 64 271 BIODEGRADABLE 0
46 209 92 209 92 237 46 237 BIODEGRADABLE 0
83 197 119 197 119 223 83 223 BIODEGRADABLE 0
130 202 160 202 160 224 130 224 BIODEGRADABLE 0
119 171 165 171 165 197 119 197 BIODEGRADABLE 0
133 254.00000000000003 181 254.00000000000003 181 282 133 282 BIODEGRADABLE 0
176 264 210 264 210 290 176 290 BIODEGRADABLE 0
176 233 217 233 217 254.00000000000003 176 254.00000000000003 BIODEGRADABLE 0
208 248 242.00000000000003 248 242.00000000000003 276 208 276 BIODEGRADABLE 0
254.00000000000003 232 304 232 304 252.99999999999997 254.00000000000003 252.99999999999997 BIODEGRADABLE 0
185 193 224 193 224 215.00000000000003 185 215.00000000000003 BIODEGRADABLE 0
192 167 225.99999999999997 167 225.99999999999997 191 192 191 BIODEGRADABLE 0
215.00000000000003 179 247 179 247 203 215.00000000000003 203 BIODEGRADABLE 0
318 164 354 164 354 192 318 192 BIODEGRADABLE 0
370 235 415 235 415 262 370 262 BIODEGRADABLE 0
381 196 415 196 415 230 381 230 BIODEGRADABLE 0
345 220 391 220 391 247 345 247 BIODEGRADABLE 0
309 238.99999999999997 359 238.99999999999997 359 260 309 260 BIODEGRADABLE 0
291 269 339 269 339 308 291 308 BIODEGRADABLE 0
266 270 316 270 316 308 266 308 BIODEGRADABLE 0
293 302 337 302 337 320 293 320 BIODEGRADABLE 0
254.00000000000003 252.99999999999997 300 252.99999999999997 300 275 254.00000000000003 275 BIODEGRADABLE 0
220 286 256 286 256 298 220 298 BIODEGRADABLE 0
220 257 261 257 261 287 220 287 BIODEGRADABLE 0
149 290 193 290 193 308 149 308 BIODEGRADABLE 0
133 271 174 271 174 293 133 293 BIODEGRADABLE 0
71 265 121.00000000000001 265 121.00000000000001 299 71 299 BIODEGRADABLE 0
48 256 89 256 89 280 48 280 BIODEGRADABLE 0
25 260 66 260 66 291 25 291 BIODEGRADABLE 0
85 242.00000000000003 133 242.00000000000003 133 266 85 266 BIODEGRADABLE 0
135 230 167 230 167 250 135 250 BIODEGRADABLE 0
108.00000000000001 226.99999999999997 172 226.99999999999997 172 263 108.00000000000001 263 BIODEGRADABLE 0
87 179 128 179 128 206 87 206 BIODEGRADABLE 0
62 148 122 148 122 182 62 182 BIODEGRADABLE 0
37 171 87 171 87 204 37 204 BIODEGRADABLE 0
2 196 48 196 48 229.00000000000003 2 229.00000000000003 BIODEGRADABLE 0
2 221 9 221 9 233 2 233 BIODEGRADABLE 0
10 158 59.99999999999999 158 59.99999999999999 196 10 196 BIODEGRADABLE 0
3 171 23 171 23 201 3 201 BIODEGRADABLE 0
117 153 163 153 163 173 117 173 BIODEGRADABLE 0
158 166 190 166 190 194 158 194 BIODEGRADABLE 0
181 137 233 137 233 175 181 175 BIODEGRADABLE 0
165 132 211 132 211 165 165 165 BIODEGRADABLE 0
229.00000000000003 190 273 190 273 218 229.00000000000003 218 BIODEGRADABLE 0
261 206 293 206 293 221 261 221 BIODEGRADABLE 0
290 205 350 205 350 241.00000000000003 290 241.00000000000003 BIODEGRADABLE 0
318 190 341 190 341 206 318 206 BIODEGRADABLE 0
268 186 318 186 318 210 268 210 BIODEGRADABLE 0
249 173 297 173 297 199 249 199 BIODEGRADABLE 0
239.99999999999997 152 288 152 288 188 239.99999999999997 188 BIODEGRADABLE 0
231 141 251 141 251 171 231 171 BIODEGRADABLE 0