164 386 236 386 236 414 164 414 BIODEGRADABLE 0
143 339 235 339 235 414 143 414 BIODEGRADABLE 0
155 344 238.99999999999997 344 238.99999999999997 380 155 380 BIODEGRADABLE 0
124 312 179 312 179 405 124 405 BIODEGRADABLE 0
92 357 139 357 139 414 92 414 BIODEGRADABLE 0
59 360 93 360 93 414 59 414 BIODEGRADABLE 0
9 336 61 336 61 414 9 414 BIODEGRADABLE 0
29.999999999999996 344 59 344 59 380 29.999999999999996 380 BIODEGRADABLE 0
44 314 91 314 91 382 44 382 BIODEGRADABLE 0
27.000000000000004 291 89 291 89 337 27.000000000000004 337 BIODEGRADABLE 0
7 293 41 293 41 339 7 339 BIODEGRADABLE 0
5 255.00000000000003 40 255.00000000000003 40 316 5 316 BIODEGRADABLE 0
2 207 29 207 29 259 2 259 BIODEGRADABLE 0
29 166 115 166 115 294 29 294 BIODEGRADABLE 0
89 282 127.00000000000001 282 127.00000000000001 328 89 328 BIODEGRADABLE 0
118 182 197 182 197 364 118 364 BIODEGRADABLE 0
162 296 225.99999999999997 296 225.99999999999997 360 162 360 BIODEGRADABLE 0
198 270 212.99999999999997 270 212.99999999999997 298 198 298 BIODEGRADABLE 0
162 220 222 220 222 316 162 316 BIODEGRADABLE 0
223 255.00000000000003 245 255.00000000000003 245 298 223 298 BIODEGRADABLE 0
234 221 250 221 250 246 234 246 BIODEGRADABLE 0
200 204 213.99999999999997 204 213.99999999999997 232 200 232 BIODEGRADABLE 0
129 82 193 82 193 196 129 196 BIODEGRADABLE 0
100 139 170 139 170 241.00000000000003 100 241.00000000000003 BIODEGRADABLE 0
108.00000000000001 226.99999999999997 138 226.99999999999997 138 284 108.00000000000001 284 BIODEGRADABLE 0
2 57.00000000000001 55 57.00000000000001 55 207 2 207 BIODEGRADABLE 0
29 1 68 1 68 68 29 68 BIODEGRADABLE 0
59.99999999999999 1 96 1 96 21 59.99999999999999 21 BIODEGRADABLE 0
89 1 200 1 200 46 89 46 BIODEGRADABLE 0
165 19 191 19 191 55 165 55 BIODEGRADABLE 0
186 9 210 9 210 68 186 68 BIODEGRADABLE 0
229.00000000000003 68 256 68 256 100 229.00000000000003 100 BIODEGRADABLE 0
241.00000000000003 132 268 132 268 178 241.00000000000003 178 BIODEGRADABLE 0
209 157 245 157 245 207 209 207 BIODEGRADABLE 0
173 121.00000000000001 238 121.00000000000001 238 159 173 159 BIODEGRADABLE 0
138 37 229.00000000000003 37 229.00000000000003 123 138 123 BIODEGRADABLE 0
124 54.00000000000001 139 54.00000000000001 139 82 124 82 BIODEGRADABLE 0
110 46 124 46 124 66 110 66 BIODEGRADABLE 0
106 39 115 39 115 51 106 51 BIODEGRADABLE 0
58 41 76 41 76 69 58 69 BIODEGRADABLE 0
45 55 62 55 62 85 45 85 BIODEGRADABLE 0
40 82 55 82 55 104 40 104 BIODEGRADABLE 0
44 112 61 112 61 132 44 132 BIODEGRADABLE 0
40 132 56 132 56 154 40 154 BIODEGRADABLE 0
56 123 70 123 70 151 56 151 BIODEGRADABLE 0
52 89 68 89 68 114.00000000000001 52 114.00000000000001 BIODEGRADABLE 0
59 73 77 73 77 98 59 98 BIODEGRADABLE 0
77 43 91 43 91 73 77 73 BIODEGRADABLE 0
87 50 105 50 105 78 87 78 BIODEGRADABLE 0
77 73 95 73 95 101 77 101 BIODEGRADABLE 0
106 78 121.00000000000001 78 121.00000000000001 100 106 100 BIODEGRADABLE 0
121.00000000000001 91 129 91 129 116 121.00000000000001 116 BIODEGRADABLE 0
93 91 111 91 111 119 93 119 BIODEGRADABLE 0
84 103 102 103 102 128 84 128 BIODEGRADABLE 0
65 106.99999999999999 83 106.99999999999999 83 132 65 132 BIODEGRADABLE 0
68 134 80 134 80 152 68 152 BIODEGRADABLE 0
81 125 97 125 97 148 81 148 BIODEGRADABLE 0