14 261 70 261 70 391 14 391 BIODEGRADABLE 0
18 119 125.99999999999999 119 125.99999999999999 305 18 305 BIODEGRADABLE 0
45 48 62 48 62 114.00000000000001 45 114.00000000000001 BIODEGRADABLE 0
77 29 97 29 97 116 77 116 BIODEGRADABLE 0
106 25 127.00000000000001 25 127.00000000000001 118 106 118 BIODEGRADABLE 0
141 59 181 59 181 116 141 116 BIODEGRADABLE 0
139 141 185 141 185 193 139 193 BIODEGRADABLE 0
217 194 232 194 232 212 217 212 BIODEGRADABLE 0
217 218 235 218 235 234 217 234 BIODEGRADABLE 0
224 234 233 234 233 250 224 250 BIODEGRADABLE 0
238.99999999999997 180 248 180 248 200 238.99999999999997 200 BIODEGRADABLE 0
247 198 259 198 259 218 247 218 BIODEGRADABLE 0
236 207 251 207 251 226.99999999999997 236 226.99999999999997 BIODEGRADABLE 0
237 230 252.99999999999997 230 252.99999999999997 246 237 246 BIODEGRADABLE 0
230 243 248 243 248 268 230 268 BIODEGRADABLE 0
135 228.00000000000003 181 228.00000000000003 181 298 135 298 BIODEGRADABLE 0
111 289 158 289 158 353 111 353 BIODEGRADABLE 0
160 284 203 284 203 350 160 350 BIODEGRADABLE 0
223 296 265 296 265 353 223 353 BIODEGRADABLE 0
197 50 279 50 279 159 197 159 BIODEGRADABLE 0
267 198 321 198 321 391 267 391 BIODEGRADABLE 0
363 280 375 280 375 414 363 414 BIODEGRADABLE 0
358 323 368 323 368 414 358 414 BIODEGRADABLE 0
348 307 358 307 358 414 348 414 BIODEGRADABLE 0
338 321 353 321 353 414 338 414 BIODEGRADABLE 0
330 314 344 314 344 414 330 414 BIODEGRADABLE 0
376 307 392 307 392 414 376 414 BIODEGRADABLE 0
279 1 415 1 415 333 279 333 BIODEGRADABLE 0