239.99999999999997 16 338 16 338 76 239.99999999999997 76 BIODEGRADABLE 0
59 8 163 8 163 68 59 68 BIODEGRADABLE 0
61 76 183 76 183 166 61 166 BIODEGRADABLE 0
195 114.00000000000001 295 114.00000000000001 295 187 195 187 BIODEGRADABLE 0
297 101 362 101 362 163 297 163 BIODEGRADABLE 0
251.99999999999997 189 336 189 336 255.00000000000003 251.99999999999997 255.00000000000003 BIODEGRADABLE 0
149 209 245 209 245 280 149 280 BIODEGRADABLE 0
41 188 137 188 137 258 41 258 BIODEGRADABLE 0
119.99999999999999 127.00000000000001 212.99999999999997 127.00000000000001 212.99999999999997 209 119.99999999999999 209 BIODEGRADABLE 0
149 13 245 13 245 109 149 109 BIODEGRADABLE 0
19 44 91 44 91 92 19 92 BIODEGRADABLE 0
11 206 100 206 100 311 11 311 BIODEGRADABLE 0
98 277 178 277 178 363 98 363 BIODEGRADABLE 0
39 347 119 347 119 393 39 393 BIODEGRADABLE 0
191 274 280 274 280 344 191 344 BIODEGRADABLE 0
277 260 373 260 373 326 277 326 BIODEGRADABLE 0
262 347 336 347 336 385 262 385 BIODEGRADABLE 0
145 337 245 337 245 415 145 415 BIODEGRADABLE 0