239.99999999999997 78 415 78 415 261 239.99999999999997 261 BIODEGRADABLE 0
370 2 415 2 415 146 370 146 BIODEGRADABLE 0
192 2 387 2 387 125.99999999999999 192 125.99999999999999 BIODEGRADABLE 0
2 2 215.00000000000003 2 215.00000000000003 195 2 195 BIODEGRADABLE 0
57.00000000000001 2 223 2 223 36 57.00000000000001 36 BIODEGRADABLE 0
19 116 239.99999999999997 116 239.99999999999997 343 19 343 BIODEGRADABLE 0
199 221 371 221 371 396 199 396 BIODEGRADABLE 0
352 212.99999999999997 414 212.99999999999997 414 412 352 412 BIODEGRADABLE 0
225.99999999999997 322 355 322 355 415 225.99999999999997 415 BIODEGRADABLE 0
41 310 231 310 231 415 41 415 BIODEGRADABLE 0
1 269 59.99999999999999 269 59.99999999999999 415 1 415 BIODEGRADABLE 0
1 65 36 65 36 291 1 291 BIODEGRADABLE 0