252.99999999999997 47 288 47 288 141 252.99999999999997 141 BIODEGRADABLE 0
276 101 326 101 326 169 276 169 BIODEGRADABLE 0
314 83 346 83 346 195 314 195 BIODEGRADABLE 0
289 156 333 156 333 234 289 234 BIODEGRADABLE 0
386 3 415 3 415 53 386 53 BIODEGRADABLE 0
346 3 398 3 398 99 346 99 BIODEGRADABLE 0
310 3 370 3 370 106.99999999999999 310 106.99999999999999 BIODEGRADABLE 0
349 133 389 133 389 359 349 359 BIODEGRADABLE 0
365 247 415 247 415 341 365 341 BIODEGRADABLE 0
373 195 402 195 402 351 373 351 BIODEGRADABLE 0
401 232 415 232 415 305 401 305 BIODEGRADABLE 0
379 159 401 159 401 315 379 315 BIODEGRADABLE 0
403 148 415 148 415 307 403 307 BIODEGRADABLE 0
304 307 336 307 336 367 304 367 BIODEGRADABLE 0
245 307 304 307 304 415 245 415 BIODEGRADABLE 0
297 276 314 276 314 310 297 310 BIODEGRADABLE 0
238.99999999999997 225.99999999999997 251 225.99999999999997 251 250 238.99999999999997 250 BIODEGRADABLE 0
251 239.99999999999997 263 239.99999999999997 263 271 251 271 BIODEGRADABLE 0
234 200 310 200 310 346 234 346 BIODEGRADABLE 0
192 234 230 234 230 320 192 320 BIODEGRADABLE 0
106 229.00000000000003 170 229.00000000000003 170 307 106 307 BIODEGRADABLE 0
158 314 222 314 222 415 158 415 BIODEGRADABLE 0
164 276 225.99999999999997 276 225.99999999999997 411 164 411 BIODEGRADABLE 0
144 333 177 333 177 403 144 403 BIODEGRADABLE 0
79 372 150 372 150 415 79 415 BIODEGRADABLE 0
62.99999999999999 320 105 320 105 415 62.99999999999999 415 BIODEGRADABLE 0
38 346 70 346 70 415 38 415 BIODEGRADABLE 0
2 294 39 294 39 374 2 374 BIODEGRADABLE 0
41 187 85 187 85 351 41 351 BIODEGRADABLE 0
24 203 85 203 85 333 24 333 BIODEGRADABLE 0
17 252.99999999999997 42 252.99999999999997 42 302 17 302 BIODEGRADABLE 0
0 302 7 302 7 333 0 333 BIODEGRADABLE 0
118 3 172 3 172 57.00000000000001 118 57.00000000000001 BIODEGRADABLE 0
43 84 59.99999999999999 84 59.99999999999999 119.99999999999999 43 119.99999999999999 BIODEGRADABLE 0
58 47 70 47 70 78 58 78 BIODEGRADABLE 0
36 57.00000000000001 51 57.00000000000001 51 81 36 81 BIODEGRADABLE 0
3 3 18 3 18 31 3 31 BIODEGRADABLE 0
18 3 27.000000000000004 3 27.000000000000004 19 18 19 BIODEGRADABLE 0
1 7 4 7 4 32 1 32 BIODEGRADABLE 0
0 59.99999999999999 7 59.99999999999999 7 84 0 84 BIODEGRADABLE 0
2 47 19 47 19 86 2 86 BIODEGRADABLE 0
1 150 9 150 9 172 1 172 BIODEGRADABLE 0