133 100 265 100 265 224 133 224 BIODEGRADABLE 0
180 98 267 98 267 144 180 144 BIODEGRADABLE 0
259 106.99999999999999 372 106.99999999999999 372 185 259 185 BIODEGRADABLE 0
348 139 409 139 409 203 348 203 BIODEGRADABLE 0
359 154 415 154 415 261 359 261 BIODEGRADABLE 0
256 179 363 179 363 231 256 231 BIODEGRADABLE 0
194 194 305 194 305 274 194 274 BIODEGRADABLE 0
237 224 271 224 271 270 237 270 BIODEGRADABLE 0
298 222 370 222 370 296 298 296 BIODEGRADABLE 0
370 254.00000000000003 414 254.00000000000003 414 350 370 350 BIODEGRADABLE 0
287 281 322 281 322 344 287 344 BIODEGRADABLE 0
244 274 290 274 290 352 244 352 BIODEGRADABLE 0
264 298 366 298 366 372 264 372 BIODEGRADABLE 0
303 362 335 362 335 396 303 396 BIODEGRADABLE 0
212.99999999999997 324 252.99999999999997 324 252.99999999999997 359 212.99999999999997 359 BIODEGRADABLE 0
184 250 272 250 272 332 184 332 BIODEGRADABLE 0
163 249 200 249 200 283 163 283 BIODEGRADABLE 0
172 230 200 230 200 251.99999999999997 172 251.99999999999997 BIODEGRADABLE 0
106 172 194 172 194 239.99999999999997 106 239.99999999999997 BIODEGRADABLE 0
76 216.00000000000003 194 216.00000000000003 194 322 76 322 BIODEGRADABLE 0
67 251.99999999999997 106 251.99999999999997 106 318 67 318 BIODEGRADABLE 0
34 261 80 261 80 335 34 335 BIODEGRADABLE 0
62.99999999999999 315 155 315 155 385 62.99999999999999 385 BIODEGRADABLE 0
152 317 204 317 204 383 152 383 BIODEGRADABLE 0
200 322 258 322 258 394 200 394 BIODEGRADABLE 0
255.00000000000003 350 309 350 309 398 255.00000000000003 398 BIODEGRADABLE 0
281 387 305 387 305 415 281 415 BIODEGRADABLE 0
244 394 280 394 280 415 244 415 BIODEGRADABLE 0
181 384 246 384 246 415 181 415 BIODEGRADABLE 0
123 405 182 405 182 415 123 415 BIODEGRADABLE 0
128 376 202 376 202 413 128 413 BIODEGRADABLE 0
68 386 111 386 111 415 68 415 BIODEGRADABLE 0
102 372 184 372 184 414 102 414 BIODEGRADABLE 0
14.999999999999998 381 55 381 55 399 14.999999999999998 399 BIODEGRADABLE 0
21 330 45 330 45 374 21 374 BIODEGRADABLE 0
37 333 95 333 95 379 37 379 BIODEGRADABLE 0
11 100 415 100 415 415 11 415 BIODEGRADABLE 0