3 12 65 12 65 71 3 71 BIODEGRADABLE 0
2 1 72 1 72 13 2 13 BIODEGRADABLE 0
57.00000000000001 7 141 7 141 65 57.00000000000001 65 BIODEGRADABLE 0
108.00000000000001 1 182 1 182 13 108.00000000000001 13 BIODEGRADABLE 0
226.99999999999997 2 371 2 371 64 226.99999999999997 64 BIODEGRADABLE 0
187 2 373 2 373 75 187 75 BIODEGRADABLE 0
160 2 373 2 373 91 160 91 BIODEGRADABLE 0
323 83 371 83 371 106 323 106 BIODEGRADABLE 0
125 14.999999999999998 168 14.999999999999998 168 43 125 43 BIODEGRADABLE 0
136 39 206 39 206 81 136 81 BIODEGRADABLE 0
106 58 146 58 146 81 106 81 BIODEGRADABLE 0
12 62 127.00000000000001 62 127.00000000000001 116 12 116 BIODEGRADABLE 0
3 81 22 81 22 111 3 111 BIODEGRADABLE 0
14.999999999999998 106 91 106 91 159 14.999999999999998 159 BIODEGRADABLE 0
3 115 46 115 46 195 3 195 BIODEGRADABLE 0
2 187 48 187 48 251 2 251 BIODEGRADABLE 0
41 151 101 151 101 397 41 397 BIODEGRADABLE 0
5 233 165 233 165 345 5 345 BIODEGRADABLE 0
86 274 184 274 184 380 86 380 BIODEGRADABLE 0
2 261 158 261 158 382 2 382 BIODEGRADABLE 0
3 281 139 281 139 389 3 389 BIODEGRADABLE 0
2 313 86 313 86 393 2 393 BIODEGRADABLE 0
2 374 58 374 58 415 2 415 BIODEGRADABLE 0
46 108.00000000000001 134 108.00000000000001 134 164 46 164 BIODEGRADABLE 0
111 80 175 80 175 118 111 118 BIODEGRADABLE 0
137 77 212.99999999999997 77 212.99999999999997 135 137 135 BIODEGRADABLE 0
196 73 256 73 256 116 196 116 BIODEGRADABLE 0
249 75 297 75 297 99 249 99 BIODEGRADABLE 0
251 100 294 100 294 122 251 122 BIODEGRADABLE 0
232 121.00000000000001 275 121.00000000000001 275 138 232 138 BIODEGRADABLE 0
199 118 235 118 235 132 199 132 BIODEGRADABLE 0
294 94 340 94 340 122 294 122 BIODEGRADABLE 0
273 118 307 118 307 140 273 140 BIODEGRADABLE 0
302 124 340 124 340 142 302 142 BIODEGRADABLE 0
333 106.99999999999999 369 106.99999999999999 369 135 333 135 BIODEGRADABLE 0
340 101 356 101 356 111 340 111 BIODEGRADABLE 0
319 135 359 135 359 158 319 158 BIODEGRADABLE 0
273 140 309 140 309 164 273 164 BIODEGRADABLE 0
306 145 344 145 344 163 306 163 BIODEGRADABLE 0
299 163 347 163 347 191 299 191 BIODEGRADABLE 0
304 189 332 189 332 205 304 205 BIODEGRADABLE 0
242.00000000000003 167 309 167 309 210 242.00000000000003 210 BIODEGRADABLE 0
194 130 273 130 273 188 194 188 BIODEGRADABLE 0
119.99999999999999 132 204 132 204 188 119.99999999999999 188 BIODEGRADABLE 0
79 166 112.99999999999999 166 112.99999999999999 188 79 188 BIODEGRADABLE 0
103 167 125 167 125 177 103 177 BIODEGRADABLE 0
65 174 81 174 81 190 65 190 BIODEGRADABLE 0
77 185 115 185 115 207 77 207 BIODEGRADABLE 0
258 201 402 201 402 274 258 274 BIODEGRADABLE 0
325 191 349 191 349 213.99999999999997 325 213.99999999999997 BIODEGRADABLE 0
258 238 325 238 325 310 258 310 BIODEGRADABLE 0
137 207 168 207 168 224 137 224 BIODEGRADABLE 0
112.99999999999999 195 141 195 141 215.00000000000003 112.99999999999999 215.00000000000003 BIODEGRADABLE 0
86 208 110 208 110 222 86 222 BIODEGRADABLE 0
75 220 103 220 103 237 75 237 BIODEGRADABLE 0
146 188 184 188 184 206 146 206 BIODEGRADABLE 0
184 195 206 195 206 211 184 211 BIODEGRADABLE 0
204 203 230 203 230 223 204 223 BIODEGRADABLE 0
206 220 232 220 232 233 206 233 BIODEGRADABLE 0
191 228.00000000000003 225 228.00000000000003 225 244 191 244 BIODEGRADABLE 0
189 238.99999999999997 208 238.99999999999997 208 252.99999999999997 189 252.99999999999997 BIODEGRADABLE 0
168 244 199 244 199 262 168 262 BIODEGRADABLE 0
158 230 192 230 192 251.99999999999997 158 251.99999999999997 BIODEGRADABLE 0
170 211 198 211 198 231 170 231 BIODEGRADABLE 0
127.00000000000001 224 165 224 165 241.00000000000003 127.00000000000001 241.00000000000003 BIODEGRADABLE 0
132 244 168 244 168 258 132 258 BIODEGRADABLE 0
108.00000000000001 238 132 238 132 255.00000000000003 108.00000000000001 255.00000000000003 BIODEGRADABLE 0
119.99999999999999 256 154 256 154 274 119.99999999999999 274 BIODEGRADABLE 0
132 269 160 269 160 287 132 287 BIODEGRADABLE 0
153 261 189 261 189 281 153 281 BIODEGRADABLE 0
117 293 151 293 151 311 117 311 BIODEGRADABLE 0
110 275 132 275 132 293 110 293 BIODEGRADABLE 0
237 230 265 230 265 244 237 244 BIODEGRADABLE 0
251.99999999999997 243 280 243 280 257 251.99999999999997 257 BIODEGRADABLE 0
230 241.00000000000003 251.99999999999997 241.00000000000003 251.99999999999997 255.00000000000003 230 255.00000000000003 BIODEGRADABLE 0
241.00000000000003 256 263 256 263 276 241.00000000000003 276 BIODEGRADABLE 0
218 251.99999999999997 244 251.99999999999997 244 274 218 274 BIODEGRADABLE 0
223 277 249 277 249 290 223 290 BIODEGRADABLE 0
249 278 268 278 268 291 249 291 BIODEGRADABLE 0
263 293 275 293 275 303 263 303 BIODEGRADABLE 0
242.00000000000003 291 261 291 261 303 242.00000000000003 303 BIODEGRADABLE 0
216.00000000000003 290 244 290 244 307 216.00000000000003 307 BIODEGRADABLE 0
235 303 263 303 263 320 235 320 BIODEGRADABLE 0
212.99999999999997 309 237 309 237 326 212.99999999999997 326 BIODEGRADABLE 0
191 297 215.00000000000003 297 215.00000000000003 311 191 311 BIODEGRADABLE 0
180 280 208 280 208 296 180 296 BIODEGRADABLE 0
194 266 222 266 222 290 194 290 BIODEGRADABLE 0
163 291 189 291 189 307 163 307 BIODEGRADABLE 0
182 309 208 309 208 325 182 325 BIODEGRADABLE 0
154 309 182 309 182 326 154 326 BIODEGRADABLE 0
332 155 415 155 415 235 332 235 BIODEGRADABLE 0
358 53 415 53 415 158 358 158 BIODEGRADABLE 0
330 1 415 1 415 79 330 79 BIODEGRADABLE 0
292 1 338 1 338 13 292 13 BIODEGRADABLE 0
368 229.00000000000003 415 229.00000000000003 415 282 368 282 BIODEGRADABLE 0
392 189 415 189 415 236 392 236 BIODEGRADABLE 0
346 277 415 277 415 333 346 333 BIODEGRADABLE 0
292 260 364 260 364 302 292 302 BIODEGRADABLE 0
268 292 308 292 308 320 268 320 BIODEGRADABLE 0
309 297 400 297 400 346 309 346 BIODEGRADABLE 0
308 341 415 341 415 415 308 415 BIODEGRADABLE 0
267 388 341 388 341 415 267 415 BIODEGRADABLE 0
234 314 330 314 330 390 234 390 BIODEGRADABLE 0
198 381 274 381 274 415 198 415 BIODEGRADABLE 0
155 347 251 347 251 403 155 403 BIODEGRADABLE 0
155 323 238.99999999999997 323 238.99999999999997 353 155 353 BIODEGRADABLE 0
59 381 195 381 195 415 59 415 BIODEGRADABLE 0