21 34 89 34 89 106 21 106 BIODEGRADABLE 0
2 38 32 38 32 73 2 73 BIODEGRADABLE 0
74 62 119 62 119 168 74 168 BIODEGRADABLE 0
77 38 105 38 105 69 77 69 BIODEGRADABLE 0
105 57.00000000000001 137 57.00000000000001 137 77 105 77 BIODEGRADABLE 0
238 38 282 38 282 73 238 73 BIODEGRADABLE 0
208 33 242.00000000000003 33 242.00000000000003 57.00000000000001 208 57.00000000000001 BIODEGRADABLE 0
159 93 215.00000000000003 93 215.00000000000003 161 159 161 BIODEGRADABLE 0
94 77 161 77 161 201 94 201 BIODEGRADABLE 0
29 165 97 165 97 229.00000000000003 29 229.00000000000003 BIODEGRADABLE 0
5 104 93 104 93 192 5 192 BIODEGRADABLE 0
2 148 33 148 33 210 2 210 BIODEGRADABLE 0
2 73 35 73 35 148 2 148 BIODEGRADABLE 0
193 125.99999999999999 259 125.99999999999999 259 236 193 236 BIODEGRADABLE 0
170 161 202 161 202 225 170 225 BIODEGRADABLE 0
137 161 181 161 181 245 137 245 BIODEGRADABLE 0
85 183 139 183 139 251 85 251 BIODEGRADABLE 0
39 221 78 221 78 269 39 269 BIODEGRADABLE 0
2 207 38 207 38 260 2 260 BIODEGRADABLE 0
22 269 74 269 74 331 22 331 BIODEGRADABLE 0
20 251 69 251 69 277 20 277 BIODEGRADABLE 0
72 260 114.00000000000001 260 114.00000000000001 330 72 330 BIODEGRADABLE 0
78 229.00000000000003 144 229.00000000000003 144 293 78 293 BIODEGRADABLE 0
117 257 156 257 156 317 117 317 BIODEGRADABLE 0
145 234 197 234 197 313 145 313 BIODEGRADABLE 0
139 311 172 311 172 359 139 359 BIODEGRADABLE 0
161 313 219 313 219 392 161 392 BIODEGRADABLE 0
189 300 213.99999999999997 300 213.99999999999997 326 189 326 BIODEGRADABLE 0
197 256 243 256 243 322 197 322 BIODEGRADABLE 0
213.99999999999997 213.99999999999997 270 213.99999999999997 270 278 213.99999999999997 278 BIODEGRADABLE 0
181 223 211 223 211 256 181 256 BIODEGRADABLE 0
239.99999999999997 132 282 132 282 189 239.99999999999997 189 BIODEGRADABLE 0
11 328 58 328 58 390 11 390 BIODEGRADABLE 0
2 315 14.999999999999998 315 14.999999999999998 359 2 359 BIODEGRADABLE 0
2 366 32 366 32 416 2 416 BIODEGRADABLE 0
29 383 65 383 65 415 29 415 BIODEGRADABLE 0
55 359 105 359 105 415 55 415 BIODEGRADABLE 0
98 376 134 376 134 415 98 415 BIODEGRADABLE 0
265 388 293 388 293 416 265 416 BIODEGRADABLE 0
285 352 327 352 327 407 285 407 BIODEGRADABLE 0
294 405 319 405 319 415 294 415 BIODEGRADABLE 0
318 405 339 405 339 415 318 415 BIODEGRADABLE 0
313 337 335 337 335 363 313 363 BIODEGRADABLE 0
304 337 320 337 320 359 304 359 BIODEGRADABLE 0
301 313 321 313 321 339 301 339 BIODEGRADABLE 0
323 317 357 317 357 355 323 355 BIODEGRADABLE 0
327 350 357 350 357 388 327 388 BIODEGRADABLE 0
329 383 362 383 362 415 329 415 BIODEGRADABLE 0
360 361 388 361 388 401 360 401 BIODEGRADABLE 0
359 400 386 400 386 415 359 415 BIODEGRADABLE 0
385 376 415 376 415 415 385 415 BIODEGRADABLE 0
386 334 415 334 415 377 386 377 BIODEGRADABLE 0
357 324 388 324 388 357 357 357 BIODEGRADABLE 0
328 212 359 212 359 247 328 247 BIODEGRADABLE 0
349 223 371 223 371 256 349 256 BIODEGRADABLE 0
379 235 403 235 403 262 379 262 BIODEGRADABLE 0
381 238.99999999999997 415 238.99999999999997 415 281 381 281 BIODEGRADABLE 0
402 224 415 224 415 245 402 245 BIODEGRADABLE 0
373 202 399 202 399 239.99999999999997 373 239.99999999999997 BIODEGRADABLE 0
360 188 380 188 380 216.00000000000003 360 216.00000000000003 BIODEGRADABLE 0
345 194 359 194 359 207 345 207 BIODEGRADABLE 0
357 161 375 161 375 189 357 189 BIODEGRADABLE 0
379 165 407 165 407 203 379 203 BIODEGRADABLE 0
398 189 416 189 416 229.00000000000003 398 229.00000000000003 BIODEGRADABLE 0
391 145 415 145 415 188 391 188 BIODEGRADABLE 0
368 125.99999999999999 394 125.99999999999999 394 166 368 166 BIODEGRADABLE 0
392 90 415 90 415 149 392 149 BIODEGRADABLE 0
378 77 404 77 404 123 378 123 BIODEGRADABLE 0