232 320 402 320 402 415 232 415 BIODEGRADABLE 0
346 291 414 291 414 402 346 402 BIODEGRADABLE 0
138 301 262 301 262 405 138 405 BIODEGRADABLE 0
232 244 365 244 365 329 232 329 BIODEGRADABLE 0
303 201 399 201 399 285 303 285 BIODEGRADABLE 0
380 178 414 178 414 251.99999999999997 380 251.99999999999997 BIODEGRADABLE 0
191 177 301 177 301 259 191 259 BIODEGRADABLE 0
109 230 223 230 223 315 109 315 BIODEGRADABLE 0
119.99999999999999 164 208 164 208 234 119.99999999999999 234 BIODEGRADABLE 0
172 108.00000000000001 258 108.00000000000001 258 178 172 178 BIODEGRADABLE 0
255.00000000000003 119 298 119 298 163 255.00000000000003 163 BIODEGRADABLE 0
251 161 324 161 324 205 251 205 BIODEGRADABLE 0
285 132 373 132 373 195 285 195 BIODEGRADABLE 0
364 140 414 140 414 208 364 208 BIODEGRADABLE 0
346 103 414 103 414 156 346 156 BIODEGRADABLE 0
264 84 350 84 350 140 264 140 BIODEGRADABLE 0
341 86 371 86 371 116 341 116 BIODEGRADABLE 0
318 32 382 32 382 84 318 84 BIODEGRADABLE 0
277 53 343 53 343 92 277 92 BIODEGRADABLE 0
264 17 322 17 322 55 264 55 BIODEGRADABLE 0
309 26 335 26 335 39 309 39 BIODEGRADABLE 0
215.00000000000003 32 292 32 292 90 215.00000000000003 90 BIODEGRADABLE 0
170 67 228.00000000000003 67 228.00000000000003 87 170 87 BIODEGRADABLE 0
165 84 236 84 236 130 165 130 BIODEGRADABLE 0
234 96 274 96 274 122 234 122 BIODEGRADABLE 0
112 105 170 105 170 155 112 155 BIODEGRADABLE 0
122 130 172 130 172 172 122 172 BIODEGRADABLE 0
94 135 119.99999999999999 135 119.99999999999999 165 94 165 BIODEGRADABLE 0
52 85 116 85 116 138 52 138 BIODEGRADABLE 0
88 48 168 48 168 109 88 109 BIODEGRADABLE 0
151 21 217 21 217 67 151 67 BIODEGRADABLE 0
56 7 119.99999999999999 7 119.99999999999999 28 56 28 BIODEGRADABLE 0
1 14.999999999999998 35 14.999999999999998 35 70 1 70 BIODEGRADABLE 0
29.999999999999996 14.999999999999998 69 14.999999999999998 69 36 29.999999999999996 36 BIODEGRADABLE 0
28 31 71 31 71 77 28 77 BIODEGRADABLE 0
2 70 28 70 28 100 2 100 BIODEGRADABLE 0
75 27.000000000000004 110 27.000000000000004 110 61 75 61 BIODEGRADABLE 0
119.99999999999999 14.999999999999998 154 14.999999999999998 154 49 119.99999999999999 49 BIODEGRADABLE 0
191 3 275 3 275 39 191 39 BIODEGRADABLE 0
390 7 414 7 414 49 390 49 BIODEGRADABLE 0