127.00000000000001 238 191 238 191 283 127.00000000000001 283 BIODEGRADABLE 0
178 230 230 230 230 278 178 278 BIODEGRADABLE 0
219 185 273 185 273 265 219 265 BIODEGRADABLE 0
238 191 341 191 341 260 238 260 BIODEGRADABLE 0
287 201 341 201 341 229.00000000000003 287 229.00000000000003 BIODEGRADABLE 0
185 127.00000000000001 311 127.00000000000001 311 207 185 207 BIODEGRADABLE 0
185 262 288 262 288 318 185 318 BIODEGRADABLE 0
112 132 180 132 180 192 112 192 BIODEGRADABLE 0
153 109 187 109 187 145 153 145 BIODEGRADABLE 0
210 112.99999999999999 252.99999999999997 112.99999999999999 252.99999999999997 150 210 150 BIODEGRADABLE 0
79 183 159 183 159 215.00000000000003 79 215.00000000000003 BIODEGRADABLE 0
101 210 139 210 139 254.00000000000003 101 254.00000000000003 BIODEGRADABLE 0
114.00000000000001 213.99999999999997 146 213.99999999999997 146 230 114.00000000000001 230 BIODEGRADABLE 0
163 215.00000000000003 193 215.00000000000003 193 233 163 233 BIODEGRADABLE 0
201 180 221 180 221 202 201 202 BIODEGRADABLE 0
56 186 356 186 356 254.00000000000003 56 254.00000000000003 BIODEGRADABLE 0
169 108.00000000000001 249 108.00000000000001 249 328 169 328 BIODEGRADABLE 0
62.99999999999999 110 170 110 170 328 62.99999999999999 328 BIODEGRADABLE 0
251 109 356 109 356 326 251 326 BIODEGRADABLE 0