164 73 176 73 176 91 164 91 BIODEGRADABLE 0
168 66 180 66 180 84 168 84 BIODEGRADABLE 0
180 39 192 39 192 57.00000000000001 180 57.00000000000001 BIODEGRADABLE 0
200 48 210 48 210 66 200 66 BIODEGRADABLE 0
189 96 201 96 201 116 189 116 BIODEGRADABLE 0
277 78 289 78 289 96 277 96 BIODEGRADABLE 0
288 53 300 53 300 73 288 73 BIODEGRADABLE 0
300 78 310 78 310 96 300 96 BIODEGRADABLE 0
285 106.99999999999999 297 106.99999999999999 297 127.00000000000001 285 127.00000000000001 BIODEGRADABLE 0
311 53 321 53 321 71 311 71 BIODEGRADABLE 0
301 198 316 198 316 234 301 234 BIODEGRADABLE 0
224 203 238 203 238 225 224 225 BIODEGRADABLE 0
2 287 22 287 22 323 2 323 BIODEGRADABLE 0
55 282 69 282 69 310 55 310 BIODEGRADABLE 0
31 287 53 287 53 312 31 312 BIODEGRADABLE 0
2 252.99999999999997 80 252.99999999999997 80 291 2 291 BIODEGRADABLE 0
79 248 129 248 129 291 79 291 BIODEGRADABLE 0
130 216.00000000000003 192 216.00000000000003 192 270 130 270 BIODEGRADABLE 0
2 392 17 392 17 414 2 414 BIODEGRADABLE 0
2 364 10 364 10 389 2 389 BIODEGRADABLE 0
2 348 22 348 22 378 2 378 BIODEGRADABLE 0
8 371 24 371 24 389 8 389 BIODEGRADABLE 0
14.999999999999998 387 27.000000000000004 387 27.000000000000004 403 14.999999999999998 403 BIODEGRADABLE 0