1 58 188 58 188 200 1 200 BIODEGRADABLE 0
1 236 137 236 137 367 1 367 BIODEGRADABLE 0
82 202 322 202 322 369 82 369 BIODEGRADABLE 0
292 149 414 149 414 255.00000000000003 292 255.00000000000003 BIODEGRADABLE 0
299 223 414 223 414 307 299 307 BIODEGRADABLE 0
165 90 337 90 337 200 165 200 BIODEGRADABLE 0
276 72 414 72 414 184 276 184 BIODEGRADABLE 0
40 0 190 0 190 79 40 79 BIODEGRADABLE 0
1 25 66 25 66 111 1 111 BIODEGRADABLE 0
1 165 21 165 21 204 1 204 BIODEGRADABLE 0
353 331 409 331 409 377 353 377 BIODEGRADABLE 0