12 26 121.00000000000001 26 121.00000000000001 194 12 194 BIODEGRADABLE 0
2 2 76 2 76 148 2 148 BIODEGRADABLE 0
2 148 70 148 70 266 2 266 BIODEGRADABLE 0
1 261 82 261 82 415 1 415 BIODEGRADABLE 0
1 399 20 399 20 415 1 415 BIODEGRADABLE 0
35 324 141 324 141 415 35 415 BIODEGRADABLE 0
87 296 116 296 116 334 87 334 BIODEGRADABLE 0
77 337 117 337 117 375 77 375 BIODEGRADABLE 0
108.00000000000001 322 139 322 139 362 108.00000000000001 362 BIODEGRADABLE 0
112 283 143 283 143 330 112 330 BIODEGRADABLE 0
127.00000000000001 251 167 251 167 303 127.00000000000001 303 BIODEGRADABLE 0
110 226.99999999999997 156 226.99999999999997 156 285 110 285 BIODEGRADABLE 0
142 178 172 178 172 236 142 236 BIODEGRADABLE 0
153 228.00000000000003 177 228.00000000000003 177 260 153 260 BIODEGRADABLE 0
166 262 187 262 187 292 166 292 BIODEGRADABLE 0
183 289 203 289 203 309 183 309 BIODEGRADABLE 0
162 294 188 294 188 326 162 326 BIODEGRADABLE 0
143 304 161 304 161 324 143 324 BIODEGRADABLE 0
172 324 190 324 190 352 172 352 BIODEGRADABLE 0
137 303 174 303 174 380 137 380 BIODEGRADABLE 0
167 352 201 352 201 402 167 402 BIODEGRADABLE 0
196 382 209 382 209 406 196 406 BIODEGRADABLE 0
99 366 204 366 204 415 99 415 BIODEGRADABLE 0
187 262 291 262 291 386 187 386 BIODEGRADABLE 0
162 136 268 136 268 294 162 294 BIODEGRADABLE 0
32 84 238 84 238 388 32 388 BIODEGRADABLE 0
122 73 159 73 159 119.99999999999999 122 119.99999999999999 BIODEGRADABLE 0
114.00000000000001 43 150 43 150 97 114.00000000000001 97 BIODEGRADABLE 0
74 2 162 2 162 62 74 62 BIODEGRADABLE 0
249 362 361 362 361 415 249 415 BIODEGRADABLE 0
244 304 313 304 313 415 244 415 BIODEGRADABLE 0
221 231 296 231 296 415 221 415 BIODEGRADABLE 0
202 143 307 143 307 415 202 415 BIODEGRADABLE 0
207 67 294 67 294 157 207 157 BIODEGRADABLE 0
222 24 251 24 251 67 222 67 BIODEGRADABLE 0
213.99999999999997 13 232 13 232 35 213.99999999999997 35 BIODEGRADABLE 0
209 3 219 3 219 9 209 9 BIODEGRADABLE 0
198 13 213.99999999999997 13 213.99999999999997 29.999999999999996 198 29.999999999999996 BIODEGRADABLE 0
191 5 207 5 207 14.999999999999998 191 14.999999999999998 BIODEGRADABLE 0
172 2 196 2 196 32 172 32 BIODEGRADABLE 0
153 2 175 2 175 22 153 22 BIODEGRADABLE 0
163 14.999999999999998 179 14.999999999999998 179 47 163 47 BIODEGRADABLE 0
156 43 174 43 174 67 156 67 BIODEGRADABLE 0
153 65 171 65 171 97 153 97 BIODEGRADABLE 0
124 74 160 74 160 114.00000000000001 124 114.00000000000001 BIODEGRADABLE 0
167 62 193 62 193 88 167 88 BIODEGRADABLE 0
175 33 199 33 199 67 175 67 BIODEGRADABLE 0
186 56 212 56 212 82 186 82 BIODEGRADABLE 0
212 62 232 62 232 84 212 84 BIODEGRADABLE 0
226.99999999999997 66 238 66 238 88 226.99999999999997 88 BIODEGRADABLE 0
251.99999999999997 32 273 32 273 62 251.99999999999997 62 BIODEGRADABLE 0
251 61 264 61 264 69 251 69 BIODEGRADABLE 0
255.00000000000003 17 273 17 273 37 255.00000000000003 37 BIODEGRADABLE 0
242.00000000000003 2 262 2 262 32 242.00000000000003 32 BIODEGRADABLE 0
224 2 246 2 246 22 224 22 BIODEGRADABLE 0
275 125 295 125 295 142 275 142 BIODEGRADABLE 0
259 144 341 144 341 284 259 284 BIODEGRADABLE 0
183 264 310 264 310 384 183 384 BIODEGRADABLE 0
323 264 412 264 412 415 323 415 BIODEGRADABLE 0
269 350 293 350 293 378 269 378 BIODEGRADABLE 0
394 188 415 188 415 415 394 415 BIODEGRADABLE 0
294 2 415 2 415 363 294 363 BIODEGRADABLE 0
329 106.99999999999999 365 106.99999999999999 365 197 329 197 BIODEGRADABLE 0
318 131 329 131 329 155 318 155 BIODEGRADABLE 0
307 116 327 116 327 144 307 144 BIODEGRADABLE 0
309 103 339 103 339 133 309 133 BIODEGRADABLE 0
313 84 334 84 334 114.00000000000001 313 114.00000000000001 BIODEGRADABLE 0
332 90 352 90 352 116 332 116 BIODEGRADABLE 0
357 95 370 95 370 110 357 110 BIODEGRADABLE 0
332 59.99999999999999 352 59.99999999999999 352 88 332 88 BIODEGRADABLE 0
310 45 332 45 332 86 310 86 BIODEGRADABLE 0
328 32 352 32 352 59.99999999999999 328 59.99999999999999 BIODEGRADABLE 0
331 2 355 2 355 34 331 34 BIODEGRADABLE 0
322 2 338 2 338 24 322 24 BIODEGRADABLE 0
315 2 329 2 329 29.999999999999996 315 29.999999999999996 BIODEGRADABLE 0
317 2 370 2 370 49 317 49 BIODEGRADABLE 0
349 26 387 26 387 90 349 90 BIODEGRADABLE 0
1 1 415 1 415 415 1 415 BIODEGRADABLE 0