221 238.99999999999997 251 238.99999999999997 251 299 221 299 BIODEGRADABLE 0
248 264 287 264 287 308 248 308 BIODEGRADABLE 0
226.99999999999997 223 263 223 263 262 226.99999999999997 262 BIODEGRADABLE 0
205 195 267 195 267 237 205 237 BIODEGRADABLE 0
260 216.00000000000003 288 216.00000000000003 288 258 260 258 BIODEGRADABLE 0
265 198 291 198 291 225.99999999999997 265 225.99999999999997 BIODEGRADABLE 0
275 108.00000000000001 296 108.00000000000001 296 156 275 156 BIODEGRADABLE 0
289 157 307 157 307 180 289 180 BIODEGRADABLE 0
310 140 334 140 334 163 310 163 BIODEGRADABLE 0
294 102 315 102 315 152 294 152 BIODEGRADABLE 0
301 92 325 92 325 129 301 129 BIODEGRADABLE 0
325 92 347 92 347 138 325 138 BIODEGRADABLE 0
312 127.00000000000001 333 127.00000000000001 333 136 312 136 BIODEGRADABLE 0
298 74 328 74 328 106 298 106 BIODEGRADABLE 0
267 65 288 65 288 111 267 111 BIODEGRADABLE 0
249 112.99999999999999 271 112.99999999999999 271 147 249 147 BIODEGRADABLE 0
233 46 266 46 266 115 233 115 BIODEGRADABLE 0
197 59.99999999999999 243 59.99999999999999 243 136 197 136 BIODEGRADABLE 0
155 59.99999999999999 203 59.99999999999999 203 134 155 134 BIODEGRADABLE 0
155 53 163 53 163 76 155 76 BIODEGRADABLE 0
145 37 157 37 157 95 145 95 BIODEGRADABLE 0
145 97 155 97 155 143 145 143 BIODEGRADABLE 0
125 44 143 44 143 115 125 115 BIODEGRADABLE 0
109 14 129 14 129 72 109 72 BIODEGRADABLE 0
91 7 124 7 124 81 91 81 BIODEGRADABLE 0
119 97 143 97 143 145 119 145 BIODEGRADABLE 0
125.99999999999999 115 136 115 136 149 125.99999999999999 149 BIODEGRADABLE 0
106.99999999999999 97 127.00000000000001 97 127.00000000000001 157 106.99999999999999 157 BIODEGRADABLE 0
61 102 125 102 125 166 61 166 BIODEGRADABLE 0
78 83 117 83 117 131 78 131 BIODEGRADABLE 0
59.99999999999999 65 76 65 76 95 59.99999999999999 95 BIODEGRADABLE 0
69 62 89 62 89 88 69 88 BIODEGRADABLE 0
73 46 105 46 105 83 73 83 BIODEGRADABLE 0
46 83 72 83 72 112.99999999999999 46 112.99999999999999 BIODEGRADABLE 0
40 96 82 96 82 138 40 138 BIODEGRADABLE 0
46 119.99999999999999 85 119.99999999999999 85 150 46 150 BIODEGRADABLE 0
35 133 62.99999999999999 133 62.99999999999999 159 35 159 BIODEGRADABLE 0
288 299 340 299 340 361 288 361 BIODEGRADABLE 0
282 315 296 315 296 359 282 359 BIODEGRADABLE 0
226.99999999999997 352 248 352 248 398 226.99999999999997 398 BIODEGRADABLE 0
224 334 246 334 246 357 224 357 BIODEGRADABLE 0
215.00000000000003 329 233 329 233 345 215.00000000000003 345 BIODEGRADABLE 0
238.99999999999997 329 272 329 272 411 238.99999999999997 411 BIODEGRADABLE 0
246 329 260 329 260 371 246 371 BIODEGRADABLE 0
260 349 276 349 276 407 260 407 BIODEGRADABLE 0
267 324 279 324 279 356 267 356 BIODEGRADABLE 0
279 319 288 319 288 361 279 361 BIODEGRADABLE 0
294 336 309 336 309 398 294 398 BIODEGRADABLE 0
292 322 328 322 328 407 292 407 BIODEGRADABLE 0
288 304 332 304 332 357 288 357 BIODEGRADABLE 0
321 347 343 347 343 389 321 389 BIODEGRADABLE 0
328 342 355 342 355 384 328 384 BIODEGRADABLE 0
334 315 362 315 362 341 334 341 BIODEGRADABLE 0
325 301 374 301 374 331 325 331 BIODEGRADABLE 0
346 297 384 297 384 325 346 325 BIODEGRADABLE 0
337 281 373 281 373 311 337 311 BIODEGRADABLE 0
362 278 394 278 394 301 362 301 BIODEGRADABLE 0
340 260 395 260 395 286 340 286 BIODEGRADABLE 0
96 303 114.00000000000001 303 114.00000000000001 329 96 329 BIODEGRADABLE 0
172 320 200 320 200 364 172 364 BIODEGRADABLE 0
157 310 175 310 175 336 157 336 BIODEGRADABLE 0
148 304 160 304 160 327 148 327 BIODEGRADABLE 0
50 159 112 159 112 238.99999999999997 50 238.99999999999997 BIODEGRADABLE 0
76 258 96 258 96 288 76 288 BIODEGRADABLE 0
88 287 98 287 98 301 88 301 BIODEGRADABLE 0
95 269 115 269 115 303 95 303 BIODEGRADABLE 0
109 297 133 297 133 325 109 325 BIODEGRADABLE 0
130 288 142 288 142 308 130 308 BIODEGRADABLE 0
112 276 132 276 132 302 112 302 BIODEGRADABLE 0
121.00000000000001 262 131 262 131 280 121.00000000000001 280 BIODEGRADABLE 0
179 272 199 272 199 290 179 290 BIODEGRADABLE 0
194 267 210 267 210 290 194 290 BIODEGRADABLE 0
185 252.99999999999997 205 252.99999999999997 205 276 185 276 BIODEGRADABLE 0
196 207 212 207 212 262 196 262 BIODEGRADABLE 0
190 213.99999999999997 202 213.99999999999997 202 237 190 237 BIODEGRADABLE 0
170 198 206 198 206 235 170 235 BIODEGRADABLE 0
194 152 232 152 232 196 194 196 BIODEGRADABLE 0
172 143 205 143 205 196 172 196 BIODEGRADABLE 0
170 157 196 157 196 189 170 189 BIODEGRADABLE 0
155 159 169 159 169 193 155 193 BIODEGRADABLE 0
140 194 154 194 154 260 140 260 BIODEGRADABLE 0
130 196 142 196 142 235 130 235 BIODEGRADABLE 0
155 225.99999999999997 175 225.99999999999997 175 265 155 265 BIODEGRADABLE 0
154 242.00000000000003 182 242.00000000000003 182 281 154 281 BIODEGRADABLE 0
157 258 173 258 173 281 157 281 BIODEGRADABLE 0
149 255.00000000000003 182 255.00000000000003 182 294 149 294 BIODEGRADABLE 0
152 191 178 191 178 269 152 269 BIODEGRADABLE 0
342 228.00000000000003 388 228.00000000000003 388 262 342 262 BIODEGRADABLE 0
358 195 390 195 390 232 358 232 BIODEGRADABLE 0
322 177 360 177 360 230 322 230 BIODEGRADABLE 0
335 161 391 161 391 219 335 219 BIODEGRADABLE 0