343 97 411 97 411 131 343 131 BIODEGRADABLE 0
285 20 335 20 335 52 285 52 BIODEGRADABLE 0
343 10 393 10 393 52 343 52 BIODEGRADABLE 0
237 4 283 4 283 29.999999999999996 237 29.999999999999996 BIODEGRADABLE 0
243 40 265 40 265 64 243 64 BIODEGRADABLE 0
81 34 121.00000000000001 34 121.00000000000001 62 81 62 BIODEGRADABLE 0
106 2 192 2 192 29.999999999999996 106 29.999999999999996 BIODEGRADABLE 0
78 81 114.00000000000001 81 114.00000000000001 100 78 100 BIODEGRADABLE 0
114.00000000000001 52 147 52 147 72 114.00000000000001 72 BIODEGRADABLE 0
147 40 177 40 177 66 147 66 BIODEGRADABLE 0
164 74 207 74 207 97 164 97 BIODEGRADABLE 0
144 94 174 94 174 112 144 112 BIODEGRADABLE 0
139 109 172 109 172 135 139 135 BIODEGRADABLE 0
162 172 192 172 192 195 162 195 BIODEGRADABLE 0
172 145 194 145 194 177 172 177 BIODEGRADABLE 0
152 145 174 145 174 177 152 177 BIODEGRADABLE 0
235 223 275 223 275 247 235 247 BIODEGRADABLE 0
91 179 129 179 129 202 91 202 BIODEGRADABLE 0
73 209 111 209 111 235 73 235 BIODEGRADABLE 0
81 243 106 243 106 271 81 271 BIODEGRADABLE 0
96 258 136 258 136 286 96 286 BIODEGRADABLE 0
224 386 260 386 260 412 224 412 BIODEGRADABLE 0
272 373 315 373 315 407 272 407 BIODEGRADABLE 0
343 259 403 259 403 302 343 302 BIODEGRADABLE 0
139 254.00000000000003 205 254.00000000000003 205 286 139 286 BIODEGRADABLE 0
1 100 99 100 99 185 1 185 BIODEGRADABLE 0
1 40 36 40 36 59 1 59 BIODEGRADABLE 0
14.999999999999998 51 51 51 51 103 14.999999999999998 103 BIODEGRADABLE 0
36 48 86 48 86 98 36 98 BIODEGRADABLE 0
104 135 152 135 152 179 104 179 BIODEGRADABLE 0
119 112 141 112 141 142 119 142 BIODEGRADABLE 0
114.00000000000001 71 164 71 164 97 114.00000000000001 97 BIODEGRADABLE 0
116 96 146 96 146 111 116 111 BIODEGRADABLE 0
139 59 187 59 187 78 139 78 BIODEGRADABLE 0
174 42 222 42 222 74 174 74 BIODEGRADABLE 0
192 67 338 67 338 223 192 223 BIODEGRADABLE 0
207 47 239.99999999999997 47 239.99999999999997 77 207 77 BIODEGRADABLE 0
239.99999999999997 59.99999999999999 283 59.99999999999999 283 79 239.99999999999997 79 BIODEGRADABLE 0
268 27.000000000000004 290 27.000000000000004 290 55 268 55 BIODEGRADABLE 0
250 29.999999999999996 275 29.999999999999996 275 38 250 38 BIODEGRADABLE 0
270 40 340 40 340 54.00000000000001 270 54.00000000000001 BIODEGRADABLE 0
275 56 300 56 300 71 275 71 BIODEGRADABLE 0
305 53 373 53 373 97 305 97 BIODEGRADABLE 0
323 37 403 37 403 71 323 71 BIODEGRADABLE 0
341 116 414 116 414 165 341 165 BIODEGRADABLE 0
341 159 414 159 414 205 341 205 BIODEGRADABLE 0
366 204 414 204 414 276 366 276 BIODEGRADABLE 0
272 205 368 205 368 259 272 259 BIODEGRADABLE 0
144 326 154 326 154 358 144 358 BIODEGRADABLE 0
106 329 128 329 128 344 106 344 BIODEGRADABLE 0
96 307 116 307 116 327 96 327 BIODEGRADABLE 0
141 355 169 355 169 372 141 372 BIODEGRADABLE 0
368 323 414 323 414 379 368 379 BIODEGRADABLE 0
167 250 394 250 394 373 167 373 BIODEGRADABLE 0
109 183 239.99999999999997 183 239.99999999999997 262 109 262 BIODEGRADABLE 0
125.99999999999999 287 159 287 159 309 125.99999999999999 309 BIODEGRADABLE 0
51 228.00000000000003 76 228.00000000000003 76 256 51 256 BIODEGRADABLE 0
251 403 344 403 344 415 251 415 BIODEGRADABLE 0
321 374 346 374 346 406 321 406 BIODEGRADABLE 0
283 292 331 292 331 318 283 318 BIODEGRADABLE 0
265 275 293 275 293 321 265 321 BIODEGRADABLE 0
283 353 321 353 321 363 283 363 BIODEGRADABLE 0
343 305 376 305 376 333 343 333 BIODEGRADABLE 0