192 182 294 182 294 251.99999999999997 192 251.99999999999997 BIODEGRADABLE 0
225.99999999999997 241.00000000000003 292 241.00000000000003 292 331 225.99999999999997 331 BIODEGRADABLE 0
267 298 311 298 311 357 267 357 BIODEGRADABLE 0
303 316 359 316 359 401 303 401 BIODEGRADABLE 0
355 324 401 324 401 412 355 412 BIODEGRADABLE 0
289 264 376 264 376 329 289 329 BIODEGRADABLE 0
367 264 411 264 411 322 367 322 BIODEGRADABLE 0
388 314 415 314 415 374 388 374 BIODEGRADABLE 0
390 380 415 380 415 415 390 415 BIODEGRADABLE 0
283 209 365 209 365 300 283 300 BIODEGRADABLE 0
284 0 415 0 415 237 284 237 BIODEGRADABLE 0
243 0 400 0 400 180 243 180 BIODEGRADABLE 0
95 335 145 335 145 374 95 374 BIODEGRADABLE 0
52 363 104 363 104 407 52 407 BIODEGRADABLE 0
47 326 89 326 89 363 47 363 BIODEGRADABLE 0
2 331 46 331 46 368 2 368 BIODEGRADABLE 0
2 285 44 285 44 331 2 331 BIODEGRADABLE 0
6 237 65 237 65 289 6 289 BIODEGRADABLE 0
43 204 89 204 89 244 43 244 BIODEGRADABLE 0
133 142 255.00000000000003 142 255.00000000000003 268 133 268 BIODEGRADABLE 0
131 106.99999999999999 259 106.99999999999999 259 161 131 161 BIODEGRADABLE 0
125.99999999999999 93 268 93 268 132 125.99999999999999 132 BIODEGRADABLE 0
122 152 222 152 222 232 122 232 BIODEGRADABLE 0
157 213.99999999999997 209 213.99999999999997 209 270 157 270 BIODEGRADABLE 0
178 0 304 0 304 98 178 98 BIODEGRADABLE 0
2 36 200 36 200 248 2 248 BIODEGRADABLE 0
65 148 115 148 115 204 65 204 BIODEGRADABLE 0
82 193 124 193 124 238.99999999999997 82 238.99999999999997 BIODEGRADABLE 0
62.99999999999999 242.00000000000003 121.00000000000001 242.00000000000003 121.00000000000001 296 62.99999999999999 296 BIODEGRADABLE 0
95 294 132 294 132 340 95 340 BIODEGRADABLE 0
61 287 96 287 96 341 61 341 BIODEGRADABLE 0
148 266 344 266 344 414 148 414 BIODEGRADABLE 0
139 272 319 272 319 414 139 414 BIODEGRADABLE 0
178 364 218 364 218 403 178 403 BIODEGRADABLE 0
185 401 229.00000000000003 401 229.00000000000003 414 185 414 BIODEGRADABLE 0
217 385 259 385 259 415 217 415 BIODEGRADABLE 0
148 396 185 396 185 415 148 415 BIODEGRADABLE 0
130 357 170 357 170 405 130 405 BIODEGRADABLE 0
104 400 143 400 143 415 104 415 BIODEGRADABLE 0