288 312 310 312 310 337 288 337 BIODEGRADABLE 0
270 312 290 312 290 334 270 334 BIODEGRADABLE 0
269 296 291 296 291 318 269 318 BIODEGRADABLE 0
272 287 293 287 293 307 272 307 BIODEGRADABLE 0
289 291 303 291 303 311 289 311 BIODEGRADABLE 0
302 273 328 273 328 301 302 301 BIODEGRADABLE 0
303 303 323 303 323 321 303 321 BIODEGRADABLE 0
321 303 348 303 348 323 321 323 BIODEGRADABLE 0
326 287 348 287 348 307 326 307 BIODEGRADABLE 0
370 296 392 296 392 318 370 318 BIODEGRADABLE 0
374 339 395 339 395 359 374 359 BIODEGRADABLE 0
335 352 351 352 351 364 335 364 BIODEGRADABLE 0
320 332 336 332 336 364 320 364 BIODEGRADABLE 0
303 341 324 341 324 382 303 382 BIODEGRADABLE 0
279 346 295 346 295 380 279 380 BIODEGRADABLE 0
260 323 278 323 278 345 260 345 BIODEGRADABLE 0
254.00000000000003 310 269 310 269 328 254.00000000000003 328 BIODEGRADABLE 0
334 323 350 323 350 353 334 353 BIODEGRADABLE 0
351 330 371 330 371 364 351 364 BIODEGRADABLE 0
370 319 394 319 394 341 370 341 BIODEGRADABLE 0
347 303 373 303 373 325 347 325 BIODEGRADABLE 0
392 327 408 327 408 355 392 355 BIODEGRADABLE 0
388 310 415 310 415 328 388 328 BIODEGRADABLE 0
193 348 203 348 203 362 193 362 BIODEGRADABLE 0
181 348 191 348 191 360 181 360 BIODEGRADABLE 0
163 346 178 346 178 362 163 362 BIODEGRADABLE 0
151 362 167 362 167 414 151 414 BIODEGRADABLE 0
176 366 196 366 196 414 176 414 BIODEGRADABLE 0
81 344 116 344 116 414 81 414 BIODEGRADABLE 0
62 330 74 330 74 398 62 398 BIODEGRADABLE 0
2 323 50 323 50 414 2 414 BIODEGRADABLE 0
21 314 36 314 36 344 21 344 BIODEGRADABLE 0
57.00000000000001 282 74 282 74 304 57.00000000000001 304 BIODEGRADABLE 0
42 271 59.99999999999999 271 59.99999999999999 296 42 296 BIODEGRADABLE 0
68 264 79 264 79 284 68 284 BIODEGRADABLE 0
77 273 91 273 91 298 77 298 BIODEGRADABLE 0
104 268 118 268 118 293 104 293 BIODEGRADABLE 0
94 268 104 268 104 293 94 293 BIODEGRADABLE 0
127.00000000000001 273 145 273 145 293 127.00000000000001 293 BIODEGRADABLE 0
148 282 158 282 158 310 148 310 BIODEGRADABLE 0
160 286 174 286 174 314 160 314 BIODEGRADABLE 0
106 237 145 237 145 269 106 269 BIODEGRADABLE 0
2 244 212 244 212 337 2 337 BIODEGRADABLE 0
2 314 224 314 224 334 2 334 BIODEGRADABLE 0
2 318 47 318 47 414 2 414 BIODEGRADABLE 0