12 197 34 197 34 229.00000000000003 12 229.00000000000003 BIODEGRADABLE 0
3 209 25 209 25 241.00000000000003 3 241.00000000000003 BIODEGRADABLE 0
2 226.99999999999997 20 226.99999999999997 20 274 2 274 BIODEGRADABLE 0
2 197 10 197 10 224 2 224 BIODEGRADABLE 0
14 318 44 318 44 374 14 374 BIODEGRADABLE 0
26 288 52 288 52 330 26 330 BIODEGRADABLE 0
37 266 62 266 62 300 37 300 BIODEGRADABLE 0
44 242.00000000000003 69 242.00000000000003 69 276 44 276 BIODEGRADABLE 0
53 222 75 222 75 254.00000000000003 53 254.00000000000003 BIODEGRADABLE 0
45 320 75 320 75 372 45 372 BIODEGRADABLE 0
51 291 81 291 81 328 51 328 BIODEGRADABLE 0
62.99999999999999 268 89 268 89 298 62.99999999999999 298 BIODEGRADABLE 0
70 246 94 246 94 273 70 273 BIODEGRADABLE 0
80 226.99999999999997 102 226.99999999999997 102 254.00000000000003 80 254.00000000000003 BIODEGRADABLE 0
105 226.99999999999997 130 226.99999999999997 130 249 105 249 BIODEGRADABLE 0
99 244 127.00000000000001 244 127.00000000000001 276 99 276 BIODEGRADABLE 0
88 264 118 264 118 301 88 301 BIODEGRADABLE 0
86 293 112 293 112 330 86 330 BIODEGRADABLE 0
76 315 106 315 106 374 76 374 BIODEGRADABLE 0
108.00000000000001 320 138 320 138 372 108.00000000000001 372 BIODEGRADABLE 0
112.99999999999999 293 141 293 141 330 112.99999999999999 330 BIODEGRADABLE 0
119.99999999999999 266 145 266 145 300 119.99999999999999 300 BIODEGRADABLE 0
129 247 151 247 151 281 129 281 BIODEGRADABLE 0
133 232 155 232 155 256 133 256 BIODEGRADABLE 0
157 224 179 224 179 256 157 256 BIODEGRADABLE 0
152 246 177 246 177 278 152 278 BIODEGRADABLE 0
150 269 176 269 176 301 150 301 BIODEGRADABLE 0
146 291 176 291 176 325 146 325 BIODEGRADABLE 0
140 323 170 323 170 375 140 375 BIODEGRADABLE 0
172 320 204 320 204 372 172 372 BIODEGRADABLE 0
177 293 207 293 207 330 177 330 BIODEGRADABLE 0
180 271 205 271 205 298 180 298 BIODEGRADABLE 0
183 247 205 247 205 271 183 271 BIODEGRADABLE 0
183 226.99999999999997 208 226.99999999999997 208 251 183 251 BIODEGRADABLE 0
176 188 197 188 197 222 176 222 BIODEGRADABLE 0
161 187 173 187 173 219 161 219 BIODEGRADABLE 0
78 187 85 187 85 213.99999999999997 78 213.99999999999997 BIODEGRADABLE 0
225.99999999999997 185 244 185 244 225 225.99999999999997 225 BIODEGRADABLE 0
75 128 87 128 87 162 75 162 BIODEGRADABLE 0
83 109 90 109 90 131 83 131 BIODEGRADABLE 0
100 81 112 81 112 91 100 91 BIODEGRADABLE 0
119 81 130 81 130 91 119 91 BIODEGRADABLE 0
134 79 151 79 151 91 134 91 BIODEGRADABLE 0
156 79 172 79 172 99 156 99 BIODEGRADABLE 0
165 96 171 96 171 108.00000000000001 165 108.00000000000001 BIODEGRADABLE 0
164 111 168 111 168 123 164 123 BIODEGRADABLE 0
168 128 188 128 188 160 168 160 BIODEGRADABLE 0
169 116 186 116 186 136 169 136 BIODEGRADABLE 0
173 99 191 99 191 121.00000000000001 173 121.00000000000001 BIODEGRADABLE 0
175 82 192 82 192 104 175 104 BIODEGRADABLE 0
188 128 208 128 208 162 188 162 BIODEGRADABLE 0
193 111 210 111 210 131 193 131 BIODEGRADABLE 0
194 101 211 101 211 123 194 123 BIODEGRADABLE 0
196 82 212.99999999999997 82 212.99999999999997 104 196 104 BIODEGRADABLE 0
328 187 352 187 352 224 328 224 BIODEGRADABLE 0
139 29.999999999999996 157 29.999999999999996 157 62 139 62 BIODEGRADABLE 0
119.99999999999999 29.999999999999996 138 29.999999999999996 138 62 119.99999999999999 62 BIODEGRADABLE 0
103 32 119 32 119 62 103 62 BIODEGRADABLE 0
111 14.999999999999998 125 14.999999999999998 125 42 111 42 BIODEGRADABLE 0
119 3 131 3 131 23 119 23 BIODEGRADABLE 0
129 14.999999999999998 143 14.999999999999998 143 32 129 32 BIODEGRADABLE 0
136 0 147 0 147 17 136 17 BIODEGRADABLE 0
148 3 162 3 162 18 148 18 BIODEGRADABLE 0
147 14.999999999999998 159 14.999999999999998 159 39 147 39 BIODEGRADABLE 0
159 32 176 32 176 59 159 59 BIODEGRADABLE 0
162 20 179 20 179 35 162 35 BIODEGRADABLE 0
162 0 183 0 183 17 162 17 BIODEGRADABLE 0
176 27.000000000000004 196 27.000000000000004 196 54.00000000000001 176 54.00000000000001 BIODEGRADABLE 0
179 14.999999999999998 197 14.999999999999998 197 27.000000000000004 179 27.000000000000004 BIODEGRADABLE 0
180 0 197 0 197 14.999999999999998 180 14.999999999999998 BIODEGRADABLE 0
197 29.999999999999996 213.99999999999997 29.999999999999996 213.99999999999997 54.00000000000001 197 54.00000000000001 BIODEGRADABLE 0
198 3 213.99999999999997 3 213.99999999999997 27.000000000000004 198 27.000000000000004 BIODEGRADABLE 0
407 255.00000000000003 415 255.00000000000003 415 292 407 292 BIODEGRADABLE 0
395 225.99999999999997 415 225.99999999999997 415 274 395 274 BIODEGRADABLE 0
387 180 411 180 411 217 387 217 BIODEGRADABLE 0
409 172 415 172 415 202 409 202 BIODEGRADABLE 0
381 170 398 170 398 190 381 190 BIODEGRADABLE 0
222 123 243 123 243 155 222 155 BIODEGRADABLE 0
221 112.99999999999999 238.99999999999997 112.99999999999999 238.99999999999997 128 221 128 BIODEGRADABLE 0
221 99 238 99 238 114.00000000000001 221 114.00000000000001 BIODEGRADABLE 0
218 91 236 91 236 106 218 106 BIODEGRADABLE 0
219 76 237 76 237 91 219 91 BIODEGRADABLE 0
239.99999999999997 79 256 79 256 94 239.99999999999997 94 BIODEGRADABLE 0
239.99999999999997 89 256 89 256 106 239.99999999999997 106 BIODEGRADABLE 0
258 81 275 81 275 96 258 96 BIODEGRADABLE 0
278 79 296 79 296 96 278 96 BIODEGRADABLE 0
301 81 313 81 313 96 301 96 BIODEGRADABLE 0
322 114.00000000000001 330 114.00000000000001 330 125.99999999999999 322 125.99999999999999 BIODEGRADABLE 0
323 131 331 131 331 163 323 163 BIODEGRADABLE 0
334 116 356 116 356 163 334 163 BIODEGRADABLE 0
321 91 341 91 341 121.00000000000001 321 121.00000000000001 BIODEGRADABLE 0
317 79 333 79 333 99 317 99 BIODEGRADABLE 0
225 29.999999999999996 238.99999999999997 29.999999999999996 238.99999999999997 62 225 62 BIODEGRADABLE 0
222 18 234 18 234 35 222 35 BIODEGRADABLE 0
219 3 235 3 235 20 219 20 BIODEGRADABLE 0
242.00000000000003 25 256 25 256 57.00000000000001 242.00000000000003 57.00000000000001 BIODEGRADABLE 0
241.00000000000003 8 252.99999999999997 8 252.99999999999997 23 241.00000000000003 23 BIODEGRADABLE 0
263 29.999999999999996 277 29.999999999999996 277 57.00000000000001 263 57.00000000000001 BIODEGRADABLE 0
257 14.999999999999998 269 14.999999999999998 269 39 257 39 BIODEGRADABLE 0
256 5 268 5 268 17 256 17 BIODEGRADABLE 0
279 29.999999999999996 295 29.999999999999996 295 57.00000000000001 279 57.00000000000001 BIODEGRADABLE 0
276 10 292 10 292 32 276 32 BIODEGRADABLE 0
271 0 285 0 285 22 271 22 BIODEGRADABLE 0
291 0 303 0 303 17 291 17 BIODEGRADABLE 0
293 14.999999999999998 307 14.999999999999998 307 35 293 35 BIODEGRADABLE 0
299 32 315 32 315 54.00000000000001 299 54.00000000000001 BIODEGRADABLE 0
318 35 335 35 335 59 318 59 BIODEGRADABLE 0
311 18 328 18 328 42 311 42 BIODEGRADABLE 0
310 8 324 8 324 25 310 25 BIODEGRADABLE 0
304 0 320 0 320 14.999999999999998 304 14.999999999999998 BIODEGRADABLE 0
219 225.99999999999997 243 225.99999999999997 243 256 219 256 BIODEGRADABLE 0
218 249 244 249 244 281 218 281 BIODEGRADABLE 0
216.00000000000003 271 246 271 246 303 216.00000000000003 303 BIODEGRADABLE 0
217 296 245 296 245 330 217 330 BIODEGRADABLE 0
216.00000000000003 315 250 315 250 374 216.00000000000003 374 BIODEGRADABLE 0
255.00000000000003 320 281 320 281 374 255.00000000000003 374 BIODEGRADABLE 0
249 296 277 296 277 330 249 330 BIODEGRADABLE 0
248 269 274 269 274 301 248 301 BIODEGRADABLE 0
247 249 272 249 272 281 247 281 BIODEGRADABLE 0
247 229.00000000000003 272 229.00000000000003 272 252.99999999999997 247 252.99999999999997 BIODEGRADABLE 0
274 234 295 234 295 258 274 258 BIODEGRADABLE 0
302 234 323 234 323 254.00000000000003 302 254.00000000000003 BIODEGRADABLE 0
327 224 352 224 352 258 327 258 BIODEGRADABLE 0
352 226.99999999999997 380 226.99999999999997 380 261 352 261 BIODEGRADABLE 0
278 251 303 251 303 283 278 283 BIODEGRADABLE 0
279 271 307 271 307 303 279 303 BIODEGRADABLE 0
281 298 311 298 311 330 281 330 BIODEGRADABLE 0
282 318 316 318 316 372 282 372 BIODEGRADABLE 0
316 320 348 320 348 372 316 372 BIODEGRADABLE 0
313 291 343 291 343 328 313 328 BIODEGRADABLE 0
307 271 337 271 337 305 307 305 BIODEGRADABLE 0
303 251 333 251 333 283 303 283 BIODEGRADABLE 0
335 246 356 246 356 276 335 276 BIODEGRADABLE 0
341 269 367 269 367 301 341 301 BIODEGRADABLE 0
346 293 376 293 376 330 346 330 BIODEGRADABLE 0
349 325 381 325 381 377 349 377 BIODEGRADABLE 0
382 315 415 315 415 378 382 378 BIODEGRADABLE 0
376 296 402 296 402 330 376 330 BIODEGRADABLE 0
370 273 395 273 395 303 370 303 BIODEGRADABLE 0
362 249 387 249 387 281 362 281 BIODEGRADABLE 0
355 225.99999999999997 379 225.99999999999997 379 256 355 256 BIODEGRADABLE 0
346 81 363 81 363 112.99999999999999 346 112.99999999999999 BIODEGRADABLE 0
367 77 387 77 387 114.00000000000001 367 114.00000000000001 BIODEGRADABLE 0
362 114.00000000000001 386 114.00000000000001 386 138 362 138 BIODEGRADABLE 0
388 111 410 111 410 138 388 138 BIODEGRADABLE 0
394 79 410 79 410 99 394 99 BIODEGRADABLE 0
387 87 394 87 394 99 387 99 BIODEGRADABLE 0
409 78 415 78 415 136 409 136 BIODEGRADABLE 0
344 22 361 22 361 44 344 44 BIODEGRADABLE 0
362 22 384 22 384 42 362 42 BIODEGRADABLE 0
371 0 387 0 387 17 371 17 BIODEGRADABLE 0
388 0 405 0 405 14.999999999999998 388 14.999999999999998 BIODEGRADABLE 0
384 18 402 18 402 40 384 40 BIODEGRADABLE 0
404 17 416 17 416 37 404 37 BIODEGRADABLE 0
409 0 415 0 415 16 409 16 BIODEGRADABLE 0