88 58 159 58 159 111 88 111 BIODEGRADABLE 0
123 101 189 101 189 152 123 152 BIODEGRADABLE 0
142 162 208 162 208 207 142 207 BIODEGRADABLE 0
161 211 212.99999999999997 211 212.99999999999997 251 161 251 BIODEGRADABLE 0
163 251.99999999999997 223 251.99999999999997 223 295 163 295 BIODEGRADABLE 0
174 291 234 291 234 336 174 336 BIODEGRADABLE 0
183 333 245 333 245 375 183 375 BIODEGRADABLE 0
234 336 272 336 272 382 234 382 BIODEGRADABLE 0
262 325 312 325 312 359 262 359 BIODEGRADABLE 0
257 291 313 291 313 331 257 331 BIODEGRADABLE 0
232 250 292 250 292 298 232 298 BIODEGRADABLE 0
225 218 283 218 283 260 225 260 BIODEGRADABLE 0
217 170 273 170 273 223 217 223 BIODEGRADABLE 0
197 128 249 128 249 171 197 171 BIODEGRADABLE 0
170 80 230 80 230 122 170 122 BIODEGRADABLE 0
178 61 193 61 193 75 178 75 BIODEGRADABLE 0
169 43 191 43 191 59 169 59 BIODEGRADABLE 0
163 29 187 29 187 53 163 53 BIODEGRADABLE 0
159 16 181 16 181 34 159 34 BIODEGRADABLE 0
386 111 406 111 406 130 386 130 BIODEGRADABLE 0
375 85 395 85 395 101 375 101 BIODEGRADABLE 0
307 71 331 71 331 92 307 92 BIODEGRADABLE 0
11 82 31 82 31 98 11 98 BIODEGRADABLE 0
6 62.99999999999999 26 62.99999999999999 26 82 6 82 BIODEGRADABLE 0
32 40 47 40 47 50 32 50 BIODEGRADABLE 0
1 106.99999999999999 9 106.99999999999999 9 119.99999999999999 1 119.99999999999999 BIODEGRADABLE 0
118 251 146 251 146 285 118 285 BIODEGRADABLE 0
150 266 178 266 178 304 150 304 BIODEGRADABLE 0
394 229.00000000000003 414 229.00000000000003 414 252.99999999999997 394 252.99999999999997 BIODEGRADABLE 0