230 232 274 232 274 272 230 272 BIODEGRADABLE 0
185 233 226.99999999999997 233 226.99999999999997 272 185 272 BIODEGRADABLE 0
154 231 189 231 189 265 154 265 BIODEGRADABLE 0
124 216.00000000000003 159 216.00000000000003 159 248 124 248 BIODEGRADABLE 0
158 198 225.99999999999997 198 225.99999999999997 237 158 237 BIODEGRADABLE 0
228.00000000000003 196 291 196 291 235 228.00000000000003 235 BIODEGRADABLE 0
104 200 287 200 287 282 104 282 BIODEGRADABLE 0
270 59 388 59 388 141 270 141 BIODEGRADABLE 0
189 96 255.00000000000003 96 255.00000000000003 144 189 144 BIODEGRADABLE 0
220 26 283 26 283 102 220 102 BIODEGRADABLE 0
248 116 415 116 415 256 248 256 BIODEGRADABLE 0
90 1 415 1 415 290 90 290 BIODEGRADABLE 0
2 185 292 185 292 333 2 333 METAL 0