344 191 414 191 414 307 344 307 BIODEGRADABLE 0
334 109 414 109 414 189 334 189 BIODEGRADABLE 0
312 1 407 1 407 110 312 110 BIODEGRADABLE 0
286 75 328 75 328 163 286 163 BIODEGRADABLE 0
259 1 335 1 335 65 259 65 BIODEGRADABLE 0
246 39 277 39 277 165 246 165 BIODEGRADABLE 0
266 54.00000000000001 288 54.00000000000001 288 166 266 166 BIODEGRADABLE 0
243 154 319 154 319 206 243 206 BIODEGRADABLE 0
299 155 345 155 345 305 299 305 BIODEGRADABLE 0
315 290 415 290 415 335 315 335 BIODEGRADABLE 0
235 320 328 320 328 358 235 358 BIODEGRADABLE 0
318 320 384 320 384 350 318 350 BIODEGRADABLE 0
304 345 390 345 390 371 304 371 BIODEGRADABLE 0
158 350 306 350 306 386 158 386 BIODEGRADABLE 0
127.00000000000001 288 301 288 301 380 127.00000000000001 380 BIODEGRADABLE 0
278 208 307 208 307 320 278 320 BIODEGRADABLE 0
237 198 283 198 283 318 237 318 BIODEGRADABLE 0
178 271 228.00000000000003 271 228.00000000000003 337 178 337 BIODEGRADABLE 0
64 281 153 281 153 361 64 361 BIODEGRADABLE 0
82 174 118 174 118 367 82 367 BIODEGRADABLE 0
69 129 101 129 101 243 69 243 BIODEGRADABLE 0
80 17 228.00000000000003 17 228.00000000000003 75 80 75 BIODEGRADABLE 0
185 4 252.99999999999997 4 252.99999999999997 148 185 148 BIODEGRADABLE 0
209 5 248 5 248 95 209 95 BIODEGRADABLE 0
225 13 247 13 247 67 225 67 BIODEGRADABLE 0
92 51 193 51 193 86 92 86 BIODEGRADABLE 0
101 1 124 1 124 88 101 88 BIODEGRADABLE 0
136 1 169 1 169 32 136 32 BIODEGRADABLE 0
114.00000000000001 0 148 0 148 26 114.00000000000001 26 BIODEGRADABLE 0
82 69 134 69 134 97 82 97 BIODEGRADABLE 0
95 111 209 111 209 131 95 131 BIODEGRADABLE 0
103 82 209 82 209 110 103 110 BIODEGRADABLE 0
101 112 223 112 223 166 101 166 BIODEGRADABLE 0
127.00000000000001 138 251 138 251 183 127.00000000000001 183 BIODEGRADABLE 0
111 131 135 131 135 221 111 221 BIODEGRADABLE 0
127.00000000000001 180 148 180 148 292 127.00000000000001 292 BIODEGRADABLE 0
100 180 186 180 186 260 100 260 BIODEGRADABLE 0
114.00000000000001 170 207 170 207 307 114.00000000000001 307 BIODEGRADABLE 0
169 174 235 174 235 245 169 245 BIODEGRADABLE 0
136 185 233 185 233 335 136 335 BIODEGRADABLE 0
171 187 257 187 257 318 171 318 BIODEGRADABLE 0
213.99999999999997 211 266 211 266 277 213.99999999999997 277 BIODEGRADABLE 0