210 32 280 32 280 84 210 84 BIODEGRADABLE 0
128 2 237 2 237 59.99999999999999 128 59.99999999999999 BIODEGRADABLE 0
139 58 291 58 291 168 139 168 BIODEGRADABLE 0
114.00000000000001 64 244 64 244 155 114.00000000000001 155 BIODEGRADABLE 0
144 151 232 151 232 197 144 197 BIODEGRADABLE 0
191 187 273 187 273 235 191 235 BIODEGRADABLE 0
291 184 321 184 321 206 291 206 BIODEGRADABLE 0
137 194 303 194 303 290 137 290 BIODEGRADABLE 0
93 169 243 169 243 295 93 295 BIODEGRADABLE 0
212 291 287 291 287 341 212 341 BIODEGRADABLE 0
155 283 298 283 298 410 155 410 BIODEGRADABLE 0
116 319 224 319 224 415 116 415 BIODEGRADABLE 0
87 291 130 291 130 309 87 309 BIODEGRADABLE 0
109 269 134 269 134 289 109 289 BIODEGRADABLE 0