2 278 23 278 23 360 2 360 BIODEGRADABLE 0
2 343 68 343 68 375 2 375 BIODEGRADABLE 0
14.999999999999998 323 97 323 97 373 14.999999999999998 373 BIODEGRADABLE 0
34 295 110 295 110 360 34 360 BIODEGRADABLE 0
95 334 146 334 146 373 95 373 BIODEGRADABLE 0
145 331 183 331 183 375 145 375 BIODEGRADABLE 0
178 334 202 334 202 375 178 375 BIODEGRADABLE 0
172 241.00000000000003 275 241.00000000000003 275 373 172 373 BIODEGRADABLE 0
251 251 335 251 335 373 251 373 BIODEGRADABLE 0
293 349 375 349 375 373 293 373 BIODEGRADABLE 0
328 215.00000000000003 386 215.00000000000003 386 360 328 360 BIODEGRADABLE 0
373 208 415 208 415 376 373 376 BIODEGRADABLE 0
315 186 373 186 373 284 315 284 BIODEGRADABLE 0
223 193 313 193 313 299 223 299 BIODEGRADABLE 0
62 239.99999999999997 180 239.99999999999997 180 336 62 336 BIODEGRADABLE 0
2 139 128 139 128 295 2 295 BIODEGRADABLE 0
2 62.99999999999999 93 62.99999999999999 93 180 2 180 BIODEGRADABLE 0
2 67 47 67 47 130 2 130 BIODEGRADABLE 0
0 1 43 1 43 70 0 70 BIODEGRADABLE 0
16 1 140 1 140 31 16 31 BIODEGRADABLE 0
61 37 134 37 134 109 61 109 BIODEGRADABLE 0
40 33 94 33 94 68 40 68 BIODEGRADABLE 0
103 35 203 35 203 147 103 147 BIODEGRADABLE 0
84 98 194 98 194 211 84 211 BIODEGRADABLE 0
131 210 189 210 189 262 131 262 BIODEGRADABLE 0
193 137 251 137 251 273 193 273 BIODEGRADABLE 0
238.99999999999997 154 297 154 297 243 238.99999999999997 243 BIODEGRADABLE 0
297 148 353 148 353 228.00000000000003 297 228.00000000000003 BIODEGRADABLE 0
264 28 326 28 326 182 264 182 BIODEGRADABLE 0
158 0 269 0 269 152 158 152 BIODEGRADABLE 0
121.00000000000001 1 162 1 162 44 121.00000000000001 44 BIODEGRADABLE 0
168 1 215.00000000000003 1 215.00000000000003 28 168 28 BIODEGRADABLE 0
207 2 274 2 274 102 207 102 BIODEGRADABLE 0
226.99999999999997 1 304 1 304 85 226.99999999999997 85 BIODEGRADABLE 0
279 1 354 1 354 44 279 44 BIODEGRADABLE 0
322 1 377 1 377 187 322 187 BIODEGRADABLE 0
348 145 392 145 392 193 348 193 BIODEGRADABLE 0
373 177 415 177 415 271 373 271 BIODEGRADABLE 0
404 135 416 135 416 189 404 189 BIODEGRADABLE 0
380 93 416 93 416 132 380 132 BIODEGRADABLE 0
364 1 415 1 415 105 364 105 BIODEGRADABLE 0
363 1 382 1 382 39 363 39 BIODEGRADABLE 0
401 13 415 13 415 114.00000000000001 401 114.00000000000001 BIODEGRADABLE 0
0 1 415 1 415 377 0 377 BIODEGRADABLE 0