123 129 366 129 366 301 123 301 BIODEGRADABLE 0
273 271 382 271 382 353 273 353 BIODEGRADABLE 0
192 212 280 212 280 386 192 386 BIODEGRADABLE 0
180 203 200 203 200 339 180 339 BIODEGRADABLE 0
146 183 184 183 184 357 146 357 BIODEGRADABLE 0
238.99999999999997 172 389 172 389 242.00000000000003 238.99999999999997 242.00000000000003 BIODEGRADABLE 0
5 94 401 94 401 186 5 186 BIODEGRADABLE 0
1 187 147 187 147 415 1 415 PAPER 0
151 357 205 357 205 415 151 415 PAPER 0
205 384 414 384 414 415 205 415 PAPER 0
278 349 414 349 414 386 278 386 PAPER 0
384 196 414 196 414 350 384 350 PAPER 0
346 244 384 244 384 266 346 266 PAPER 0
366 269 382 269 382 301 366 301 PAPER 0
310 151 414 151 414 183 310 183 PAPER 0
248 161 312 161 312 176 248 176 PAPER 0
396 41 414 41 414 151 396 151 PAPER 0
1 0 396 0 396 94 1 94 PAPER 0