2 160 90 160 90 414 2 414 BIODEGRADABLE 0
21 319 315 319 315 413 21 413 BIODEGRADABLE 0
19 362 157 362 157 414 19 414 BIODEGRADABLE 0
39 85 131 85 131 331 39 331 BIODEGRADABLE 0
1 25 117 25 117 232 1 232 BIODEGRADABLE 0
2 23 62 23 62 175 2 175 BIODEGRADABLE 0
18 1 42 1 42 75 18 75 BIODEGRADABLE 0
2 10 24 10 24 80 2 80 BIODEGRADABLE 0
33 0 91 0 91 45 33 45 BIODEGRADABLE 0
89 0 114.00000000000001 0 114.00000000000001 33 89 33 BIODEGRADABLE 0
105 0 157 0 157 70 105 70 BIODEGRADABLE 0
141 0 234 0 234 62.99999999999999 141 62.99999999999999 BIODEGRADABLE 0
132 35 196 35 196 67 132 67 BIODEGRADABLE 0
196 0 254.00000000000003 0 254.00000000000003 35 196 35 BIODEGRADABLE 0
242.00000000000003 2 284 2 284 40 242.00000000000003 40 BIODEGRADABLE 0
238.99999999999997 18 345 18 345 100 238.99999999999997 100 BIODEGRADABLE 0
84 52 238.99999999999997 52 238.99999999999997 132 84 132 BIODEGRADABLE 0
89 102 247 102 247 238.99999999999997 89 238.99999999999997 BIODEGRADABLE 0
142 175 302 175 302 337 142 337 BIODEGRADABLE 0
96 235 148 235 148 312 96 312 BIODEGRADABLE 0
238.99999999999997 281 331 281 331 349 238.99999999999997 349 BIODEGRADABLE 0
292 261 415 261 415 414 292 414 BIODEGRADABLE 0
376 201 415 201 415 262 376 262 BIODEGRADABLE 0
386 145 414 145 414 207 386 207 BIODEGRADABLE 0
399 132 415 132 415 179 399 179 BIODEGRADABLE 0
356 105 411 105 411 185 356 185 BIODEGRADABLE 0
334 48 384 48 384 292 334 292 BIODEGRADABLE 0
283 87 357 87 357 319 283 319 BIODEGRADABLE 0
90 0 415 0 415 238 90 238 BIODEGRADABLE 0
2 0 416 0 416 414 2 414 BIODEGRADABLE 0