215.00000000000003 8 361 8 361 80 215.00000000000003 80 BIODEGRADABLE 0
220 2 304 2 304 23 220 23 BIODEGRADABLE 0
298 2 374 2 374 12 298 12 BIODEGRADABLE 0
246 1 414 1 414 98 246 98 BIODEGRADABLE 0
288 37 398 37 398 134 288 134 BIODEGRADABLE 0
338 70 414 70 414 129 338 129 BIODEGRADABLE 0
364 118 414 118 414 139 364 139 BIODEGRADABLE 0
296 125.99999999999999 414 125.99999999999999 414 202 296 202 BIODEGRADABLE 0
359 173 414 173 414 220 359 220 BIODEGRADABLE 0
278 186 359 186 359 230 278 230 BIODEGRADABLE 0
249 177 309 177 309 219 249 219 BIODEGRADABLE 0
285 136 319 136 319 168 285 168 BIODEGRADABLE 0
231 119 312 119 312 167 231 167 BIODEGRADABLE 0
178 157 267 157 267 199 178 199 BIODEGRADABLE 0
215.00000000000003 196 254.00000000000003 196 254.00000000000003 212.99999999999997 215.00000000000003 212.99999999999997 BIODEGRADABLE 0
327 211 413 211 413 265 327 265 BIODEGRADABLE 0
367 263 414 263 414 314 367 314 BIODEGRADABLE 0
265 235 377 235 377 295 265 295 BIODEGRADABLE 0
212 215.00000000000003 306 215.00000000000003 306 274 212 274 BIODEGRADABLE 0
171 212.99999999999997 241.00000000000003 212.99999999999997 241.00000000000003 255.00000000000003 171 255.00000000000003 BIODEGRADABLE 0
84 175 210 175 210 234 84 234 BIODEGRADABLE 0
131 151 205 151 205 168 131 168 BIODEGRADABLE 0
121.00000000000001 87 259 87 259 161 121.00000000000001 161 BIODEGRADABLE 0
87 4 309 4 309 96 87 96 BIODEGRADABLE 0
186 26 215.00000000000003 26 215.00000000000003 42 186 42 BIODEGRADABLE 0
204 8 230 8 230 28 204 28 BIODEGRADABLE 0
123 1 233 1 233 25 123 25 BIODEGRADABLE 0
105 31 144 31 144 47 105 47 BIODEGRADABLE 0
125.99999999999999 42 165 42 165 59 125.99999999999999 59 BIODEGRADABLE 0
108.00000000000001 43 134 43 134 68 108.00000000000001 68 BIODEGRADABLE 0
105 70 125.99999999999999 70 125.99999999999999 79 105 79 BIODEGRADABLE 0
84 77 105 77 105 93 84 93 BIODEGRADABLE 0
100 61 212 61 212 105 100 105 BIODEGRADABLE 0
55 52 121.00000000000001 52 121.00000000000001 92 55 92 BIODEGRADABLE 0
29 3 106.99999999999999 3 106.99999999999999 49 29 49 BIODEGRADABLE 0
48 2 118 2 118 20 48 20 BIODEGRADABLE 0
53 42 89 42 89 66 53 66 BIODEGRADABLE 0
1 41 71 41 71 67 1 67 BIODEGRADABLE 0
0 24 66 24 66 54.00000000000001 0 54.00000000000001 BIODEGRADABLE 0
3 14.999999999999998 39 14.999999999999998 39 36 3 36 BIODEGRADABLE 0
16 69 50 69 50 81 16 81 BIODEGRADABLE 0
16 57.00000000000001 59.99999999999999 57.00000000000001 59.99999999999999 71 16 71 BIODEGRADABLE 0
5 83 39 83 39 95 5 95 BIODEGRADABLE 0
10 93 42 93 42 106.99999999999999 10 106.99999999999999 BIODEGRADABLE 0
5 111 26 111 26 119 5 119 BIODEGRADABLE 0
0 121.00000000000001 11 121.00000000000001 11 131 0 131 BIODEGRADABLE 0
11 116 47 116 47 182 11 182 BIODEGRADABLE 0
29 102 61 102 61 119 29 119 BIODEGRADABLE 0
37 81 76 81 76 103 37 103 BIODEGRADABLE 0
58 95 108.00000000000001 95 108.00000000000001 139 58 139 BIODEGRADABLE 0
37 119 79 119 79 155 37 155 BIODEGRADABLE 0
55 145 89 145 89 165 55 165 BIODEGRADABLE 0
55 164 94 164 94 177 55 177 BIODEGRADABLE 0
29 166 84 166 84 202 29 202 BIODEGRADABLE 0
61 185 87 185 87 199 61 199 BIODEGRADABLE 0
81 181 105 181 105 190 81 190 BIODEGRADABLE 0
97 168 129 168 129 182 97 182 BIODEGRADABLE 0
87 142 131 142 131 178 87 178 BIODEGRADABLE 0
24 201 110 201 110 239.99999999999997 24 239.99999999999997 BIODEGRADABLE 0
0 196 34 196 34 224 0 224 BIODEGRADABLE 0
0 168 29 168 29 197 0 197 BIODEGRADABLE 0
0 156 13 156 13 172 0 172 BIODEGRADABLE 0
50 228.00000000000003 152 228.00000000000003 152 254.00000000000003 50 254.00000000000003 BIODEGRADABLE 0
149 234 175 234 175 247 149 247 BIODEGRADABLE 0
58 243 207 243 207 314 58 314 BIODEGRADABLE 0
204 256 246 256 246 288 204 288 BIODEGRADABLE 0
233 274 348 274 348 326 233 326 BIODEGRADABLE 0
330 300 408 300 408 344 330 344 BIODEGRADABLE 0
369 331 413 331 413 390 369 390 BIODEGRADABLE 0
332 340 382 340 382 387 332 387 BIODEGRADABLE 0
254.00000000000003 324 335 324 335 369 254.00000000000003 369 BIODEGRADABLE 0
212 305 270 305 270 337 212 337 BIODEGRADABLE 0
181 285 236 285 236 309 181 309 BIODEGRADABLE 0
131 305 215.00000000000003 305 215.00000000000003 341 131 341 BIODEGRADABLE 0
131 313 170 313 170 335 131 335 BIODEGRADABLE 0
0 324 169 324 169 415 0 415 BIODEGRADABLE 0
0 196 84 196 84 352 0 352 BIODEGRADABLE 0
0 220 42 220 42 274 0 274 BIODEGRADABLE 0
0 290 34 290 34 326 0 326 BIODEGRADABLE 0
0 278 19 278 19 295 0 295 BIODEGRADABLE 0
21 312 57.00000000000001 312 57.00000000000001 337 21 337 BIODEGRADABLE 0
81 312 131 312 131 334 81 334 BIODEGRADABLE 0
155 334 244 334 244 393 155 393 BIODEGRADABLE 0
230 335 356 335 356 402 230 402 BIODEGRADABLE 0
361 386 414 386 414 415 361 415 BIODEGRADABLE 0
230 394 335 394 335 415 230 415 BIODEGRADABLE 0
165 384 259 384 259 416 165 416 BIODEGRADABLE 0
0 1 415 1 415 415 0 415 BIODEGRADABLE 0