59.99999999999999 183 94 183 94 199 59.99999999999999 199 BIODEGRADABLE 0
45 112.99999999999999 83 112.99999999999999 83 133 45 133 BIODEGRADABLE 0
43 140 75 140 75 174 43 174 BIODEGRADABLE 0
36 59.99999999999999 62 59.99999999999999 62 88 36 88 BIODEGRADABLE 0
7 52 47 52 47 72 7 72 BIODEGRADABLE 0
18 10 58 10 58 32 18 32 BIODEGRADABLE 0
0 39 19 39 19 61 0 61 BIODEGRADABLE 0
0 76 24 76 24 106 0 106 BIODEGRADABLE 0
28 97 50 97 50 123 28 123 BIODEGRADABLE 0
3 118 43 118 43 139 3 139 BIODEGRADABLE 0
9 142 43 142 43 164 9 164 BIODEGRADABLE 0
13 165 53 165 53 187 13 187 BIODEGRADABLE 0
20 184 56 184 56 204 20 204 BIODEGRADABLE 0
38 207 62 207 62 231 38 231 BIODEGRADABLE 0
17 203 39 203 39 232 17 232 BIODEGRADABLE 0
29.999999999999996 230 56 230 56 250 29.999999999999996 250 BIODEGRADABLE 0
24 252.99999999999997 59.99999999999999 252.99999999999997 59.99999999999999 277 24 277 BIODEGRADABLE 0
37 279 71 279 71 295 37 295 BIODEGRADABLE 0
26 300 56 300 56 320 26 320 BIODEGRADABLE 0
0 300 26 300 26 310 0 310 BIODEGRADABLE 0
0 276 14.999999999999998 276 14.999999999999998 292 0 292 BIODEGRADABLE 0
9 259 22 259 22 281 9 281 BIODEGRADABLE 0
0 282 26 282 26 298 0 298 BIODEGRADABLE 0
24 289 43 289 43 303 24 303 BIODEGRADABLE 0
0 245 13 245 13 271 0 271 BIODEGRADABLE 0
6 229.00000000000003 28 229.00000000000003 28 252.99999999999997 6 252.99999999999997 BIODEGRADABLE 0
0 203 17 203 17 232 0 232 BIODEGRADABLE 0
0 184 17 184 17 204 0 204 BIODEGRADABLE 0
0 167 22 167 22 188 0 188 BIODEGRADABLE 0
0 151 17 151 17 171 0 171 BIODEGRADABLE 0
1 132 11 132 11 150 1 150 BIODEGRADABLE 0
47 384 85 384 85 405 47 405 BIODEGRADABLE 0
118 389 148 389 148 409 118 409 BIODEGRADABLE 0
122 336 156 336 156 350 122 350 BIODEGRADABLE 0
149 339 175 339 175 359 149 359 BIODEGRADABLE 0
162 358 192 358 192 372 162 372 BIODEGRADABLE 0
171 319 195 319 195 339 171 339 BIODEGRADABLE 0
160 303 177 303 177 321 160 321 BIODEGRADABLE 0
152 292 180 292 180 304 152 304 BIODEGRADABLE 0
160 271 188 271 188 291 160 291 BIODEGRADABLE 0
186 257 208 257 208 286 186 286 BIODEGRADABLE 0
211 238.99999999999997 235 238.99999999999997 235 259 211 259 BIODEGRADABLE 0
231 242.00000000000003 259 242.00000000000003 259 264 231 264 BIODEGRADABLE 0
225.99999999999997 215.00000000000003 258 215.00000000000003 258 231 225.99999999999997 231 BIODEGRADABLE 0
333 250 363 250 363 271 333 271 BIODEGRADABLE 0
363 292 391 292 391 316 363 316 BIODEGRADABLE 0
218 295 248 295 248 315 218 315 BIODEGRADABLE 0
182 305 201 305 201 326 182 326 BIODEGRADABLE 0
198 313 220 313 220 335 198 335 BIODEGRADABLE 0
212.99999999999997 342 238.99999999999997 342 238.99999999999997 363 212.99999999999997 363 BIODEGRADABLE 0
222 320 246 320 246 344 222 344 BIODEGRADABLE 0
213.99999999999997 369 246 369 246 387 213.99999999999997 387 BIODEGRADABLE 0
220 387 254.00000000000003 387 254.00000000000003 402 220 402 BIODEGRADABLE 0
246 324 414 324 414 415 246 415 BIODEGRADABLE 0
0 1 138 1 138 115 0 115 BIODEGRADABLE 0
0 200 162 200 162 414 0 414 BIODEGRADABLE 0
101 320 265 320 265 415 101 415 BIODEGRADABLE 0
152 0 267 0 267 44 152 44 BIODEGRADABLE 0
336 165 378 165 378 187 336 187 BIODEGRADABLE 0
299 161 321 161 321 189 299 189 BIODEGRADABLE 0
326 139 352 139 352 157 326 157 BIODEGRADABLE 0
371 136 397 136 397 168 371 168 BIODEGRADABLE 0
357 118 391 118 391 138 357 138 BIODEGRADABLE 0
357 91 393 91 393 119.99999999999999 357 119.99999999999999 BIODEGRADABLE 0
388 100 414 100 414 132 388 132 BIODEGRADABLE 0
397 76 414 76 414 98 397 98 BIODEGRADABLE 0
376 62 410 62 410 94 376 94 BIODEGRADABLE 0
331 49 359 49 359 73 331 73 BIODEGRADABLE 0
277 181 299 181 299 202 277 202 BIODEGRADABLE 0
286 4 314 4 314 36 286 36 BIODEGRADABLE 0
267 27.000000000000004 297 27.000000000000004 297 55 267 55 BIODEGRADABLE 0
235 49 289 49 289 83 235 83 BIODEGRADABLE 0
347 1 379 1 379 36 347 36 BIODEGRADABLE 0
305 22 354 22 354 52 305 52 BIODEGRADABLE 0
310 106.99999999999999 359 106.99999999999999 359 129 310 129 BIODEGRADABLE 0
250 93 274 93 274 121.00000000000001 250 121.00000000000001 BIODEGRADABLE 0
188 71 220 71 220 108.00000000000001 188 108.00000000000001 BIODEGRADABLE 0
201 145 243 145 243 166 201 166 BIODEGRADABLE 0
363 220 387 220 387 249 363 249 BIODEGRADABLE 0
190 4 414 4 414 202 190 202 BIODEGRADABLE 0
186 194 414 194 414 362 186 362 BIODEGRADABLE 0
104 1 176 1 176 36 104 36 BIODEGRADABLE 0
66 42 241.00000000000003 42 241.00000000000003 278 66 278 BIODEGRADABLE 0
209 110 228.00000000000003 110 228.00000000000003 132 209 132 BIODEGRADABLE 0
188 111 210 111 210 137 188 137 BIODEGRADABLE 0
179 97 201 97 201 121.00000000000001 179 121.00000000000001 BIODEGRADABLE 0
173 118 197 118 197 139 173 139 BIODEGRADABLE 0
160 125.99999999999999 192 125.99999999999999 192 150 160 150 BIODEGRADABLE 0
154 109 178 109 178 131 154 131 BIODEGRADABLE 0
156 89 182 89 182 110 156 110 BIODEGRADABLE 0
137 96 161 96 161 118 137 118 BIODEGRADABLE 0
135 76 163 76 163 92 135 92 BIODEGRADABLE 0
164 76 190 76 190 94 164 94 BIODEGRADABLE 0
150 62 180 62 180 78 150 78 BIODEGRADABLE 0
145 45 173 45 173 65 145 65 BIODEGRADABLE 0