2 296 56 296 56 349 2 349 BIODEGRADABLE 0
23 255.00000000000003 89 255.00000000000003 89 322 23 322 BIODEGRADABLE 0
3 319 75 319 75 415 3 415 BIODEGRADABLE 0
3 271 38 271 38 299 3 299 BIODEGRADABLE 0
3 132 162 132 162 284 3 284 BIODEGRADABLE 0
3 100 162 100 162 254.00000000000003 3 254.00000000000003 BIODEGRADABLE 0
75 0 265 0 265 110 75 110 BIODEGRADABLE 0
14 40 94 40 94 140 14 140 BIODEGRADABLE 0
65 0 173 0 173 44 65 44 BIODEGRADABLE 0
3 0 59 0 59 134 3 134 BIODEGRADABLE 0
28 1 124 1 124 37 28 37 BIODEGRADABLE 0
138 24 290 24 290 80 138 80 BIODEGRADABLE 0
101 62.99999999999999 223 62.99999999999999 223 125 101 125 BIODEGRADABLE 0
157 55 248 55 248 149 157 149 BIODEGRADABLE 0
13 0 332 0 332 152 13 152 BIODEGRADABLE 0
271 62.99999999999999 351 62.99999999999999 351 112.99999999999999 271 112.99999999999999 BIODEGRADABLE 0
257 108.00000000000001 318 108.00000000000001 318 136 257 136 BIODEGRADABLE 0
252.99999999999997 135 311 135 311 166 252.99999999999997 166 BIODEGRADABLE 0
238.99999999999997 165 314 165 314 201 238.99999999999997 201 BIODEGRADABLE 0
306 138 355 138 355 169 306 169 BIODEGRADABLE 0
318 80 372 80 372 128 318 128 BIODEGRADABLE 0
346 97 386 97 386 129 346 129 BIODEGRADABLE 0
349 130 391 130 391 171 349 171 BIODEGRADABLE 0
385 129 415 129 415 170 385 170 BIODEGRADABLE 0
385 169 415 169 415 212 385 212 BIODEGRADABLE 0
295 170 395 170 395 256 295 256 BIODEGRADABLE 0
145 148 231 148 231 190 145 190 BIODEGRADABLE 0
224 159 250 159 250 199 224 199 BIODEGRADABLE 0
192 109 255.00000000000003 109 255.00000000000003 165 192 165 BIODEGRADABLE 0
103 190 173 190 173 225.99999999999997 103 225.99999999999997 BIODEGRADABLE 0
62.99999999999999 223 143 223 143 281 62.99999999999999 281 BIODEGRADABLE 0
59 335 131 335 131 393 59 393 BIODEGRADABLE 0
49 394 91 394 91 415 49 415 BIODEGRADABLE 0
75 307 161 307 161 368 75 368 BIODEGRADABLE 0
87 372 212.99999999999997 372 212.99999999999997 415 87 415 BIODEGRADABLE 0
143 344 260 344 260 394 143 394 BIODEGRADABLE 0
201 363 292 363 292 406 201 406 BIODEGRADABLE 0
208 404 299 404 299 415 208 415 BIODEGRADABLE 0
283 334 395 334 395 409 283 409 BIODEGRADABLE 0
299 385 404 385 404 415 299 415 BIODEGRADABLE 0
376 338 415 338 415 393 376 393 BIODEGRADABLE 0
390 385 415 385 415 416 390 416 BIODEGRADABLE 0
339 271 415 271 415 346 339 346 BIODEGRADABLE 0
318 244 407 244 407 290 318 290 BIODEGRADABLE 0
376 207 415 207 415 272 376 272 BIODEGRADABLE 0
388 269 415 269 415 344 388 344 BIODEGRADABLE 0
176 200 318 200 318 294 176 294 BIODEGRADABLE 0
187 272 276 272 276 326 187 326 BIODEGRADABLE 0
122 269 218 269 218 341 122 341 BIODEGRADABLE 0
84 223 196 223 196 297 84 297 BIODEGRADABLE 0
171 194 260 194 260 248 171 248 BIODEGRADABLE 0
226.99999999999997 200 302 200 302 236 226.99999999999997 236 BIODEGRADABLE 0
178 189 241.00000000000003 189 241.00000000000003 225 178 225 BIODEGRADABLE 0
339 232 379 232 379 260 339 260 BIODEGRADABLE 0
318 130 362 130 362 177 318 177 BIODEGRADABLE 0
360 70 415 70 415 134 360 134 BIODEGRADABLE 0
328 37 360 37 360 73 328 73 BIODEGRADABLE 0
308 0 415 0 415 106 308 106 BIODEGRADABLE 0