198 22 297 22 297 84 198 84 BIODEGRADABLE 0
114.00000000000001 10 195 10 195 54.00000000000001 114.00000000000001 54.00000000000001 BIODEGRADABLE 0
99 75 173 75 173 114.00000000000001 99 114.00000000000001 BIODEGRADABLE 0
1 40 43 40 43 78 1 78 BIODEGRADABLE 0
25 23 89 23 89 43 25 43 BIODEGRADABLE 0
1 2 41 2 41 26 1 26 BIODEGRADABLE 0
1 1 89 1 89 77 1 77 BIODEGRADABLE 0
51 65 119 65 119 88 51 88 BIODEGRADABLE 0
54.00000000000001 34 125 34 125 70 54.00000000000001 70 BIODEGRADABLE 0
61 97 155 97 155 158 61 158 BIODEGRADABLE 0
1 119.99999999999999 61 119.99999999999999 61 175 1 175 BIODEGRADABLE 0
1 95 41 95 41 127.00000000000001 1 127.00000000000001 BIODEGRADABLE 0
46 121.00000000000001 106.99999999999999 121.00000000000001 106.99999999999999 169 46 169 BIODEGRADABLE 0
69 157 163 157 163 209 69 209 BIODEGRADABLE 0
1 176 69 176 69 230 1 230 BIODEGRADABLE 0
46 208 142 208 142 258 46 258 BIODEGRADABLE 0
31 249 115 249 115 281 31 281 BIODEGRADABLE 0
1 232 71 232 71 288 1 288 BIODEGRADABLE 0
343 203 414 203 414 259 343 259 BIODEGRADABLE 0
221 239.99999999999997 333 239.99999999999997 333 288 221 288 BIODEGRADABLE 0
368 281 414 281 414 347 368 347 BIODEGRADABLE 0
297 316 413 316 413 411 297 411 BIODEGRADABLE 0
383 353 413 353 413 401 383 401 BIODEGRADABLE 0
200 385 358 385 358 415 200 415 BIODEGRADABLE 0
242.00000000000003 368 320 368 320 402 242.00000000000003 402 BIODEGRADABLE 0
205 358 297 358 297 414 205 414 BIODEGRADABLE 0
111 389 216.00000000000003 389 216.00000000000003 415 111 415 BIODEGRADABLE 0
66 404 112 404 112 415 66 415 BIODEGRADABLE 0
109 363 208 363 208 404 109 404 BIODEGRADABLE 0
117 316 209 316 209 370 117 370 BIODEGRADABLE 0
137 308 185 308 185 320 137 320 BIODEGRADABLE 0
76 251 190 251 190 307 76 307 BIODEGRADABLE 0
31 294 130 294 130 346 31 346 BIODEGRADABLE 0
1 329 71 329 71 392 1 392 BIODEGRADABLE 0
206 326 274 326 274 368 206 368 BIODEGRADABLE 0
246 296 342 296 342 342 246 342 BIODEGRADABLE 0
173 280 257 280 257 323 173 323 BIODEGRADABLE 0
12 350 115 350 115 415 12 415 BIODEGRADABLE 0
1 287 66 287 66 333 1 333 BIODEGRADABLE 0
1 390 14.999999999999998 390 14.999999999999998 415 1 415 BIODEGRADABLE 0