255.00000000000003 377 374 377 374 412 255.00000000000003 412 BIODEGRADABLE 0
164 324 325 324 325 372 164 372 BIODEGRADABLE 0
196 366 260 366 260 400 196 400 BIODEGRADABLE 0
164 366 268 366 268 415 164 415 BIODEGRADABLE 0
117 348 181 348 181 372 117 372 BIODEGRADABLE 0
75 346 122 346 122 373 75 373 BIODEGRADABLE 0
57.00000000000001 349 183 349 183 398 57.00000000000001 398 BIODEGRADABLE 0
201 280 235 280 235 314 201 314 BIODEGRADABLE 0
206 306 239.99999999999997 306 239.99999999999997 328 206 328 BIODEGRADABLE 0
228.00000000000003 299 285 299 285 327 228.00000000000003 327 BIODEGRADABLE 0
228.00000000000003 286 280 286 280 304 228.00000000000003 304 BIODEGRADABLE 0
211 259 290 259 290 293 211 293 BIODEGRADABLE 0
280 291 330 291 330 332 280 332 BIODEGRADABLE 0
307 313 339 313 339 348 307 348 BIODEGRADABLE 0
327 334 397 334 397 370 327 370 BIODEGRADABLE 0
329 311 401 311 401 347 329 347 BIODEGRADABLE 0
325 298 377 298 377 314 325 314 BIODEGRADABLE 0
384 291 414 291 414 323 384 323 BIODEGRADABLE 0
275 247 377 247 377 301 275 301 BIODEGRADABLE 0
305 245 401 245 401 298 305 298 BIODEGRADABLE 0
310 234 406 234 406 278 310 278 BIODEGRADABLE 0
344 226.99999999999997 401 226.99999999999997 401 263 344 263 BIODEGRADABLE 0
211 165 414 165 414 265 211 265 BIODEGRADABLE 0
184 265 211 265 211 286 184 286 BIODEGRADABLE 0
62 224 210 224 210 351 62 351 BIODEGRADABLE 0
37 323 87 323 87 347 37 347 BIODEGRADABLE 0
67 287 77 287 77 300 67 300 BIODEGRADABLE 0
72 170 149 170 149 266 72 266 BIODEGRADABLE 0
27.000000000000004 187 119 187 119 255.00000000000003 27.000000000000004 255.00000000000003 BIODEGRADABLE 0
127.00000000000001 148 211 148 211 218 127.00000000000001 218 BIODEGRADABLE 0
181 215.00000000000003 199 215.00000000000003 199 226.99999999999997 181 226.99999999999997 BIODEGRADABLE 0
206 220 218 220 218 228.00000000000003 206 228.00000000000003 BIODEGRADABLE 0
206 210 231 210 231 220 206 220 BIODEGRADABLE 0
218 207 236 207 236 217 218 217 BIODEGRADABLE 0
206 198 225.99999999999997 198 225.99999999999997 209 206 209 BIODEGRADABLE 0
221 196 243 196 243 210 221 210 BIODEGRADABLE 0
184 167 218 167 218 188 184 188 BIODEGRADABLE 0
216.00000000000003 173 258 173 258 198 216.00000000000003 198 BIODEGRADABLE 0
282 172 332 172 332 225.99999999999997 282 225.99999999999997 BIODEGRADABLE 0
211 151 293 151 293 177 211 177 BIODEGRADABLE 0
164 139 198 139 198 160 164 160 BIODEGRADABLE 0
159 127.00000000000001 245 127.00000000000001 245 148 159 148 BIODEGRADABLE 0
263 111 362 111 362 139 263 139 BIODEGRADABLE 0
292 125 339 125 339 167 292 167 BIODEGRADABLE 0
327 130 387 130 387 159 327 159 BIODEGRADABLE 0
355 100 399 100 399 135 355 135 BIODEGRADABLE 0
379 95 413 95 413 121.00000000000001 379 121.00000000000001 BIODEGRADABLE 0
352 21 414 21 414 62.99999999999999 352 62.99999999999999 BIODEGRADABLE 0
389 52 414 52 414 80 389 80 BIODEGRADABLE 0
250 1 414 1 414 103 250 103 BIODEGRADABLE 0
52 1 260 1 260 45 52 45 BIODEGRADABLE 0
47 42 106.99999999999999 42 106.99999999999999 80 47 80 BIODEGRADABLE 0
156 14.999999999999998 248 14.999999999999998 248 75 156 75 BIODEGRADABLE 0
169 70 201 70 201 90 169 90 BIODEGRADABLE 0
144 59.99999999999999 174 59.99999999999999 174 80 144 80 BIODEGRADABLE 0
116 47 146 47 146 67 116 67 BIODEGRADABLE 0
84 64 124 64 124 82 84 82 BIODEGRADABLE 0
80 80 106.99999999999999 80 106.99999999999999 96 80 96 BIODEGRADABLE 0
179 88 201 88 201 98 179 98 BIODEGRADABLE 0
166 93 191 93 191 103 166 103 BIODEGRADABLE 0
166 100 198 100 198 116 166 116 BIODEGRADABLE 0
127.00000000000001 96 169 96 169 118 127.00000000000001 118 BIODEGRADABLE 0
117 117 179 117 179 153 117 153 BIODEGRADABLE 0
174 115 236 115 236 145 174 145 BIODEGRADABLE 0
203 77 273 77 273 117 203 117 BIODEGRADABLE 0
204 110 290 110 290 140 204 140 BIODEGRADABLE 0
238 50 317 50 317 116 238 116 BIODEGRADABLE 0
268 64 350 64 350 103 268 103 BIODEGRADABLE 0
248 38 295 38 295 70 248 70 BIODEGRADABLE 0
260 35 280 35 280 46 260 46 BIODEGRADABLE 0
267 35 359 35 359 96 267 96 BIODEGRADABLE 0
59 135 129 135 129 171 59 171 BIODEGRADABLE 0
114.00000000000001 67 144 67 144 95 114.00000000000001 95 BIODEGRADABLE 0
139 77 173 77 173 98 139 98 BIODEGRADABLE 0
70 163 124 163 124 187 70 187 BIODEGRADABLE 0
59.99999999999999 103 124 103 124 141 59.99999999999999 141 BIODEGRADABLE 0
27.000000000000004 88 84 88 84 119.99999999999999 27.000000000000004 119.99999999999999 BIODEGRADABLE 0
10 110 67 110 67 145 10 145 BIODEGRADABLE 0
35 145 72 145 72 169 35 169 BIODEGRADABLE 0
0 123 40 123 40 155 0 155 BIODEGRADABLE 0
1 91 35 91 35 125.99999999999999 1 125.99999999999999 BIODEGRADABLE 0
0 77 42 77 42 91 0 91 BIODEGRADABLE 0
0 345 62 345 62 411 0 411 PLASTIC 0
0 287 67 287 67 346 0 346 PLASTIC 0
0 193 62 193 62 281 0 281 PLASTIC 0
35 279 55 279 55 287 35 287 PLASTIC 0
0 194 59.99999999999999 194 59.99999999999999 287 0 287 PLASTIC 0
0 149 62 149 62 197 0 197 CARDBOARD 0