2 2 79 2 79 79 2 79 BIODEGRADABLE 0
2 21 14 21 14 82 2 82 BIODEGRADABLE 0
2 79 52 79 52 225.99999999999997 2 225.99999999999997 BIODEGRADABLE 0
2 224 20 224 20 292 2 292 BIODEGRADABLE 0
1 287 41 287 41 384 1 384 BIODEGRADABLE 0
14 233 85 233 85 344 14 344 BIODEGRADABLE 0
17 211 34 211 34 260 17 260 BIODEGRADABLE 0
32 154 142 154 142 308 32 308 BIODEGRADABLE 0
42 59 115 59 115 161 42 161 BIODEGRADABLE 0
73 3 144 3 144 64 73 64 BIODEGRADABLE 0
121.00000000000001 55 142 55 142 91 121.00000000000001 91 BIODEGRADABLE 0
96 62 124 62 124 100 96 100 BIODEGRADABLE 0
115 89 194 89 194 212.99999999999997 115 212.99999999999997 BIODEGRADABLE 0
159 134 251 134 251 290 159 290 BIODEGRADABLE 0
135 2 231 2 231 118 135 118 BIODEGRADABLE 0
228.00000000000003 2 327 2 327 147 228.00000000000003 147 BIODEGRADABLE 0
224 2 327 2 327 43 224 43 BIODEGRADABLE 0
332 2 416 2 416 36 332 36 BIODEGRADABLE 0
326 4 415 4 415 176 326 176 BIODEGRADABLE 0
294 98 342 98 342 168 294 168 BIODEGRADABLE 0
197 93 268 93 268 175 197 175 BIODEGRADABLE 0
248 145 336 145 336 276 248 276 BIODEGRADABLE 0
352 174 415 174 415 302 352 302 BIODEGRADABLE 0
315 158 373 158 373 274 315 274 BIODEGRADABLE 0
306 276 386 276 386 398 306 398 BIODEGRADABLE 0
233 274 315 274 315 410 233 410 BIODEGRADABLE 0
242.00000000000003 233 274 233 274 273 242.00000000000003 273 BIODEGRADABLE 0
195 267 245 267 245 344 195 344 BIODEGRADABLE 0
92 258 206 258 206 400 92 400 BIODEGRADABLE 0
91 294 119 294 119 346 91 346 BIODEGRADABLE 0
72 306 108.00000000000001 306 108.00000000000001 351 72 351 BIODEGRADABLE 0
19 346 97 346 97 415 19 415 BIODEGRADABLE 0
1 382 13 382 13 415 1 415 BIODEGRADABLE 0
92 368 165 368 165 415 92 415 BIODEGRADABLE 0
162 346 255.00000000000003 346 255.00000000000003 415 162 415 BIODEGRADABLE 0
251 389 323 389 323 415 251 415 BIODEGRADABLE 0
316 389 351 389 351 415 316 415 BIODEGRADABLE 0
349 346 415 346 415 415 349 415 BIODEGRADABLE 0
384 298 415 298 415 358 384 358 BIODEGRADABLE 0