145 174 251 174 251 311 145 311 BIODEGRADABLE 0
230 264 302 264 302 360 230 360 BIODEGRADABLE 0
222 339 329 339 329 414 222 414 BIODEGRADABLE 0
296 300 392 300 392 414 296 414 BIODEGRADABLE 0
280 129 314 129 314 189 280 189 BIODEGRADABLE 0
323 119.99999999999999 373 119.99999999999999 373 185 323 185 BIODEGRADABLE 0
358 97 408 97 408 153 358 153 BIODEGRADABLE 0
243 2 383 2 383 152 243 152 BIODEGRADABLE 0
366 1 415 1 415 148 366 148 BIODEGRADABLE 0
175 82 270 82 270 208 175 208 BIODEGRADABLE 0
90 223 158 223 158 358 90 358 BIODEGRADABLE 0
117 296 230 296 230 414 117 414 BIODEGRADABLE 0
13 322 112.99999999999999 322 112.99999999999999 414 13 414 BIODEGRADABLE 0
0 346 10 346 10 412 0 412 BIODEGRADABLE 0
359 302 399 302 399 356 359 356 BIODEGRADABLE 0
329 236 379 236 379 303 329 303 BIODEGRADABLE 0
397 247 415 247 415 316 397 316 BIODEGRADABLE 0
362 206 399 206 399 252.99999999999997 362 252.99999999999997 BIODEGRADABLE 0
286 228.00000000000003 326 228.00000000000003 326 290 286 290 BIODEGRADABLE 0
262 185 296 185 296 232 262 232 BIODEGRADABLE 0
362 152 399 152 399 206 362 206 BIODEGRADABLE 0
402 195 415 195 415 242.00000000000003 402 242.00000000000003 BIODEGRADABLE 0
300 187 342 187 342 234 300 234 BIODEGRADABLE 0
125 106.99999999999999 164 106.99999999999999 164 165 125 165 BIODEGRADABLE 0
156 69 192 69 192 121.00000000000001 156 121.00000000000001 BIODEGRADABLE 0
117 65 156 65 156 112 117 112 BIODEGRADABLE 0
69 75 103 75 103 119.99999999999999 69 119.99999999999999 BIODEGRADABLE 0
40 114.00000000000001 82 114.00000000000001 82 154 40 154 BIODEGRADABLE 0
82 118 122 118 122 176 82 176 BIODEGRADABLE 0
85 161 137 161 137 215.00000000000003 85 215.00000000000003 BIODEGRADABLE 0
110 204 140 204 140 236 110 236 BIODEGRADABLE 0
138 172 166 172 166 208 138 208 BIODEGRADABLE 0
50 189 86 189 86 232 50 232 BIODEGRADABLE 0
39 152 79 152 79 202 39 202 BIODEGRADABLE 0
13 149 41 149 41 189 13 189 BIODEGRADABLE 0
1 175 40 175 40 238 1 238 BIODEGRADABLE 0
3 234 37 234 37 294 3 294 BIODEGRADABLE 0
29 238 74 238 74 300 29 300 BIODEGRADABLE 0
7 281 36 281 36 317 7 317 BIODEGRADABLE 0
32 287 79 287 79 337 32 337 BIODEGRADABLE 0
72 252.99999999999997 93 252.99999999999997 93 303 72 303 BIODEGRADABLE 0
1 1 127.00000000000001 1 127.00000000000001 122 1 122 BIODEGRADABLE 0
134 1 246 1 246 88 134 88 BIODEGRADABLE 0