37 272 216.00000000000003 272 216.00000000000003 414 37 414 BIODEGRADABLE 0
201 292 289 292 289 378 201 378 BIODEGRADABLE 0
143 166 303 166 303 300 143 300 BIODEGRADABLE 0
36 146 158 146 158 286 36 286 BIODEGRADABLE 0
286 276 406 276 406 404 286 404 BIODEGRADABLE 0
276 231 346 231 346 339 276 339 BIODEGRADABLE 0
290 186 354 186 354 245 290 245 BIODEGRADABLE 0
224 101 307 101 307 174 224 174 BIODEGRADABLE 0
99 56 237 56 237 174 99 174 BIODEGRADABLE 0
194 12 312 12 312 102 194 102 BIODEGRADABLE 0
115 1 234 1 234 62.99999999999999 115 62.99999999999999 BIODEGRADABLE 0
36 0 115 0 115 236 36 236 BIODEGRADABLE 0
265 61 365 61 365 189 265 189 BIODEGRADABLE 0
335 165 399 165 399 212 335 212 BIODEGRADABLE 0
352 217 399 217 399 238 352 238 BIODEGRADABLE 0
339 229.00000000000003 399 229.00000000000003 399 273 339 273 BIODEGRADABLE 0
339 192 415 192 415 335 339 335 BIODEGRADABLE 0
230 1 415 1 415 255.00000000000003 230 255.00000000000003 BIODEGRADABLE 0
339 43 365 43 365 64 339 64 BIODEGRADABLE 0
357 59 406 59 406 118 357 118 BIODEGRADABLE 0
386 96 415 96 415 128 386 128 BIODEGRADABLE 0
327 11 389 11 389 51 327 51 BIODEGRADABLE 0