133 339 166 339 166 391 133 391 BIODEGRADABLE 0
74 257 104 257 104 343 74 343 BIODEGRADABLE 0
43 246 79 246 79 287 43 287 BIODEGRADABLE 0
31 264 59 264 59 294 31 294 BIODEGRADABLE 0
18 271 39 271 39 293 18 293 BIODEGRADABLE 0
8 230 49 230 49 266 8 266 BIODEGRADABLE 0
2 212 14 212 14 246 2 246 BIODEGRADABLE 0
5 182 53 182 53 241.00000000000003 5 241.00000000000003 BIODEGRADABLE 0
2 121.00000000000001 29 121.00000000000001 29 189 2 189 BIODEGRADABLE 0
2 44 61 44 61 180 2 180 BIODEGRADABLE 0
33 175 56 175 56 205 33 205 BIODEGRADABLE 0
51 176 89 176 89 230 51 230 BIODEGRADABLE 0
38 219 88 219 88 257 38 257 BIODEGRADABLE 0
103 284 156 284 156 334 103 334 BIODEGRADABLE 0
101 250 139 250 139 291 101 291 BIODEGRADABLE 0
71 212 104 212 104 266 71 266 BIODEGRADABLE 0
68 157 132 157 132 252.99999999999997 68 252.99999999999997 BIODEGRADABLE 0
62 123 86 123 86 164 62 164 BIODEGRADABLE 0
53 171 83 171 83 225 53 225 BIODEGRADABLE 0
65 89 112.99999999999999 89 112.99999999999999 169 65 169 BIODEGRADABLE 0
80 71 114.00000000000001 71 114.00000000000001 114.00000000000001 80 114.00000000000001 BIODEGRADABLE 0
56 29.999999999999996 88 29.999999999999996 88 82 56 82 BIODEGRADABLE 0
95 37 119 37 119 75 95 75 BIODEGRADABLE 0
115 39 143 39 143 91 115 91 BIODEGRADABLE 0
115 110 200 110 200 196 115 196 BIODEGRADABLE 0
77 157 161 157 161 228.00000000000003 77 228.00000000000003 BIODEGRADABLE 0
130 223 174 223 174 291 130 291 BIODEGRADABLE 0
128 143 244 143 244 250 128 250 BIODEGRADABLE 0
174 250 208 250 208 307 174 307 BIODEGRADABLE 0
154 289 189 289 189 332 154 332 BIODEGRADABLE 0
195 291 239.99999999999997 291 239.99999999999997 357 195 357 BIODEGRADABLE 0
225 259 252.99999999999997 259 252.99999999999997 302 225 302 BIODEGRADABLE 0
210 262 225.99999999999997 262 225.99999999999997 296 210 296 BIODEGRADABLE 0
225 225 279 225 279 357 225 357 BIODEGRADABLE 0
269 287 323 287 323 369 269 369 BIODEGRADABLE 0
299 255.00000000000003 376 255.00000000000003 376 362 299 362 BIODEGRADABLE 0
263 252.99999999999997 302 252.99999999999997 302 296 263 296 BIODEGRADABLE 0
373 230 401 230 401 301 373 301 BIODEGRADABLE 0
344 229.00000000000003 374 229.00000000000003 374 282 344 282 BIODEGRADABLE 0
326 225 359 225 359 268 326 268 BIODEGRADABLE 0
326 189 377 189 377 235 326 235 BIODEGRADABLE 0
390 225 415 225 415 260 390 260 BIODEGRADABLE 0
377 109 415 109 415 242.00000000000003 377 242.00000000000003 BIODEGRADABLE 0
332 102 415 102 415 232 332 232 BIODEGRADABLE 0
352 70 415 70 415 112.99999999999999 352 112.99999999999999 BIODEGRADABLE 0
386 2 415 2 415 73 386 73 BIODEGRADABLE 0
282 2 365 2 365 114.00000000000001 282 114.00000000000001 BIODEGRADABLE 0
176 23 285 23 285 143 176 143 BIODEGRADABLE 0
177 20 212.99999999999997 20 212.99999999999997 166 177 166 BIODEGRADABLE 0
160 21 201 21 201 114.00000000000001 160 114.00000000000001 BIODEGRADABLE 0
148 41 196 41 196 95 148 95 BIODEGRADABLE 0
323 246 355 246 355 314 323 314 BIODEGRADABLE 0
350 106.99999999999999 384 106.99999999999999 384 157 350 157 BIODEGRADABLE 0
323 143 353 143 353 182 323 182 BIODEGRADABLE 0
293 166 321 166 321 198 293 198 BIODEGRADABLE 0
313 62 353 62 353 196 313 196 BIODEGRADABLE 0
243 114.00000000000001 337 114.00000000000001 337 248 243 248 BIODEGRADABLE 0
196 141 282 141 282 264 196 264 BIODEGRADABLE 0
255.00000000000003 198 327 198 327 238.99999999999997 255.00000000000003 238.99999999999997 BIODEGRADABLE 0
238 228.00000000000003 277 228.00000000000003 277 269 238 269 BIODEGRADABLE 0