228.00000000000003 277 305 277 305 359 228.00000000000003 359 BIODEGRADABLE 0
159 311 235 311 235 386 159 386 BIODEGRADABLE 0
111 228.00000000000003 197 228.00000000000003 197 322 111 322 BIODEGRADABLE 0
199 276 237 276 237 322 199 322 BIODEGRADABLE 0
181 196 276 196 276 276 181 276 BIODEGRADABLE 0
167 163 244 163 244 232 167 232 BIODEGRADABLE 0
239.99999999999997 127.00000000000001 332 127.00000000000001 332 221 239.99999999999997 221 BIODEGRADABLE 0
228.00000000000003 25 308 25 308 119 228.00000000000003 119 BIODEGRADABLE 0
176 100 239.99999999999997 100 239.99999999999997 160 176 160 BIODEGRADABLE 0
122 104 206 104 206 190 122 190 BIODEGRADABLE 0
101 39 169 39 169 123 101 123 BIODEGRADABLE 0
167 33 241.00000000000003 33 241.00000000000003 104 167 104 BIODEGRADABLE 0
138 0 231 0 231 58 138 58 BIODEGRADABLE 0