1 3 71 3 71 53 1 53 BIODEGRADABLE 0
48 19 127.00000000000001 19 127.00000000000001 168 48 168 BIODEGRADABLE 0
2 100 62 100 62 251.99999999999997 2 251.99999999999997 BIODEGRADABLE 0
53 175 135 175 135 335 53 335 BIODEGRADABLE 0
1 288 75 288 75 415 1 415 BIODEGRADABLE 0
101 306 181 306 181 415 101 415 BIODEGRADABLE 0
167 220 241.00000000000003 220 241.00000000000003 366 167 366 BIODEGRADABLE 0
128 69 211 69 211 241.00000000000003 128 241.00000000000003 BIODEGRADABLE 0
143 3 245 3 245 69 143 69 BIODEGRADABLE 0
207 23 281 23 281 165 207 165 BIODEGRADABLE 0
232 170 292 170 292 296 232 296 BIODEGRADABLE 0
299 295 371 295 371 415 299 415 BIODEGRADABLE 0
281 50 355 50 355 204 281 204 BIODEGRADABLE 0
252.99999999999997 3 325 3 325 42 252.99999999999997 42 BIODEGRADABLE 0
339 2 415 2 415 161 339 161 BIODEGRADABLE 0