1 132 56 132 56 215.00000000000003 1 215.00000000000003 BIODEGRADABLE 0
66 71 130 71 130 155 66 155 BIODEGRADABLE 0
93 14 145 14 145 87 93 87 BIODEGRADABLE 0
129 3 181 3 181 36 129 36 BIODEGRADABLE 0
162 5 224 5 224 80 162 80 BIODEGRADABLE 0
123 36 206 36 206 124 123 124 BIODEGRADABLE 0
49 135 117 135 117 199 49 199 BIODEGRADABLE 0
9 171 89 171 89 286 9 286 BIODEGRADABLE 0
76 149 167 149 167 319 76 319 BIODEGRADABLE 0
129 124 209 124 209 219 129 219 BIODEGRADABLE 0
172 89 242.00000000000003 89 242.00000000000003 160 172 160 BIODEGRADABLE 0
209 51 244 51 244 97 209 97 BIODEGRADABLE 0
237 49 296 49 296 115 237 115 BIODEGRADABLE 0
277 27.000000000000004 329 27.000000000000004 329 100 277 100 BIODEGRADABLE 0
296 64 413 64 413 230 296 230 BIODEGRADABLE 0
228.00000000000003 111 298 111 298 206 228.00000000000003 206 BIODEGRADABLE 0
254.00000000000003 179 408 179 408 381 254.00000000000003 381 BIODEGRADABLE 0
178 184 290 184 290 394 178 394 BIODEGRADABLE 0