44 251 134 251 134 311 44 311 BIODEGRADABLE 0
109 289 195 289 195 374 109 374 BIODEGRADABLE 0
79 219 147 219 147 261 79 261 BIODEGRADABLE 0
35 198 81 198 81 270 35 270 BIODEGRADABLE 0
62 168 121.00000000000001 168 121.00000000000001 237 62 237 BIODEGRADABLE 0
33 153 103 153 103 211 33 211 BIODEGRADABLE 0
134 225.99999999999997 230 225.99999999999997 230 308 134 308 BIODEGRADABLE 0
197 297 267 297 267 345 197 345 BIODEGRADABLE 0
228.00000000000003 239.99999999999997 302 239.99999999999997 302 309 228.00000000000003 309 BIODEGRADABLE 0
265 300 333 300 333 339 265 339 BIODEGRADABLE 0
304 247 383 247 383 330 304 330 BIODEGRADABLE 0
318 206 375 206 375 250 318 250 BIODEGRADABLE 0
368 219 415 219 415 272 368 272 BIODEGRADABLE 0
355 162 409 162 409 225.99999999999997 355 225.99999999999997 BIODEGRADABLE 0
392 153 415 153 415 209 392 209 BIODEGRADABLE 0
381 125.99999999999999 414 125.99999999999999 414 160 381 160 BIODEGRADABLE 0
331 121.00000000000001 390 121.00000000000001 390 168 331 168 BIODEGRADABLE 0
309 154 381 154 381 196 309 196 BIODEGRADABLE 0
318 76 390 76 390 123 318 123 BIODEGRADABLE 0
272 104 338 104 338 158 272 158 BIODEGRADABLE 0
237 141 316 141 316 193 237 193 BIODEGRADABLE 0
208 193 294 193 294 239.99999999999997 208 239.99999999999997 BIODEGRADABLE 0
276 225.99999999999997 318 225.99999999999997 318 259 276 259 BIODEGRADABLE 0
290 195 342 195 342 226.99999999999997 290 226.99999999999997 BIODEGRADABLE 0
178 148 246 148 246 208 178 208 BIODEGRADABLE 0
136 177 212 177 212 231 136 231 BIODEGRADABLE 0
99 157 178 157 178 212.99999999999997 99 212.99999999999997 BIODEGRADABLE 0
101 104 182 104 182 160 101 160 BIODEGRADABLE 0
46 85 134 85 134 137 46 137 BIODEGRADABLE 0
44 135 110 135 110 168 44 168 BIODEGRADABLE 0
180 92 263 92 263 148 180 148 BIODEGRADABLE 0
244 59.99999999999999 298 59.99999999999999 298 110 244 110 BIODEGRADABLE 0
173 58 238.99999999999997 58 238.99999999999997 104 173 104 BIODEGRADABLE 0
128 62 180 62 180 104 128 104 BIODEGRADABLE 0