275 215.00000000000003 347 215.00000000000003 347 316 275 316 BIODEGRADABLE 0
119 165 321 165 321 309 119 309 BIODEGRADABLE 0
133 172 249 172 249 247 133 247 BIODEGRADABLE 0
10 187 138 187 138 335 10 335 BIODEGRADABLE 0
116 230 140 230 140 298 116 298 BIODEGRADABLE 0
127.00000000000001 225.99999999999997 156 225.99999999999997 156 292 127.00000000000001 292 BIODEGRADABLE 0
135 209 171 209 171 249 135 249 BIODEGRADABLE 0
151 241.00000000000003 169 241.00000000000003 169 275 151 275 BIODEGRADABLE 0
109 191 135 191 135 221 109 221 BIODEGRADABLE 0
171 225 187 225 187 249 171 249 BIODEGRADABLE 0
161 245 269 245 269 373 161 373 BIODEGRADABLE 0
161 320 212.99999999999997 320 212.99999999999997 391 161 391 BIODEGRADABLE 0
268 239.99999999999997 384 239.99999999999997 384 414 268 414 BIODEGRADABLE 0
147 324 269 324 269 415 147 415 BIODEGRADABLE 0
127.00000000000001 298 157 298 157 358 127.00000000000001 358 BIODEGRADABLE 0