72 334 136 334 136 384 72 384 BIODEGRADABLE 0
134 347 168 347 168 376 134 376 BIODEGRADABLE 0
141 371 147 371 147 379 141 379 BIODEGRADABLE 0
123 371 138 371 138 384 123 384 BIODEGRADABLE 0
117 309 169 309 169 354 117 354 BIODEGRADABLE 0
91 314 106 314 106 327 91 327 BIODEGRADABLE 0
93 320 106 320 106 334 93 334 BIODEGRADABLE 0
110 319 116 319 116 333 110 333 BIODEGRADABLE 0
74 320 89 320 89 338 74 338 BIODEGRADABLE 0
71 314 86 314 86 325 71 325 BIODEGRADABLE 0
62.99999999999999 301 74 301 74 319 62.99999999999999 319 BIODEGRADABLE 0
59.99999999999999 264 140 264 140 317 59.99999999999999 317 BIODEGRADABLE 0
140 309 192 309 192 357 140 357 BIODEGRADABLE 0
172 349 192 349 192 379 172 379 BIODEGRADABLE 0
164 370 203 370 203 394 164 394 BIODEGRADABLE 0
177 264 235 264 235 387 177 387 BIODEGRADABLE 0
84 238.99999999999997 136 238.99999999999997 136 279 84 279 BIODEGRADABLE 0
50 208 104 208 104 258 50 258 BIODEGRADABLE 0
58 144 78 144 78 230 58 230 BIODEGRADABLE 0
71 187 110 187 110 229.00000000000003 71 229.00000000000003 BIODEGRADABLE 0
75 162 97 162 97 189 75 189 BIODEGRADABLE 0
73 139 119 139 119 173 73 173 BIODEGRADABLE 0
93 149 162 149 162 197 93 197 BIODEGRADABLE 0
134 181 188 181 188 208 134 208 BIODEGRADABLE 0
134 197 186 197 186 223 134 223 BIODEGRADABLE 0
149 212.99999999999997 175 212.99999999999997 175 243 149 243 BIODEGRADABLE 0
130 219 156 219 156 232 130 232 BIODEGRADABLE 0
160 216.00000000000003 212 216.00000000000003 212 264 160 264 BIODEGRADABLE 0
198 223 246 223 246 260 198 260 BIODEGRADABLE 0
134 269 194 269 194 295 134 295 BIODEGRADABLE 0
326 327 378 327 378 378 326 378 BIODEGRADABLE 0
281 346 341 346 341 389 281 389 BIODEGRADABLE 0
207 355 281 355 281 381 207 381 BIODEGRADABLE 0
238.99999999999997 311 308 311 308 362 238.99999999999997 362 BIODEGRADABLE 0
343 300 395 300 395 335 343 335 BIODEGRADABLE 0
302 298 345 298 345 356 302 356 BIODEGRADABLE 0
261 315 304 315 304 360 261 360 BIODEGRADABLE 0
242.00000000000003 312 278 312 278 357 242.00000000000003 357 BIODEGRADABLE 0
213.99999999999997 287 278 287 278 351 213.99999999999997 351 BIODEGRADABLE 0
289 245 377 245 377 306 289 306 BIODEGRADABLE 0
246 266 294 266 294 288 246 288 BIODEGRADABLE 0
350 258 408 258 408 289 350 289 BIODEGRADABLE 0
369 228.00000000000003 401 228.00000000000003 401 279 369 279 BIODEGRADABLE 0
351 200 390 200 390 256 351 256 BIODEGRADABLE 0
339 162 380 162 380 223 339 223 BIODEGRADABLE 0
343 218 363 218 363 234 343 234 BIODEGRADABLE 0
375 174 401 174 401 192 375 192 BIODEGRADABLE 0
259 181 345 181 345 226.99999999999997 259 226.99999999999997 BIODEGRADABLE 0
287 208 313 208 313 232 287 232 BIODEGRADABLE 0
246 200 278 200 278 216.00000000000003 246 216.00000000000003 BIODEGRADABLE 0
231 215.00000000000003 283 215.00000000000003 283 263 231 263 BIODEGRADABLE 0
278 231 317 231 317 258 278 258 BIODEGRADABLE 0
184 162 255.00000000000003 162 255.00000000000003 218 184 218 BIODEGRADABLE 0
179 146 295 146 295 225.99999999999997 179 225.99999999999997 BIODEGRADABLE 0
203 96 259 96 259 152 203 152 BIODEGRADABLE 0
235 135 276 135 276 165 235 165 BIODEGRADABLE 0
272 128 285 128 285 136 272 136 BIODEGRADABLE 0
285 143 313 143 313 178 285 178 BIODEGRADABLE 0
177 133 231 133 231 165 177 165 BIODEGRADABLE 0
123 124 177 124 177 151 123 151 BIODEGRADABLE 0
101 109 147 109 147 149 101 149 BIODEGRADABLE 0
67 112 110 112 110 141 67 141 BIODEGRADABLE 0
67 82 125 82 125 114.00000000000001 67 114.00000000000001 BIODEGRADABLE 0
71 61 97 61 97 82 71 82 BIODEGRADABLE 0
93 55 123 55 123 95 93 95 BIODEGRADABLE 0
119 51 141 51 141 75 119 75 BIODEGRADABLE 0
132 53 175 53 175 77 132 77 BIODEGRADABLE 0
117 72 151 72 151 88 117 88 BIODEGRADABLE 0
132 74 203 74 203 93 132 93 BIODEGRADABLE 0
127.00000000000001 91 170 91 170 115 127.00000000000001 115 BIODEGRADABLE 0
160 96 201 96 201 133 160 133 BIODEGRADABLE 0
186 85 222 85 222 103 186 103 BIODEGRADABLE 0
220 72 319 72 319 146 220 146 BIODEGRADABLE 0
285 144 313 144 313 174 285 174 BIODEGRADABLE 0
302 150 350 150 350 192 302 192 BIODEGRADABLE 0
341 151 361 151 361 172 341 172 BIODEGRADABLE 0
320 138 384 138 384 162 320 162 BIODEGRADABLE 0
343 125 395 125 395 168 343 168 BIODEGRADABLE 0
325 101 373 101 373 138 325 138 BIODEGRADABLE 0
373 96 397 96 397 131 373 131 BIODEGRADABLE 0
362 90 390 90 390 104 362 104 BIODEGRADABLE 0
356 69 399 69 399 90 356 90 BIODEGRADABLE 0
317 53 388 53 388 93 317 93 BIODEGRADABLE 0
311 85 345 85 345 109 311 109 BIODEGRADABLE 0
255.00000000000003 16 317 16 317 67 255.00000000000003 67 BIODEGRADABLE 0
192 32 261 32 261 50 192 50 BIODEGRADABLE 0
190 28 264 28 264 39 190 39 BIODEGRADABLE 0
154 29 190 29 190 61 154 61 BIODEGRADABLE 0
75 34 153 34 153 69 75 69 BIODEGRADABLE 0
179 58 205 58 205 74 179 74 BIODEGRADABLE 0
201 62.99999999999999 226.99999999999997 62.99999999999999 226.99999999999997 82 201 82 BIODEGRADABLE 0
201 40 242.00000000000003 40 242.00000000000003 62 201 62 BIODEGRADABLE 0
225.99999999999997 55 306 55 306 101 225.99999999999997 101 BIODEGRADABLE 0
323 29 369 29 369 74 323 74 BIODEGRADABLE 0
349 32 390 32 390 70 349 70 BIODEGRADABLE 0