2 98 284 98 284 144 2 144 BIODEGRADABLE 0
3 133 294 133 294 236 3 236 BIODEGRADABLE 0
71 164 289 164 289 273 71 273 BIODEGRADABLE 0
119 179 305 179 305 305 119 305 BIODEGRADABLE 0
205 195 343 195 343 263 205 263 BIODEGRADABLE 0
319 156 407 156 407 203 319 203 BIODEGRADABLE 0
300 92 415 92 415 188 300 188 BIODEGRADABLE 0
278 115 319 115 319 167 278 167 BIODEGRADABLE 0
338 53 415 53 415 132 338 132 BIODEGRADABLE 0
3 220 153 220 153 376 3 376 BIODEGRADABLE 0
116 351 221 351 221 415 116 415 BIODEGRADABLE 0
134 292 262 292 262 351 134 351 BIODEGRADABLE 0
173 262 277 262 277 296 173 296 BIODEGRADABLE 0
266 245 286 245 286 266 266 266 BIODEGRADABLE 0
236 364 324 364 324 415 236 415 BIODEGRADABLE 0
266 301 330 301 330 365 266 365 BIODEGRADABLE 0
277 273 334 273 334 309 277 309 BIODEGRADABLE 0
314 226.99999999999997 339 226.99999999999997 339 274 314 274 BIODEGRADABLE 0
284 234 318 234 318 274 284 274 BIODEGRADABLE 0