225.99999999999997 318 334 318 334 375 225.99999999999997 375 BIODEGRADABLE 0
286 373 318 373 318 384 286 384 BIODEGRADABLE 0
217 351 308 351 308 403 217 403 BIODEGRADABLE 0
249 251 349 251 349 325 249 325 BIODEGRADABLE 0
224 287 256 287 256 327 224 327 BIODEGRADABLE 0
195 291 238.99999999999997 291 238.99999999999997 349 195 349 BIODEGRADABLE 0
206 267 228.00000000000003 267 228.00000000000003 291 206 291 BIODEGRADABLE 0
197 282 208 282 208 294 197 294 BIODEGRADABLE 0
180 245 217 245 217 272 180 272 BIODEGRADABLE 0
217 234 282 234 282 291 217 291 BIODEGRADABLE 0
265 181 356 181 356 251 265 251 BIODEGRADABLE 0
292 238 338 238 338 254.00000000000003 292 254.00000000000003 BIODEGRADABLE 0
260 218 282 218 282 237 260 237 BIODEGRADABLE 0
221 208 260 208 260 234 221 234 BIODEGRADABLE 0
193 219 230 219 230 254.00000000000003 193 254.00000000000003 BIODEGRADABLE 0
195 197 226.99999999999997 197 226.99999999999997 223 195 223 BIODEGRADABLE 0
232 178 280 178 280 208 232 208 BIODEGRADABLE 0
180 140 221 140 221 202 180 202 BIODEGRADABLE 0
119 140 195 140 195 266 119 266 BIODEGRADABLE 0
178 112 282 112 282 188 178 188 BIODEGRADABLE 0
273 139 353 139 353 197 273 197 BIODEGRADABLE 0
262 65 351 65 351 146 262 146 BIODEGRADABLE 0
232 59.99999999999999 288 59.99999999999999 288 108.00000000000001 232 108.00000000000001 BIODEGRADABLE 0
221 102 267 102 267 128 221 128 BIODEGRADABLE 0
184 67 236 67 236 118 184 118 BIODEGRADABLE 0
154 101 206 101 206 137 154 137 BIODEGRADABLE 0
223 40 251 40 251 70 223 70 BIODEGRADABLE 0
256 19 316 19 316 45 256 45 BIODEGRADABLE 0
258 29.999999999999996 328 29.999999999999996 328 76 258 76 BIODEGRADABLE 0