32 313 330 313 330 412 32 412 BIODEGRADABLE 0
3 1 139 1 139 303 3 303 BIODEGRADABLE 0
102 0 198 0 198 324 102 324 BIODEGRADABLE 0
182 70 254.00000000000003 70 254.00000000000003 327 182 327 BIODEGRADABLE 0
193 1 300 1 300 79 193 79 BIODEGRADABLE 0
251 99 321 99 321 327 251 327 BIODEGRADABLE 0
305 129 373 129 373 299 305 299 BIODEGRADABLE 0
368 127.00000000000001 415 127.00000000000001 415 364 368 364 BIODEGRADABLE 0
339 1 377 1 377 129 339 129 BIODEGRADABLE 0
266 1 349 1 349 127.00000000000001 266 127.00000000000001 BIODEGRADABLE 0
374 1 415 1 415 93 374 93 BIODEGRADABLE 0