270 70 416 70 416 242.00000000000003 270 242.00000000000003 BIODEGRADABLE 0
308 241.00000000000003 416 241.00000000000003 416 323 308 323 BIODEGRADABLE 0
270 326 364 326 364 377 270 377 BIODEGRADABLE 0
274 377 324 377 324 401 274 401 BIODEGRADABLE 0
248 92 324 92 324 162 248 162 BIODEGRADABLE 0
197 16 303 16 303 109 197 109 BIODEGRADABLE 0
21 1 218 1 218 32 21 32 BIODEGRADABLE 0
26 373 92 373 92 408 26 408 BIODEGRADABLE 0
3 25 173 25 173 369 3 369 BIODEGRADABLE 0
156 45 258 45 258 403 156 403 BIODEGRADABLE 0
45 368 191 368 191 415 45 415 BIODEGRADABLE 0
251 157 319 157 319 371 251 371 BIODEGRADABLE 0