12 61 88 61 88 141 12 141 BIODEGRADABLE 0
38 85 81 85 81 139 38 139 BIODEGRADABLE 0
62.99999999999999 38 110 38 110 133 62.99999999999999 133 BIODEGRADABLE 0
77 41 148 41 148 81 77 81 BIODEGRADABLE 0
363 168 409 168 409 222 363 222 BIODEGRADABLE 0
14 356 57.00000000000001 356 57.00000000000001 385 14 385 BIODEGRADABLE 0
25 346 58 346 58 379 25 379 BIODEGRADABLE 0
13 317 50 317 50 359 13 359 BIODEGRADABLE 0
13 249 48 249 48 317 13 317 BIODEGRADABLE 0
12 222 47 222 47 261 12 261 BIODEGRADABLE 0
14.999999999999998 197 103 197 103 295 14.999999999999998 295 BIODEGRADABLE 0
14.999999999999998 139 90 139 90 211 14.999999999999998 211 BIODEGRADABLE 0
29.999999999999996 168 68 168 68 208 29.999999999999996 208 BIODEGRADABLE 0
14.999999999999998 174 105 174 105 225.99999999999997 14.999999999999998 225.99999999999997 BIODEGRADABLE 0
88 220 130 220 130 280 88 280 BIODEGRADABLE 0
125.99999999999999 257 210 257 210 321 125.99999999999999 321 BIODEGRADABLE 0
158 323 193 323 193 352 158 352 BIODEGRADABLE 0
119.99999999999999 312 168 312 168 356 119.99999999999999 356 BIODEGRADABLE 0
103 300 125.99999999999999 300 125.99999999999999 346 103 346 BIODEGRADABLE 0
53 307 136 307 136 367 53 367 BIODEGRADABLE 0
61 288 108.00000000000001 288 108.00000000000001 330 61 330 BIODEGRADABLE 0
212 313 265 313 265 363 212 363 BIODEGRADABLE 0
249 39 393 39 393 199 249 199 BIODEGRADABLE 0
202 42 270 42 270 75 202 75 BIODEGRADABLE 0
195 50 257 50 257 133 195 133 BIODEGRADABLE 0
156 38 229.00000000000003 38 229.00000000000003 176 156 176 BIODEGRADABLE 0
95 44 170 44 170 116 95 116 BIODEGRADABLE 0
89 66 146 66 146 174 89 174 BIODEGRADABLE 0
134 102 176 102 176 160 134 160 BIODEGRADABLE 0
144 145 197 145 197 211 144 211 BIODEGRADABLE 0
104 162 194 162 194 257 104 257 BIODEGRADABLE 0
191 129 301 129 301 251 191 251 BIODEGRADABLE 0
194 259 239.99999999999997 259 239.99999999999997 299 194 299 BIODEGRADABLE 0
209 249 360 249 360 313 209 313 BIODEGRADABLE 0
260 312 323 312 323 354 260 354 BIODEGRADABLE 0
343 95 415 95 415 293 343 293 BIODEGRADABLE 0
192 317 213.99999999999997 317 213.99999999999997 344 192 344 BIODEGRADABLE 0
171 346 235 346 235 392 171 392 BIODEGRADABLE 0
160 354 196 354 196 414 160 414 BIODEGRADABLE 0
154 377 166 377 166 391 154 391 BIODEGRADABLE 0
93 354 158 354 158 414 93 414 BIODEGRADABLE 0
2 327 102 327 102 391 2 391 BIODEGRADABLE 0
250 83 345 83 345 199 250 199 BIODEGRADABLE 0
290 191 358 191 358 255.00000000000003 290 255.00000000000003 BIODEGRADABLE 0
249 221 302 221 302 263 249 263 BIODEGRADABLE 0