43 2 112.99999999999999 2 112.99999999999999 91 43 91 BIODEGRADABLE 0
108.00000000000001 2 390 2 390 132 108.00000000000001 132 BIODEGRADABLE 0
362 2 415 2 415 101 362 101 BIODEGRADABLE 0
299 102 415 102 415 223 299 223 BIODEGRADABLE 0
112.99999999999999 125.99999999999999 315 125.99999999999999 315 280 112.99999999999999 280 BIODEGRADABLE 0
41 109 117 109 117 259 41 259 BIODEGRADABLE 0
39 83 141 83 141 147 39 147 BIODEGRADABLE 0
42 232 125.99999999999999 232 125.99999999999999 322 42 322 BIODEGRADABLE 0
65 280 271 280 271 416 65 416 BIODEGRADABLE 0
239.99999999999997 219 415 219 415 379 239.99999999999997 379 BIODEGRADABLE 0
184 363 366 363 366 415 184 415 BIODEGRADABLE 0
366 379 415 379 415 415 366 415 BIODEGRADABLE 0
43 397 89 397 89 415 43 415 BIODEGRADABLE 0
39 319 65 319 65 397 39 397 BIODEGRADABLE 0
39 1 415 1 415 416 39 416 BIODEGRADABLE 0