85 43 339 43 339 386 85 386 BIODEGRADABLE 0
311 178 415 178 415 416 311 416 BIODEGRADABLE 0
218 19 408 19 408 232 218 232 BIODEGRADABLE 0
2 277 110 277 110 414 2 414 BIODEGRADABLE 0
1 144 127.00000000000001 144 127.00000000000001 382 1 382 BIODEGRADABLE 0
110 358 312 358 312 414 110 414 BIODEGRADABLE 0
26 19 81 19 81 101 26 101 BIODEGRADABLE 0
44 84 100 84 100 146 44 146 BIODEGRADABLE 0
2 86 44 86 44 146 2 146 BIODEGRADABLE 0
64 1 125.99999999999999 1 125.99999999999999 37 64 37 BIODEGRADABLE 0
125.99999999999999 1 174 1 174 41 125.99999999999999 41 BIODEGRADABLE 0
170 1 219 1 219 43 170 43 BIODEGRADABLE 0