309 105 415 105 415 409 309 409 BIODEGRADABLE 0
244 255.00000000000003 338 255.00000000000003 338 410 244 410 BIODEGRADABLE 0
262 112.99999999999999 336 112.99999999999999 336 311 262 311 BIODEGRADABLE 0
169 35 274 35 274 119.99999999999999 169 119.99999999999999 BIODEGRADABLE 0
93 42 161 42 161 100 93 100 BIODEGRADABLE 0
72 258 142 258 142 314 72 314 BIODEGRADABLE 0
54.00000000000001 246 85 246 85 270 54.00000000000001 270 BIODEGRADABLE 0
85 226.99999999999997 145 226.99999999999997 145 267 85 267 BIODEGRADABLE 0
130 233 206 233 206 288 130 288 BIODEGRADABLE 0
154 193 204 193 204 255.00000000000003 154 255.00000000000003 BIODEGRADABLE 0
200 226.99999999999997 256 226.99999999999997 256 267 200 267 BIODEGRADABLE 0
151 308 235 308 235 380 151 380 BIODEGRADABLE 0
144 343 206 343 206 388 144 388 BIODEGRADABLE 0
159 385 198 385 198 410 159 410 BIODEGRADABLE 0
200 389 218 389 218 403 200 403 BIODEGRADABLE 0
85 313 128 313 128 379 85 379 BIODEGRADABLE 0
142 273 198 273 198 315 142 315 BIODEGRADABLE 0
125.99999999999999 272 169 272 169 325 125.99999999999999 325 BIODEGRADABLE 0
173 5 208 5 208 45 173 45 BIODEGRADABLE 0
229.00000000000003 5 285 5 285 35 229.00000000000003 35 BIODEGRADABLE 0
114.00000000000001 2 217 2 217 164 114.00000000000001 164 METAL 0
330 59.99999999999999 359 59.99999999999999 359 115 330 115 METAL 0