260 112.99999999999999 415 112.99999999999999 415 238.99999999999997 260 238.99999999999997 BIODEGRADABLE 0
133 191 301 191 301 267 133 267 BIODEGRADABLE 0
305 206 415 206 415 283 305 283 BIODEGRADABLE 0
293 275 415 275 415 327 293 327 BIODEGRADABLE 0
130 108.00000000000001 260 108.00000000000001 260 188 130 188 BIODEGRADABLE 0
22 42 152 42 152 146 22 146 BIODEGRADABLE 0
3 59.99999999999999 36 59.99999999999999 36 134 3 134 BIODEGRADABLE 0
2 1 93 1 93 58 2 58 BIODEGRADABLE 0
82 1 209 1 209 64 82 64 BIODEGRADABLE 0
154 48 289 48 289 119.99999999999999 154 119.99999999999999 BIODEGRADABLE 0
238.99999999999997 62.99999999999999 407 62.99999999999999 407 136 238.99999999999997 136 BIODEGRADABLE 0
293 31 397 31 397 88 293 88 BIODEGRADABLE 0
198 1 308 1 308 61 198 61 BIODEGRADABLE 0