257 348 414 348 414 415 257 415 BIODEGRADABLE 0
125 285 307 285 307 403 125 403 BIODEGRADABLE 0
225 398 259 398 259 415 225 415 BIODEGRADABLE 0
78 362 228.00000000000003 362 228.00000000000003 415 78 415 BIODEGRADABLE 0
123 339 166 339 166 361 123 361 BIODEGRADABLE 0
146 360 180 360 180 380 146 380 BIODEGRADABLE 0
284 266 414 266 414 357 284 357 BIODEGRADABLE 0
230 212.99999999999997 366 212.99999999999997 366 306 230 306 BIODEGRADABLE 0
323 149 414 149 414 276 323 276 BIODEGRADABLE 0
364 23 414 23 414 156 364 156 BIODEGRADABLE 0
238.99999999999997 1 393 1 393 135 238.99999999999997 135 BIODEGRADABLE 0
182 96 364 96 364 217 182 217 BIODEGRADABLE 0
189 180 305 180 305 226.99999999999997 189 226.99999999999997 BIODEGRADABLE 0
164 68 257 68 257 142 164 142 BIODEGRADABLE 0
182 0 254.00000000000003 0 254.00000000000003 68 182 68 BIODEGRADABLE 0
238.99999999999997 59 267 59 267 95 238.99999999999997 95 BIODEGRADABLE 0
41 242.00000000000003 245 242.00000000000003 245 342 41 342 BIODEGRADABLE 0
7 319 95 319 95 378 7 378 BIODEGRADABLE 0
53 368 96 368 96 404 53 404 BIODEGRADABLE 0
59 406 105 406 105 415 59 415 BIODEGRADABLE 0
14 380 68 380 68 415 14 415 BIODEGRADABLE 0
1 332 34 332 34 388 1 388 BIODEGRADABLE 0
0 384 29.999999999999996 384 29.999999999999996 415 0 415 BIODEGRADABLE 0
1 0 62 0 62 124 1 124 BIODEGRADABLE 0
23 11 161 11 161 102 23 102 BIODEGRADABLE 0
23 82 159 82 159 180 23 180 BIODEGRADABLE 0
1 119 25 119 25 140 1 140 BIODEGRADABLE 0
37 0 125 0 125 14 37 14 BIODEGRADABLE 0
121.00000000000001 0 187 0 187 65 121.00000000000001 65 BIODEGRADABLE 0
1 302 28 302 28 386 1 386 BIODEGRADABLE 0
1 242.00000000000003 59 242.00000000000003 59 317 1 317 BIODEGRADABLE 0
21 200 128 200 128 280 21 280 BIODEGRADABLE 0
86 165 200 165 200 256 86 256 BIODEGRADABLE 0
1 139 57.00000000000001 139 57.00000000000001 226.99999999999997 1 226.99999999999997 BIODEGRADABLE 0
53 176 105 176 105 203 53 203 BIODEGRADABLE 0