73 105 207 105 207 203 73 203 BIODEGRADABLE 0
80 190 245 190 245 288 80 288 BIODEGRADABLE 0
176 32 260 32 260 122 176 122 BIODEGRADABLE 0
207 44 271 44 271 122 207 122 BIODEGRADABLE 0
216.00000000000003 74 282 74 282 138 216.00000000000003 138 BIODEGRADABLE 0
255.00000000000003 17 330 17 330 103 255.00000000000003 103 BIODEGRADABLE 0
295 11 387 11 387 116 295 116 BIODEGRADABLE 0
212 163 258 163 258 226.99999999999997 212 226.99999999999997 BIODEGRADABLE 0
213.99999999999997 94 308 94 308 192 213.99999999999997 192 BIODEGRADABLE 0
239.99999999999997 205 350 205 350 302 239.99999999999997 302 BIODEGRADABLE 0
264 150 405 150 405 255.00000000000003 264 255.00000000000003 BIODEGRADABLE 0
289 95 410 95 410 191 289 191 BIODEGRADABLE 0
396 147 414 147 414 186 396 186 BIODEGRADABLE 0