9 59 61 59 61 143 9 143 BIODEGRADABLE 0
2 98 40 98 40 188 2 188 BIODEGRADABLE 0
2 184 40 184 40 238 2 238 BIODEGRADABLE 0
33 175 79 175 79 249 33 249 BIODEGRADABLE 0
32 229.00000000000003 75 229.00000000000003 75 272 32 272 BIODEGRADABLE 0
73 158 125 158 125 235 73 235 BIODEGRADABLE 0
49 116 101 116 101 177 49 177 BIODEGRADABLE 0
68 7 132 7 132 111 68 111 BIODEGRADABLE 0
62.99999999999999 70 125 70 125 136 62.99999999999999 136 BIODEGRADABLE 0
119 91 183 91 183 179 119 179 BIODEGRADABLE 0
125 23 171 23 171 95 125 95 BIODEGRADABLE 0
146 3 210 3 210 75 146 75 BIODEGRADABLE 0
211 3 273 3 273 82 211 82 BIODEGRADABLE 0
180 45 238.99999999999997 45 238.99999999999997 106 180 106 BIODEGRADABLE 0
185 84 239.99999999999997 84 239.99999999999997 168 185 168 BIODEGRADABLE 0
154 168 208 168 208 254.00000000000003 154 254.00000000000003 BIODEGRADABLE 0
117 195 161 195 161 279 117 279 BIODEGRADABLE 0
149 251 199 251 199 330 149 330 BIODEGRADABLE 0
138 278 155 278 155 326 138 326 BIODEGRADABLE 0
123 276 138 276 138 310 123 310 BIODEGRADABLE 0
83 238 123 238 123 308 83 308 BIODEGRADABLE 0
56 256 84 256 84 303 56 303 BIODEGRADABLE 0
219 163 278 163 278 249 219 249 BIODEGRADABLE 0
177 140 225 140 225 217 177 217 BIODEGRADABLE 0
223 131 263 131 263 179 223 179 BIODEGRADABLE 0
239.99999999999997 84 289 84 289 145 239.99999999999997 145 BIODEGRADABLE 0
258 29 290 29 290 95 258 95 BIODEGRADABLE 0
292 38 345 38 345 129 292 129 BIODEGRADABLE 0
261 112.99999999999999 305 112.99999999999999 305 177 261 177 BIODEGRADABLE 0
278 161 318 161 318 220 278 220 BIODEGRADABLE 0
306 104 362 104 362 195 306 195 BIODEGRADABLE 0
355 88 395 88 395 165 355 165 BIODEGRADABLE 0
362 143 404 143 404 204 362 204 BIODEGRADABLE 0
366 193 401 193 401 229.00000000000003 366 229.00000000000003 BIODEGRADABLE 0
322 188 363 188 363 239.99999999999997 322 239.99999999999997 BIODEGRADABLE 0
296 235 320 235 320 267 296 267 BIODEGRADABLE 0
268 224 298 224 298 254.00000000000003 268 254.00000000000003 BIODEGRADABLE 0
237 242.00000000000003 284 242.00000000000003 284 301 237 301 BIODEGRADABLE 0
186 274 236 274 236 342 186 342 BIODEGRADABLE 0
195 225.99999999999997 233 225.99999999999997 233 276 195 276 BIODEGRADABLE 0