175 208 304 208 304 389 175 389 BIODEGRADABLE 0
257 225 400 225 400 347 257 347 BIODEGRADABLE 0
301 132 371 132 371 278 301 278 BIODEGRADABLE 0
25 59.99999999999999 119 59.99999999999999 119 132 25 132 BIODEGRADABLE 0
88 102 176 102 176 211 88 211 BIODEGRADABLE 0
62 149 154 149 154 335 62 335 BIODEGRADABLE 0
39 122 136 122 136 335 39 335 BIODEGRADABLE 0
7 147 115 147 115 315 7 315 BIODEGRADABLE 0
208 33 312 33 312 159 208 159 BIODEGRADABLE 0
183 33 290 33 290 139 183 139 BIODEGRADABLE 0
150 64 189 64 189 134 150 134 BIODEGRADABLE 0
175 110 215.00000000000003 110 215.00000000000003 144 175 144 BIODEGRADABLE 0
192 146 235 146 235 196 192 196 BIODEGRADABLE 0
225 161 303 161 303 223 225 223 BIODEGRADABLE 0
57.00000000000001 106.99999999999999 177 106.99999999999999 177 206 57.00000000000001 206 BIODEGRADABLE 0