259 209 337 209 337 287 259 287 BIODEGRADABLE 0
337 241.00000000000003 368 241.00000000000003 368 273 337 273 BIODEGRADABLE 0
204 193 270 193 270 261 204 261 BIODEGRADABLE 0
165 229.00000000000003 268 229.00000000000003 268 333 165 333 BIODEGRADABLE 0
148 225 200 225 200 293 148 293 BIODEGRADABLE 0
138 278 218 278 218 372 138 372 BIODEGRADABLE 0
175 333 245 333 245 393 175 393 BIODEGRADABLE 0
130 285 173 285 173 351 130 351 BIODEGRADABLE 0
247 114.00000000000001 280 114.00000000000001 280 153 247 153 BIODEGRADABLE 0
397 204 415 204 415 241.00000000000003 397 241.00000000000003 BIODEGRADABLE 0
245 92 269 92 269 112.99999999999999 245 112.99999999999999 BIODEGRADABLE 0
269 89 317 89 317 135 269 135 BIODEGRADABLE 0
315 131 339 131 339 156 315 156 BIODEGRADABLE 0
183 103 237 103 237 159 183 159 BIODEGRADABLE 0
204 165 213.99999999999997 165 213.99999999999997 177 204 177 BIODEGRADABLE 0
148 69 203 69 203 163 148 163 BIODEGRADABLE 0
169 43 216.00000000000003 43 216.00000000000003 105 169 105 BIODEGRADABLE 0
201 31 265 31 265 105 201 105 BIODEGRADABLE 0
273 46 321 46 321 147 273 147 BIODEGRADABLE 0
284 76 398 76 398 158 284 158 BIODEGRADABLE 0
102 6 158 6 158 68 102 68 BIODEGRADABLE 0
122 1 185 1 185 37 122 37 BIODEGRADABLE 0
194 1 251 1 251 39 194 39 BIODEGRADABLE 0
80 20 128 20 128 75 80 75 BIODEGRADABLE 0
70 117 101 117 101 158 70 158 BIODEGRADABLE 0
33 146 82 146 82 190 33 190 BIODEGRADABLE 0
20 149 51 149 51 191 20 191 BIODEGRADABLE 0
1 183 26 183 26 234 1 234 BIODEGRADABLE 0
45 195 82 195 82 232 45 232 BIODEGRADABLE 0
31 239.99999999999997 76 239.99999999999997 76 280 31 280 BIODEGRADABLE 0
19 267 45 267 45 287 19 287 BIODEGRADABLE 0
24 298 59 298 59 324 24 324 BIODEGRADABLE 0
47 276 74 276 74 299 47 299 BIODEGRADABLE 0
70 293 88 293 88 305 70 305 BIODEGRADABLE 0