187 171 294 171 294 287 187 287 BIODEGRADABLE 0
155 285 205 285 205 344 155 344 BIODEGRADABLE 0
155 282 223 282 223 368 155 368 BIODEGRADABLE 0
155 280 191 280 191 338 155 338 BIODEGRADABLE 0
151 285 171 285 171 313 151 313 BIODEGRADABLE 0
109 291 157 291 157 383 109 383 BIODEGRADABLE 0
87 283 144 283 144 359 87 359 BIODEGRADABLE 0
73 259 123 259 123 333 73 333 BIODEGRADABLE 0
16 288 80 288 80 336 16 336 BIODEGRADABLE 0
62 236 116 236 116 294 62 294 BIODEGRADABLE 0
106.99999999999999 225.99999999999997 132 225.99999999999997 132 288 106.99999999999999 288 BIODEGRADABLE 0
132 244 154 244 154 271 132 271 BIODEGRADABLE 0
134 226.99999999999997 226.99999999999997 226.99999999999997 226.99999999999997 295 134 295 BIODEGRADABLE 0
182 245 218 245 218 285 182 285 BIODEGRADABLE 0
209 200 268 200 268 284 209 284 BIODEGRADABLE 0
146 217 200 217 200 261 146 261 BIODEGRADABLE 0
116 229.00000000000003 164 229.00000000000003 164 251 116 251 BIODEGRADABLE 0
125 203 191 203 191 231 125 231 BIODEGRADABLE 0
123 202 155 202 155 225.99999999999997 123 225.99999999999997 BIODEGRADABLE 0
96 188 146 188 146 232 96 232 BIODEGRADABLE 0
110 156 162 156 162 232 110 232 BIODEGRADABLE 0
139 166 182 166 182 206 139 206 BIODEGRADABLE 0
212 164 237 164 237 180 212 180 BIODEGRADABLE 0
166 165 264 165 264 200 166 200 BIODEGRADABLE 0
237 169 271 169 271 209 237 209 BIODEGRADABLE 0
262 165 298 165 298 211 262 211 BIODEGRADABLE 0
225 203 266 203 266 267 225 267 BIODEGRADABLE 0
291 96 337 96 337 182 291 182 BIODEGRADABLE 0
287 76 328 76 328 167 287 167 BIODEGRADABLE 0
325 105 355 105 355 140 325 140 BIODEGRADABLE 0
271 127.00000000000001 293 127.00000000000001 293 145 271 145 BIODEGRADABLE 0
164 85 196 85 196 129 164 129 BIODEGRADABLE 0