239.99999999999997 34 301 34 301 114.00000000000001 239.99999999999997 114.00000000000001 BIODEGRADABLE 0
360 84 414 84 414 191 360 191 BIODEGRADABLE 0
317 165 391 165 391 247 317 247 BIODEGRADABLE 0
333 125 365 125 365 172 333 172 BIODEGRADABLE 0
387 185 415 185 415 212.99999999999997 387 212.99999999999997 BIODEGRADABLE 0
359 200 413 200 413 286 359 286 BIODEGRADABLE 0
378 226.99999999999997 415 226.99999999999997 415 298 378 298 BIODEGRADABLE 0
378 286 415 286 415 333 378 333 BIODEGRADABLE 0
344 305 389 305 389 359 344 359 BIODEGRADABLE 0
333 281 370 281 370 337 333 337 BIODEGRADABLE 0
362 279 384 279 384 303 362 303 BIODEGRADABLE 0
302 238 355 238 355 324 302 324 BIODEGRADABLE 0
285 135 322 135 322 219 285 219 BIODEGRADABLE 0
291 129 337 129 337 189 291 189 BIODEGRADABLE 0
235 127.00000000000001 309 127.00000000000001 309 219 235 219 BIODEGRADABLE 0
204 146 265 146 265 236 204 236 BIODEGRADABLE 0
159 112 215.00000000000003 112 215.00000000000003 210 159 210 BIODEGRADABLE 0
161 58 205 58 205 114.00000000000001 161 114.00000000000001 BIODEGRADABLE 0
185 17 231 17 231 88 185 88 BIODEGRADABLE 0
121.00000000000001 131 161 131 161 185 121.00000000000001 185 BIODEGRADABLE 0
145 94 171 94 171 150 145 150 BIODEGRADABLE 0
150 183 190 183 190 223 150 223 BIODEGRADABLE 0
164 215.00000000000003 225 215.00000000000003 225 286 164 286 BIODEGRADABLE 0
224 228.00000000000003 277 228.00000000000003 277 318 224 318 BIODEGRADABLE 0
261 219 299 219 299 326 261 326 BIODEGRADABLE 0
207 283 267 283 267 358 207 358 BIODEGRADABLE 0
259 317 301 317 301 367 259 367 BIODEGRADABLE 0
294 328 323 328 323 371 294 371 BIODEGRADABLE 0
318 335 344 335 344 373 318 373 BIODEGRADABLE 0
275 367 321 367 321 393 275 393 BIODEGRADABLE 0
241.00000000000003 365 289 365 289 393 241.00000000000003 393 BIODEGRADABLE 0
127.00000000000001 3 189 3 189 69 127.00000000000001 69 BIODEGRADABLE 0
116 22 172 22 172 84 116 84 BIODEGRADABLE 0
140 52 182 52 182 97 140 97 BIODEGRADABLE 0
95 69 149 69 149 149 95 149 BIODEGRADABLE 0
146 97 156 97 156 123 146 123 BIODEGRADABLE 0
89 131 121.00000000000001 131 121.00000000000001 163 89 163 BIODEGRADABLE 0
90 133 101 133 101 155 90 155 BIODEGRADABLE 0
47 76 97 76 97 142 47 142 BIODEGRADABLE 0
45 90 93 90 93 165 45 165 BIODEGRADABLE 0
10 112 54.00000000000001 112 54.00000000000001 170 10 170 BIODEGRADABLE 0
4 45 52 45 52 125 4 125 BIODEGRADABLE 0
24 154 64 154 64 208 24 208 BIODEGRADABLE 0
61 157 106 157 106 212.99999999999997 61 212.99999999999997 BIODEGRADABLE 0
95 166 133 166 133 230 95 230 BIODEGRADABLE 0
116 212 168 212 168 270 116 270 BIODEGRADABLE 0
53 198 103 198 103 243 53 243 BIODEGRADABLE 0
80 234 114.00000000000001 234 114.00000000000001 294 80 294 BIODEGRADABLE 0
106 277 127.00000000000001 277 127.00000000000001 303 106 303 BIODEGRADABLE 0
109 249 153 249 153 301 109 301 BIODEGRADABLE 0
0 182 45 182 45 236 0 236 BIODEGRADABLE 0
0 142 16 142 16 187 0 187 BIODEGRADABLE 0
0 202 34 202 34 260 0 260 BIODEGRADABLE 0
8 269 34 269 34 305 8 305 BIODEGRADABLE 0
8 305 28 305 28 337 8 337 BIODEGRADABLE 0
21 296 55 296 55 352 21 352 BIODEGRADABLE 0
43 337 71 337 71 369 43 369 BIODEGRADABLE 0
48 329 85 329 85 365 48 365 BIODEGRADABLE 0
66 348 104 348 104 391 66 391 BIODEGRADABLE 0
76 382 102 382 102 397 76 397 BIODEGRADABLE 0
109 402 127.00000000000001 402 127.00000000000001 412 109 412 BIODEGRADABLE 0
112.99999999999999 406 143 406 143 416 112.99999999999999 416 BIODEGRADABLE 0
156 399 186 399 186 415 156 415 BIODEGRADABLE 0
163 384 187 384 187 404 163 404 BIODEGRADABLE 0
191 367 219 367 219 397 191 397 BIODEGRADABLE 0
192 335 222 335 222 367 192 367 BIODEGRADABLE 0
177 311 211 311 211 361 177 361 BIODEGRADABLE 0
169 279 201 279 201 324 169 324 BIODEGRADABLE 0
145 262 175 262 175 328 145 328 BIODEGRADABLE 0
132 300 146 300 146 326 132 326 BIODEGRADABLE 0
108.00000000000001 302 138 302 138 356 108.00000000000001 356 BIODEGRADABLE 0
131 322 153 322 153 350 131 350 BIODEGRADABLE 0
137 326 169 326 169 364 137 364 BIODEGRADABLE 0
161 333 175 333 175 361 161 361 BIODEGRADABLE 0
142 358 171 358 171 388 142 388 BIODEGRADABLE 0
167 360 196 360 196 388 167 388 BIODEGRADABLE 0
106 350 140 350 140 390 106 390 BIODEGRADABLE 0
106 380 135 380 135 404 106 404 BIODEGRADABLE 0
91 305 111 305 111 369 91 369 BIODEGRADABLE 0
52 287 110 287 110 343 52 343 BIODEGRADABLE 0
29 228.00000000000003 85 228.00000000000003 85 303 29 303 BIODEGRADABLE 0
341 345 415 345 415 373 341 373 METAL 0