8 366 26 366 26 396 8 396 BIODEGRADABLE 0
33 371 53 371 53 403 33 403 BIODEGRADABLE 0
32 339 53 339 53 371 32 371 BIODEGRADABLE 0
17 359 35 359 35 379 17 379 BIODEGRADABLE 0
6 323 33 323 33 364 6 364 BIODEGRADABLE 0
2 343 13 343 13 384 2 384 BIODEGRADABLE 0
26 322 53 322 53 345 26 345 BIODEGRADABLE 0
23 286 53 286 53 327 23 327 BIODEGRADABLE 0
2 318 16 318 16 336 2 336 BIODEGRADABLE 0
11 313 25 313 25 327 11 327 BIODEGRADABLE 0
2 282 19 282 19 318 2 318 BIODEGRADABLE 0
2 249 13 249 13 288 2 288 BIODEGRADABLE 0
14.999999999999998 272 42 272 42 290 14.999999999999998 290 BIODEGRADABLE 0
12 247 44 247 44 272 12 272 BIODEGRADABLE 0
11 208 43 208 43 258 11 258 BIODEGRADABLE 0
2 206 10 206 10 247 2 247 BIODEGRADABLE 0
2 165 38 165 38 212.99999999999997 2 212.99999999999997 BIODEGRADABLE 0
2 144 11 144 11 176 2 176 BIODEGRADABLE 0
2 101 31 101 31 149 2 149 BIODEGRADABLE 0
2 73 17 73 17 112 2 112 BIODEGRADABLE 0
2 26 26 26 26 78 2 78 BIODEGRADABLE 0
2 2 26 2 26 32 2 32 BIODEGRADABLE 0
26 2 62 2 62 25 26 25 BIODEGRADABLE 0
29 21 73 21 73 81 29 81 BIODEGRADABLE 0
17 71 49 71 49 119 17 119 BIODEGRADABLE 0
50 71 70 71 70 94 50 94 BIODEGRADABLE 0
68 3 100 3 100 44 68 44 BIODEGRADABLE 0
74 37 112 37 112 101 74 101 BIODEGRADABLE 0
101 19 134 19 134 71 101 71 BIODEGRADABLE 0
110 2 140 2 140 29.999999999999996 110 29.999999999999996 BIODEGRADABLE 0
131 5 163 5 163 67 131 67 BIODEGRADABLE 0
155 3 189 3 189 28 155 28 BIODEGRADABLE 0
150 27.000000000000004 176 27.000000000000004 176 87 150 87 BIODEGRADABLE 0
123 65 153 65 153 117 123 117 BIODEGRADABLE 0
110 92 139 92 139 140 110 140 BIODEGRADABLE 0
84 94 111 94 111 142 84 142 BIODEGRADABLE 0
61 83 83 83 83 135 61 135 BIODEGRADABLE 0
32 89 62 89 62 137 32 137 BIODEGRADABLE 0
18 131 51 131 51 183 18 183 BIODEGRADABLE 0
54.00000000000001 135 80 135 80 171 54.00000000000001 171 BIODEGRADABLE 0
143 87 167 87 167 121.00000000000001 143 121.00000000000001 BIODEGRADABLE 0
167 69 206 69 206 129 167 129 BIODEGRADABLE 0
155 101 188 101 188 158 155 158 BIODEGRADABLE 0
134 124 160 124 160 170 134 170 BIODEGRADABLE 0
109 153 137 153 137 210 109 210 BIODEGRADABLE 0
89 137 124 137 124 192 89 192 BIODEGRADABLE 0
71 165 101 165 101 204 71 204 BIODEGRADABLE 0
45 170 69 170 69 220 45 220 BIODEGRADABLE 0
132 167 165 167 165 215.00000000000003 132 215.00000000000003 BIODEGRADABLE 0
156 151 188 151 188 199 156 199 BIODEGRADABLE 0
188 140 220 140 220 186 188 186 BIODEGRADABLE 0
177 206 203 206 203 245 177 245 BIODEGRADABLE 0
150 201 180 201 180 245 150 245 BIODEGRADABLE 0
119.99999999999999 201 147 201 147 242.00000000000003 119.99999999999999 242.00000000000003 BIODEGRADABLE 0
110 226.99999999999997 144 226.99999999999997 144 268 110 268 BIODEGRADABLE 0
93 201 117 201 117 242.00000000000003 93 242.00000000000003 BIODEGRADABLE 0
86 238 112 238 112 266 86 266 BIODEGRADABLE 0
62.99999999999999 203 93 203 93 254.00000000000003 62.99999999999999 254.00000000000003 BIODEGRADABLE 0
41 231 65 231 65 258 41 258 BIODEGRADABLE 0
46 251.99999999999997 62 251.99999999999997 62 286 46 286 BIODEGRADABLE 0
62.99999999999999 254.00000000000003 90 254.00000000000003 90 283 62.99999999999999 283 BIODEGRADABLE 0
152 242.00000000000003 182 242.00000000000003 182 272 152 272 BIODEGRADABLE 0
179 238 197 238 197 268 179 268 BIODEGRADABLE 0
173 259 203 259 203 293 173 293 BIODEGRADABLE 0
168 286 185 286 185 330 168 330 BIODEGRADABLE 0
56 309 77 309 77 345 56 345 BIODEGRADABLE 0
56 281 76 281 76 313 56 313 BIODEGRADABLE 0
65 256 86 256 86 283 65 283 BIODEGRADABLE 0
183 288 206 288 206 327 183 327 BIODEGRADABLE 0
171 327 198 327 198 355 171 355 BIODEGRADABLE 0
146 346 172 346 172 380 146 380 BIODEGRADABLE 0
122 352 145 352 145 386 122 386 BIODEGRADABLE 0
89 359 119 359 119 382 89 382 BIODEGRADABLE 0
101 375 119 375 119 389 101 389 BIODEGRADABLE 0
110 382 137 382 137 407 110 407 BIODEGRADABLE 0
138 375 168 375 168 400 138 400 BIODEGRADABLE 0
158 357 191 357 191 393 158 393 BIODEGRADABLE 0
185 347 201 347 201 375 185 375 BIODEGRADABLE 0
232 381 263 381 263 415 232 415 BIODEGRADABLE 0
247 368 272 368 272 402 247 402 BIODEGRADABLE 0
266 382 280 382 280 405 266 405 BIODEGRADABLE 0
280 380 304 380 304 405 280 405 BIODEGRADABLE 0
287 341 314 341 314 385 287 385 BIODEGRADABLE 0
300 384 327 384 327 415 300 415 BIODEGRADABLE 0
313 380 341 380 341 412 313 412 BIODEGRADABLE 0
315 355 335 355 335 373 315 373 BIODEGRADABLE 0
310 320 337 320 337 354 310 354 BIODEGRADABLE 0
295 293 325 293 325 325 295 325 BIODEGRADABLE 0
272 302 294 302 294 327 272 327 BIODEGRADABLE 0
284 311 310 311 310 336 284 336 BIODEGRADABLE 0
323 284 355 284 355 320 323 320 BIODEGRADABLE 0
321 286 335 286 335 295 321 295 BIODEGRADABLE 0
259 343 287 343 287 379 259 379 BIODEGRADABLE 0
280 382 302 382 302 405 280 405 BIODEGRADABLE 0
224 343 250 343 250 382 224 382 BIODEGRADABLE 0
247 336 262 336 262 368 247 368 BIODEGRADABLE 0
256 316 283 316 283 339 256 339 BIODEGRADABLE 0
228.00000000000003 309 254.00000000000003 309 254.00000000000003 345 228.00000000000003 345 BIODEGRADABLE 0
202 307 229.00000000000003 307 229.00000000000003 341 202 341 BIODEGRADABLE 0
237 293 263 293 263 325 237 325 BIODEGRADABLE 0
209 279 235 279 235 313 209 313 BIODEGRADABLE 0
228.00000000000003 245 248 245 248 300 228.00000000000003 300 BIODEGRADABLE 0
203 263 229.00000000000003 263 229.00000000000003 286 203 286 BIODEGRADABLE 0
198 234 224 234 224 270 198 270 BIODEGRADABLE 0
208 208 238 208 238 254.00000000000003 208 254.00000000000003 BIODEGRADABLE 0
340 231 362 231 362 275 340 275 BIODEGRADABLE 0
191 171 223 171 223 215.00000000000003 191 215.00000000000003 BIODEGRADABLE 0
220 133 256 133 256 185 220 185 BIODEGRADABLE 0
223 183 238.99999999999997 183 238.99999999999997 222 223 222 BIODEGRADABLE 0
238 172 274 172 274 226.99999999999997 238 226.99999999999997 BIODEGRADABLE 0
259 131 295 131 295 181 259 181 BIODEGRADABLE 0
233 94 267 94 267 151 233 151 BIODEGRADABLE 0
212.99999999999997 69 248 69 248 124 212.99999999999997 124 BIODEGRADABLE 0
189 98 219 98 219 137 189 137 BIODEGRADABLE 0
273 178 305 178 305 222 273 222 BIODEGRADABLE 0
291 147 329 147 329 188 291 188 BIODEGRADABLE 0
302 185 323 185 323 199 302 199 BIODEGRADABLE 0
176 14 213.99999999999997 14 213.99999999999997 71 176 71 BIODEGRADABLE 0
191 3 211 3 211 19 191 19 BIODEGRADABLE 0
212.99999999999997 3 251 3 251 28 212.99999999999997 28 BIODEGRADABLE 0
217 16 252.99999999999997 16 252.99999999999997 78 217 78 BIODEGRADABLE 0
249 29.999999999999996 290 29.999999999999996 290 90 249 90 BIODEGRADABLE 0
247 73 268 73 268 98 247 98 BIODEGRADABLE 0
251 3 292 3 292 35 251 35 BIODEGRADABLE 0
278 18 305 18 305 57.00000000000001 278 57.00000000000001 BIODEGRADABLE 0
287 3 329 3 329 35 287 35 BIODEGRADABLE 0
310 14 352 14 352 71 310 71 BIODEGRADABLE 0
343 3 382 3 382 37 343 37 BIODEGRADABLE 0
354 2 392 2 392 64 354 64 BIODEGRADABLE 0
320 55 358 55 358 106 320 106 BIODEGRADABLE 0
355 59.99999999999999 389 59.99999999999999 389 112 355 112 BIODEGRADABLE 0
283 53 323 53 323 115 283 115 BIODEGRADABLE 0
266 90 300 90 300 140 266 140 BIODEGRADABLE 0
298 98 334 98 334 149 298 149 BIODEGRADABLE 0
336 224 356 224 356 233 336 233 BIODEGRADABLE 0
331 185 365 185 365 229.00000000000003 331 229.00000000000003 BIODEGRADABLE 0
328 151 367 151 367 192 328 192 BIODEGRADABLE 0
329 103 367 103 367 155 329 155 BIODEGRADABLE 0
361 147 371 147 371 181 361 181 BIODEGRADABLE 0
364 110 379 110 379 144 364 144 BIODEGRADABLE 0
392 2 415 2 415 14.999999999999998 392 14.999999999999998 BIODEGRADABLE 0
395 9 415 9 415 67 395 67 BIODEGRADABLE 0
390 61 415 61 415 110 390 110 BIODEGRADABLE 0
377 93 415 93 415 154 377 154 BIODEGRADABLE 0
369 140 407 140 407 186 369 186 BIODEGRADABLE 0
400 153 416 153 416 199 400 199 BIODEGRADABLE 0
362 176 395 176 395 220 362 220 BIODEGRADABLE 0
402 199 415 199 415 236 402 236 BIODEGRADABLE 0
391 204 415 204 415 250 391 250 BIODEGRADABLE 0
362 217 394 217 394 263 362 263 BIODEGRADABLE 0
375 243 401 243 401 275 375 275 BIODEGRADABLE 0
351 256 383 256 383 302 351 302 BIODEGRADABLE 0
350 302 383 302 383 332 350 332 BIODEGRADABLE 0
335 318 359 318 359 348 335 348 BIODEGRADABLE 0
382 290 409 290 409 318 382 318 BIODEGRADABLE 0
381 256 407 256 407 291 381 291 BIODEGRADABLE 0
401 237 415 237 415 277 401 277 BIODEGRADABLE 0
383 318 413 318 413 354 383 354 BIODEGRADABLE 0
359 332 385 332 385 362 359 362 BIODEGRADABLE 0
406 286 416 286 416 352 406 352 BIODEGRADABLE 0
385 350 412 350 412 384 385 384 BIODEGRADABLE 0
412 357 416 357 416 389 412 389 BIODEGRADABLE 0
394 386 416 386 416 400 394 400 BIODEGRADABLE 0
404 393 415 393 415 415 404 415 BIODEGRADABLE 0