59.99999999999999 275 149 275 149 413 59.99999999999999 413 BIODEGRADABLE 0
49 302 80 302 80 414 49 414 BIODEGRADABLE 0
35 278 53 278 53 414 35 414 BIODEGRADABLE 0
36 125.99999999999999 84 125.99999999999999 84 297 36 297 BIODEGRADABLE 0
36 1 131 1 131 166 36 166 BIODEGRADABLE 0
35 82 76 82 76 181 35 181 BIODEGRADABLE 0
36 72 119.99999999999999 72 119.99999999999999 169 36 169 BIODEGRADABLE 0
36 1 134 1 134 99 36 99 BIODEGRADABLE 0
54.00000000000001 1 183 1 183 94 54.00000000000001 94 BIODEGRADABLE 0
99 1 146 1 146 32 99 32 BIODEGRADABLE 0
123 1 165 1 165 10 123 10 BIODEGRADABLE 0
58 159 238 159 238 414 58 414 BIODEGRADABLE 0
139 382 160 382 160 414 139 414 BIODEGRADABLE 0
119 152 301 152 301 414 119 414 BIODEGRADABLE 0
121.00000000000001 67 347 67 347 413 121.00000000000001 413 BIODEGRADABLE 0
171 67 384 67 384 413 171 413 BIODEGRADABLE 0
318 228.00000000000003 386 228.00000000000003 386 342 318 342 BIODEGRADABLE 0
311 340 386 340 386 414 311 414 BIODEGRADABLE 0
144 1 385 1 385 265 144 265 BIODEGRADABLE 0
238.99999999999997 62 384 62 384 166 238.99999999999997 166 BIODEGRADABLE 0
169 1 384 1 384 65 169 65 BIODEGRADABLE 0
328 1 384 1 384 27.000000000000004 328 27.000000000000004 BIODEGRADABLE 0