94 115 392 115 392 283 94 283 BIODEGRADABLE 0
2 161 225.99999999999997 161 225.99999999999997 379 2 379 BIODEGRADABLE 0
2 123 56 123 56 187 2 187 BIODEGRADABLE 0
18 108.00000000000001 67 108.00000000000001 67 132 18 132 BIODEGRADABLE 0
2 36 114.00000000000001 36 114.00000000000001 119 2 119 BIODEGRADABLE 0
2 20 49 20 49 56 2 56 BIODEGRADABLE 0
47 12 137 12 137 57.00000000000001 47 57.00000000000001 BIODEGRADABLE 0
123 3 238.99999999999997 3 238.99999999999997 86 123 86 BIODEGRADABLE 0
67 41 197 41 197 106 67 106 BIODEGRADABLE 0
65 105 148 105 148 165 65 165 BIODEGRADABLE 0
148 71 267 71 267 129 148 129 BIODEGRADABLE 0
208 40 325 40 325 80 208 80 BIODEGRADABLE 0
289 37 387 37 387 62 289 62 BIODEGRADABLE 0
262 59 385 59 385 125 262 125 BIODEGRADABLE 0
349 49 415 49 415 104 349 104 BIODEGRADABLE 0
337 81 415 81 415 198 337 198 BIODEGRADABLE 0
313 268 371 268 371 298 313 298 BIODEGRADABLE 0
300 290 349 290 349 316 300 316 BIODEGRADABLE 0
224 261 316 261 316 309 224 309 BIODEGRADABLE 0
228.00000000000003 306 277 306 277 334 228.00000000000003 334 BIODEGRADABLE 0
163 323 237 323 237 343 163 343 BIODEGRADABLE 0
157 338 193 338 193 384 157 384 BIODEGRADABLE 0
89 343 161 343 161 381 89 381 BIODEGRADABLE 0
45 352 101 352 101 376 45 376 BIODEGRADABLE 0
3 361 45 361 45 383 3 383 BIODEGRADABLE 0
2 370 85 370 85 394 2 394 BIODEGRADABLE 0
92 372 191 372 191 416 92 416 BIODEGRADABLE 0
99 378 135 378 135 404 99 404 BIODEGRADABLE 0
67 382 99 382 99 402 67 402 BIODEGRADABLE 0
106.99999999999999 368 148 368 148 384 106.99999999999999 384 BIODEGRADABLE 0
195 355 252.99999999999997 355 252.99999999999997 391 195 391 BIODEGRADABLE 0
231 304 354 304 354 390 231 390 BIODEGRADABLE 0
177 341 271 341 271 364 177 364 BIODEGRADABLE 0
329 292 389 292 389 346 329 346 BIODEGRADABLE 0