1 0 415 0 415 414 1 414 BIODEGRADABLE 0
139 264 190 264 190 414 139 414 BIODEGRADABLE 0
266 277 332 277 332 414 266 414 BIODEGRADABLE 0
352 267 380 267 380 414 352 414 BIODEGRADABLE 0
363 196 398 196 398 363 363 363 BIODEGRADABLE 0
375 358 415 358 415 414 375 414 BIODEGRADABLE 0
395 306 415 306 415 380 395 380 BIODEGRADABLE 0
183 257 225 257 225 331 183 331 BIODEGRADABLE 0
179 125 235 125 235 265 179 265 BIODEGRADABLE 0
144 71 186 71 186 267 144 267 BIODEGRADABLE 0
112.99999999999999 1 161 1 161 218 112.99999999999999 218 BIODEGRADABLE 0