202 146 251.99999999999997 146 251.99999999999997 181 202 181 BIODEGRADABLE 0
316 87 355 87 355 112.99999999999999 316 112.99999999999999 BIODEGRADABLE 0
368 56 412 56 412 98 368 98 BIODEGRADABLE 0
190 176 224 176 224 220 190 220 BIODEGRADABLE 0
225.99999999999997 180 254.00000000000003 180 254.00000000000003 228.00000000000003 225.99999999999997 228.00000000000003 BIODEGRADABLE 0
172 59 207 59 207 93 172 93 BIODEGRADABLE 0
45 119 91 119 91 156 45 156 BIODEGRADABLE 0
23 150 65 150 65 182 23 182 BIODEGRADABLE 0
102 209 137 209 137 243 102 243 BIODEGRADABLE 0
150 225.99999999999997 190 225.99999999999997 190 272 150 272 BIODEGRADABLE 0
102 251.99999999999997 146 251.99999999999997 146 302 102 302 BIODEGRADABLE 0
125.99999999999999 272 160 272 160 312 125.99999999999999 312 BIODEGRADABLE 0
193 330 233 330 233 374 193 374 BIODEGRADABLE 0
215.00000000000003 277 257 277 257 331 215.00000000000003 331 BIODEGRADABLE 0
230 326 274 326 274 365 230 365 BIODEGRADABLE 0
259 298 318 298 318 348 259 348 BIODEGRADABLE 0
292 370 343 370 343 415 292 415 BIODEGRADABLE 0
352 333 392 333 392 368 352 368 BIODEGRADABLE 0
390 403 415 403 415 415 390 415 BIODEGRADABLE 0
157 401 192 401 192 415 157 415 BIODEGRADABLE 0
13 359 39 359 39 389 13 389 BIODEGRADABLE 0
2 298 28 298 28 328 2 328 BIODEGRADABLE 0
21 400 45 400 45 416 21 416 BIODEGRADABLE 0
0 403 12 403 12 415 0 415 BIODEGRADABLE 0
11 2 37 2 37 29.999999999999996 11 29.999999999999996 BIODEGRADABLE 0
4 93 22 93 22 119 4 119 BIODEGRADABLE 0
31 23 61 23 61 106 31 106 BIODEGRADABLE 0
26 252.99999999999997 100 252.99999999999997 100 311 26 311 BIODEGRADABLE 0
85 274 106.99999999999999 274 106.99999999999999 368 85 368 BIODEGRADABLE 0
103 309 185 309 185 411 103 411 BIODEGRADABLE 0
211 32 245 32 245 67 211 67 BIODEGRADABLE 0
187 17 207 17 207 47 187 47 BIODEGRADABLE 0
207 67 244 67 244 102 207 102 BIODEGRADABLE 0
190 91 222 91 222 125.99999999999999 190 125.99999999999999 BIODEGRADABLE 0
218 117 250 117 250 143 218 143 BIODEGRADABLE 0
200 251.99999999999997 244 251.99999999999997 244 287 200 287 BIODEGRADABLE 0
242.00000000000003 366 302 366 302 415 242.00000000000003 415 BIODEGRADABLE 0
300 220 346 220 346 274 300 274 BIODEGRADABLE 0