139 280 198 280 198 366 139 366 BIODEGRADABLE 0
161 343 208 343 208 409 161 409 BIODEGRADABLE 0
80 328 142 328 142 414 80 414 BIODEGRADABLE 0
85 225 152 225 152 325 85 325 BIODEGRADABLE 0
336 91 372 91 372 143 336 143 BIODEGRADABLE 0
314 73 342 73 342 105 314 105 BIODEGRADABLE 0
293 84 333 84 333 137 293 137 BIODEGRADABLE 0
238.99999999999997 59 289 59 289 116 238.99999999999997 116 BIODEGRADABLE 0
218 80 258 80 258 130 218 130 BIODEGRADABLE 0
166 50 215.00000000000003 50 215.00000000000003 118 166 118 BIODEGRADABLE 0
148 94 201 94 201 132 148 132 BIODEGRADABLE 0
139 68 171 68 171 102 139 102 BIODEGRADABLE 0
97 69 140 69 140 106.99999999999999 97 106.99999999999999 BIODEGRADABLE 0
86 55 133 55 133 98 86 98 BIODEGRADABLE 0
309 27.000000000000004 331 27.000000000000004 331 55 309 55 BIODEGRADABLE 0
297 14 313 14 313 39 297 39 BIODEGRADABLE 0
288 25 304 25 304 39 288 39 BIODEGRADABLE 0
287 41 309 41 309 57.00000000000001 287 57.00000000000001 BIODEGRADABLE 0
276 23 292 23 292 53 276 53 BIODEGRADABLE 0
251 23 265 23 265 45 251 45 BIODEGRADABLE 0
241.00000000000003 25 259 25 259 50 241.00000000000003 50 BIODEGRADABLE 0
236 16 248 16 248 25 236 25 BIODEGRADABLE 0
230 29.999999999999996 239.99999999999997 29.999999999999996 239.99999999999997 46 230 46 BIODEGRADABLE 0
230 46 239.99999999999997 46 239.99999999999997 59.99999999999999 230 59.99999999999999 BIODEGRADABLE 0
212 43 233 43 233 77 212 77 BIODEGRADABLE 0
233 62 238.99999999999997 62 238.99999999999997 80 233 80 BIODEGRADABLE 0
217 29.999999999999996 226.99999999999997 29.999999999999996 226.99999999999997 44 217 44 BIODEGRADABLE 0
201 25 215.00000000000003 25 215.00000000000003 41 201 41 BIODEGRADABLE 0
201 41 210 41 210 50 201 50 BIODEGRADABLE 0
184 32 200 32 200 46 184 46 BIODEGRADABLE 0
138 53 160 53 160 71 138 71 BIODEGRADABLE 0
161 50 167 50 167 64 161 64 BIODEGRADABLE 0
144 29.999999999999996 160 29.999999999999996 160 44 144 44 BIODEGRADABLE 0
164 25 179 25 179 45 164 45 BIODEGRADABLE 0
168 36 183 36 183 48 168 48 BIODEGRADABLE 0
186 20 201 20 201 32 186 32 BIODEGRADABLE 0
147 21 163 21 163 29.999999999999996 147 29.999999999999996 BIODEGRADABLE 0
129 23 144 23 144 35 129 35 BIODEGRADABLE 0
125.99999999999999 34 145 34 145 48 125.99999999999999 48 BIODEGRADABLE 0
109 41 136 41 136 53 109 53 BIODEGRADABLE 0
100 14 125.99999999999999 14 125.99999999999999 39 100 39 BIODEGRADABLE 0
91 32 119.99999999999999 32 119.99999999999999 53 91 53 BIODEGRADABLE 0
73 48 91 48 91 64 73 64 BIODEGRADABLE 0
50 42 73 42 73 64 50 64 BIODEGRADABLE 0
74 32 91 32 91 50 74 50 BIODEGRADABLE 0
84 23 96 23 96 37 84 37 BIODEGRADABLE 0
351 37 371 37 371 62 351 62 BIODEGRADABLE 0
359 54.00000000000001 371 54.00000000000001 371 66 359 66 BIODEGRADABLE 0
342 53 351 53 351 62 342 62 BIODEGRADABLE 0
371 32 398 32 398 62 371 62 BIODEGRADABLE 0
365 10 389 10 389 32 365 32 BIODEGRADABLE 0
350 23 365 23 365 35 350 35 BIODEGRADABLE 0
345 5 365 5 365 27.000000000000004 345 27.000000000000004 BIODEGRADABLE 0
327 16 337 16 337 28 327 28 BIODEGRADABLE 0
314 14 324 14 324 28 314 28 BIODEGRADABLE 0
274 10 288 10 288 29.999999999999996 274 29.999999999999996 BIODEGRADABLE 0
256 10 279 10 279 32 256 32 BIODEGRADABLE 0
226.99999999999997 1 245 1 245 23 226.99999999999997 23 BIODEGRADABLE 0
215.00000000000003 16 230 16 230 28 215.00000000000003 28 BIODEGRADABLE 0
217 5 226.99999999999997 5 226.99999999999997 14 217 14 BIODEGRADABLE 0
203 12 212.99999999999997 12 212.99999999999997 28 203 28 BIODEGRADABLE 0
183 1 202 1 202 21 183 21 BIODEGRADABLE 0
174 5 186 5 186 25 174 25 BIODEGRADABLE 0
159 7 173 7 173 25 159 25 BIODEGRADABLE 0
1 81 9 81 9 128 1 128 BIODEGRADABLE 0
2 89 31 89 31 106.99999999999999 2 106.99999999999999 BIODEGRADABLE 0
1 133 24 133 24 209 1 209 BIODEGRADABLE 0
6 141 59 141 59 209 6 209 BIODEGRADABLE 0
23 150 75 150 75 209 23 209 BIODEGRADABLE 0
44 106.99999999999999 115 106.99999999999999 115 153 44 153 BIODEGRADABLE 0
101 109 195 109 195 150 101 150 BIODEGRADABLE 0
47 153 127.00000000000001 153 127.00000000000001 246 47 246 BIODEGRADABLE 0
109 171 171 171 171 228.00000000000003 109 228.00000000000003 BIODEGRADABLE 0
144 192 247 192 247 280 144 280 BIODEGRADABLE 0
174 241.00000000000003 244 241.00000000000003 244 275 174 275 BIODEGRADABLE 0
229.00000000000003 189 382 189 382 330 229.00000000000003 330 BIODEGRADABLE 0
262 132 389 132 389 213.99999999999997 262 213.99999999999997 BIODEGRADABLE 0
130 143 195 143 195 171 130 171 BIODEGRADABLE 0
183 118 281 118 281 193 183 193 BIODEGRADABLE 0