175 31 208 31 208 77 175 77 BIODEGRADABLE 0
190 9 210 9 210 39 190 39 BIODEGRADABLE 0
202 24 232 24 232 68 202 68 BIODEGRADABLE 0
247 25 293 25 293 77 247 77 BIODEGRADABLE 0
273 11 313 11 313 62.99999999999999 273 62.99999999999999 BIODEGRADABLE 0
135 57.00000000000001 161 57.00000000000001 161 79 135 79 BIODEGRADABLE 0
116 38 138 38 138 68 116 68 BIODEGRADABLE 0
130 31 152 31 152 53 130 53 BIODEGRADABLE 0
138 40 157 40 157 59.99999999999999 138 59.99999999999999 BIODEGRADABLE 0
88 9 132 9 132 51 88 51 BIODEGRADABLE 0
53 46 81 46 81 74 53 74 BIODEGRADABLE 0
62.99999999999999 29 77 29 77 49 62.99999999999999 49 BIODEGRADABLE 0
46 42 62.99999999999999 42 62.99999999999999 68 46 68 BIODEGRADABLE 0
50 14 64 14 64 44 50 44 BIODEGRADABLE 0
27.000000000000004 29 49 29 49 71 27.000000000000004 71 BIODEGRADABLE 0
16 38 28 38 28 64 16 64 BIODEGRADABLE 0
332 28 354 28 354 68 332 68 BIODEGRADABLE 0
340 18 404 18 404 55 340 55 BIODEGRADABLE 0
357 44 391 44 391 77 357 77 BIODEGRADABLE 0
14 127.00000000000001 72 127.00000000000001 72 201 14 201 BIODEGRADABLE 0
32 129 74 129 74 175 32 175 BIODEGRADABLE 0
27.000000000000004 142 69 142 69 186 27.000000000000004 186 BIODEGRADABLE 0
24 149 59.99999999999999 149 59.99999999999999 199 24 199 BIODEGRADABLE 0
14 145 36 145 36 204 14 204 BIODEGRADABLE 0
80 136 155 136 155 198 80 198 BIODEGRADABLE 0
121.00000000000001 156 132 156 132 198 121.00000000000001 198 BIODEGRADABLE 0
164 141 236 141 236 195 164 195 BIODEGRADABLE 0
164 167 174 167 174 187 164 187 BIODEGRADABLE 0
175 173 183 173 183 189 175 189 BIODEGRADABLE 0
170 162 180 162 180 171 170 171 BIODEGRADABLE 0
191 144 203 144 203 160 191 160 BIODEGRADABLE 0
183 153 191 153 191 164 183 164 BIODEGRADABLE 0
172 151 182 151 182 162 172 162 BIODEGRADABLE 0
194 173 206 173 206 191 194 191 BIODEGRADABLE 0
183 169 193 169 193 187 183 187 BIODEGRADABLE 0
194 162 202 162 202 175 194 175 BIODEGRADABLE 0
210 149 218 149 218 171 210 171 BIODEGRADABLE 0
200 149 208 149 208 162 200 162 BIODEGRADABLE 0
212.99999999999997 171 224 171 224 189 212.99999999999997 189 BIODEGRADABLE 0
224 169 234 169 234 193 224 193 BIODEGRADABLE 0
219 151 226.99999999999997 151 226.99999999999997 167 219 167 BIODEGRADABLE 0
255.00000000000003 134 308 134 308 198 255.00000000000003 198 BIODEGRADABLE 0
330 143 366 143 366 197 330 197 BIODEGRADABLE 0
366 147 398 147 398 195 366 195 BIODEGRADABLE 0
329 210 393 210 393 243 329 243 BIODEGRADABLE 0
330 228.00000000000003 399 228.00000000000003 399 268 330 268 BIODEGRADABLE 0
332 224 401 224 401 270 332 270 BIODEGRADABLE 0
183 212.99999999999997 233 212.99999999999997 233 263 183 263 BIODEGRADABLE 0
172 219 218 219 218 269 172 269 BIODEGRADABLE 0
157 232 224 232 224 265 157 265 BIODEGRADABLE 0
258 212 308 212 308 276 258 276 BIODEGRADABLE 0
98 208 144 208 144 274 98 274 BIODEGRADABLE 0
14 228.00000000000003 64 228.00000000000003 64 274 14 274 BIODEGRADABLE 0
29.999999999999996 215.00000000000003 83 215.00000000000003 83 261 29.999999999999996 261 BIODEGRADABLE 0
29 333 69 333 69 385 29 385 BIODEGRADABLE 0
14 364 58 364 58 394 14 394 BIODEGRADABLE 0
153 335 191 335 191 403 153 403 BIODEGRADABLE 0
293 337 340 337 340 399 293 399 BIODEGRADABLE 0
355 331 403 331 403 399 355 399 BIODEGRADABLE 0
205 335 279 335 279 405 205 405 BIODEGRADABLE 0
77 331 138 331 138 399 77 399 BIODEGRADABLE 0