346 3 392 3 392 87 346 87 BIODEGRADABLE 0
365 64 415 64 415 136 365 136 BIODEGRADABLE 0
371 123 415 123 415 198 371 198 BIODEGRADABLE 0
339 150 401 150 401 230 339 230 BIODEGRADABLE 0
351 232 405 232 405 296 351 296 BIODEGRADABLE 0
353 303 409 303 409 391 353 391 BIODEGRADABLE 0
331 334 363 334 363 393 331 393 BIODEGRADABLE 0
283 302 345 302 345 400 283 400 BIODEGRADABLE 0
304 268 362 268 362 334 304 334 BIODEGRADABLE 0
305 184 359 184 359 266 305 266 BIODEGRADABLE 0
279 127.00000000000001 345 127.00000000000001 345 213.99999999999997 279 213.99999999999997 BIODEGRADABLE 0
313 93 369 93 369 159 313 159 BIODEGRADABLE 0
305 23 365 23 365 105 305 105 BIODEGRADABLE 0
286 3 332 3 332 28 286 28 BIODEGRADABLE 0
251 16 309 16 309 82 251 82 BIODEGRADABLE 0
238.99999999999997 3 291 3 291 23 238.99999999999997 23 BIODEGRADABLE 0
197 3 250 3 250 89 197 89 BIODEGRADABLE 0
112.99999999999999 2 171 2 171 48 112.99999999999999 48 BIODEGRADABLE 0
152 3 180 3 180 37 152 37 BIODEGRADABLE 0
171 3 201 3 201 55 171 55 BIODEGRADABLE 0
61 3 122 3 122 37 61 37 BIODEGRADABLE 0
12 3 71 3 71 96 12 96 BIODEGRADABLE 0
0 121.00000000000001 29 121.00000000000001 29 207 0 207 BIODEGRADABLE 0
23 98 79 98 79 194 23 194 BIODEGRADABLE 0
59 34 117 34 117 127.00000000000001 59 127.00000000000001 BIODEGRADABLE 0
77 105 129 105 129 178 77 178 BIODEGRADABLE 0
76 155 136 155 136 244 76 244 BIODEGRADABLE 0
35 198 99 198 99 284 35 284 BIODEGRADABLE 0
8 182 55 182 55 259 8 259 BIODEGRADABLE 0
32 269 52 269 52 323 32 323 BIODEGRADABLE 0
40 264 102 264 102 352 40 352 BIODEGRADABLE 0
95 246 150 246 150 328 95 328 BIODEGRADABLE 0
94 228.00000000000003 164 228.00000000000003 164 269 94 269 BIODEGRADABLE 0
164 210 191 210 191 246 164 246 BIODEGRADABLE 0
168 141 209 141 209 216.00000000000003 168 216.00000000000003 BIODEGRADABLE 0
125.99999999999999 178 167 178 167 244 125.99999999999999 244 BIODEGRADABLE 0
24 330 79 330 79 412 24 412 BIODEGRADABLE 0
73 344 122 344 122 416 73 416 BIODEGRADABLE 0
109 391 157 391 157 415 109 415 BIODEGRADABLE 0
156 378 215.00000000000003 378 215.00000000000003 416 156 416 BIODEGRADABLE 0
225.99999999999997 344 274 344 274 416 225.99999999999997 416 BIODEGRADABLE 0
267 388 316 388 316 415 267 415 BIODEGRADABLE 0
313 391 360 391 360 415 313 415 BIODEGRADABLE 0
262 255.00000000000003 306 255.00000000000003 306 337 262 337 BIODEGRADABLE 0
213.99999999999997 273 264 273 264 353 213.99999999999997 353 BIODEGRADABLE 0
180 312 226.99999999999997 312 226.99999999999997 394 180 394 BIODEGRADABLE 0
151 250 194 250 194 334 151 334 BIODEGRADABLE 0
124 323 173 323 173 393 124 393 BIODEGRADABLE 0
168 325 184 325 184 382 168 382 BIODEGRADABLE 0
217 196 267 196 267 271 217 271 BIODEGRADABLE 0
252.99999999999997 178 307 178 307 250 252.99999999999997 250 BIODEGRADABLE 0
238.99999999999997 64 306 64 306 162 238.99999999999997 162 BIODEGRADABLE 0
177 50 226.99999999999997 50 226.99999999999997 134 177 134 BIODEGRADABLE 0
206 91 262 91 262 182 206 182 BIODEGRADABLE 0
127.00000000000001 41 180 41 180 106.99999999999999 127.00000000000001 106.99999999999999 BIODEGRADABLE 0
109 39 133 39 133 111 109 111 BIODEGRADABLE 0
124 89 183 89 183 177 124 177 BIODEGRADABLE 0
180 225 225.99999999999997 225 225.99999999999997 305 180 305 BIODEGRADABLE 0
163 209 197 209 197 251.99999999999997 163 251.99999999999997 BIODEGRADABLE 0