236 37 280 37 280 65 236 65 BIODEGRADABLE 0
182 2 271 2 271 58 182 58 BIODEGRADABLE 0
273 2 325 2 325 34 273 34 BIODEGRADABLE 0
269 144 347 144 347 215.00000000000003 269 215.00000000000003 BIODEGRADABLE 0
87 152 265 152 265 194 87 194 BIODEGRADABLE 0
100 122 256 122 256 190 100 190 BIODEGRADABLE 0
225.99999999999997 58 267 58 267 144 225.99999999999997 144 BIODEGRADABLE 0
180 55 224 55 224 117 180 117 BIODEGRADABLE 0
148 36 206 36 206 92 148 92 BIODEGRADABLE 0
137 2 178 2 178 59 137 59 BIODEGRADABLE 0
148 2 182 2 182 32 148 32 BIODEGRADABLE 0
106 37 143 37 143 102 106 102 BIODEGRADABLE 0
106 21 124 21 124 45 106 45 BIODEGRADABLE 0
11 11 106.99999999999999 11 106.99999999999999 101 11 101 BIODEGRADABLE 0
1 54.00000000000001 87 54.00000000000001 87 119 1 119 BIODEGRADABLE 0
43 97 89 97 89 138 43 138 BIODEGRADABLE 0
85 95 122 95 122 125 85 125 BIODEGRADABLE 0
119 87 195 87 195 123 119 123 BIODEGRADABLE 0
1 1 111 1 111 41 1 41 BIODEGRADABLE 0
85 192 273 192 273 238 85 238 BIODEGRADABLE 0
76 201 262 201 262 271 76 271 BIODEGRADABLE 0
39 154 123 154 123 230 39 230 BIODEGRADABLE 0
37 143 87 143 87 171 37 171 BIODEGRADABLE 0
9 176 57.00000000000001 176 57.00000000000001 220 9 220 BIODEGRADABLE 0
11 135 39 135 39 171 11 171 BIODEGRADABLE 0
210 277 247 277 247 345 210 345 BIODEGRADABLE 0
198 321 280 321 280 348 198 348 BIODEGRADABLE 0
172 356 282 356 282 401 172 401 BIODEGRADABLE 0
256 369 308 369 308 407 256 407 BIODEGRADABLE 0
283 370 354 370 354 415 283 415 BIODEGRADABLE 0
267 320 332 320 332 361 267 361 BIODEGRADABLE 0
284 252.99999999999997 321 252.99999999999997 321 337 284 337 BIODEGRADABLE 0
304 242.00000000000003 332 242.00000000000003 332 282 304 282 BIODEGRADABLE 0
9 233 111 233 111 303 9 303 BIODEGRADABLE 0
1 265 70 265 70 323 1 323 BIODEGRADABLE 0
7 308 55 308 55 334 7 334 BIODEGRADABLE 0
48 231 154 231 154 335 48 335 BIODEGRADABLE 0
102 323 167 323 167 363 102 363 BIODEGRADABLE 0
68 313 98 313 98 353 68 353 BIODEGRADABLE 0
31 336 72 336 72 366 31 366 BIODEGRADABLE 0
35 358 59 358 59 382 35 382 BIODEGRADABLE 0
59 348 117 348 117 394 59 394 BIODEGRADABLE 0
97 362 180 362 180 415 97 415 BIODEGRADABLE 0
1 394 22 394 22 415 1 415 BIODEGRADABLE 0
21 375 98 375 98 415 21 415 BIODEGRADABLE 0
267 2 375 2 375 144 267 144 BIODEGRADABLE 0
334 105 373 105 373 247 334 247 BIODEGRADABLE 0
265 217 375 217 375 281 265 281 BIODEGRADABLE 0
277 222 375 222 375 385 277 385 BIODEGRADABLE 0
1 1 373 1 373 415 1 415 BIODEGRADABLE 0