330 389 378 389 378 415 330 415 BIODEGRADABLE 0
378 392 414 392 414 415 378 415 BIODEGRADABLE 0
392 369 414 369 414 394 392 394 BIODEGRADABLE 0
352 371 395 371 395 396 352 396 BIODEGRADABLE 0
340 372 371 372 371 389 340 389 BIODEGRADABLE 0
318 383 349 383 349 403 318 403 BIODEGRADABLE 0
282 393 330 393 330 415 282 415 BIODEGRADABLE 0
256 401 278 401 278 415 256 415 BIODEGRADABLE 0
261 366 311 366 311 404 261 404 BIODEGRADABLE 0
314 356 354 356 354 384 314 384 BIODEGRADABLE 0
366 354 400 354 400 373 366 373 BIODEGRADABLE 0
395 353 414 353 414 366 395 366 BIODEGRADABLE 0
373 338 399 338 399 352 373 352 BIODEGRADABLE 0
400 336 414 336 414 353 400 353 BIODEGRADABLE 0
374 314 414 314 414 336 374 336 BIODEGRADABLE 0
362 291 414 291 414 313 362 313 BIODEGRADABLE 0
335 302 383 302 383 330 335 330 BIODEGRADABLE 0
326 328 376 328 376 356 326 356 BIODEGRADABLE 0
297 339 337 339 337 361 297 361 BIODEGRADABLE 0
280 343 311 343 311 366 280 366 BIODEGRADABLE 0
270 316 301 316 301 342 270 342 BIODEGRADABLE 0
299 316 337 316 337 339 299 339 BIODEGRADABLE 0
284 293 342 293 342 316 284 316 BIODEGRADABLE 0
249 292 280 292 280 316 249 316 BIODEGRADABLE 0
247 314 273 314 273 336 247 336 BIODEGRADABLE 0
208 316 290 316 290 376 208 376 BIODEGRADABLE 0
212.99999999999997 357 268 357 268 415 212.99999999999997 415 BIODEGRADABLE 0
156 386 223 386 223 415 156 415 BIODEGRADABLE 0
153 340 223 340 223 388 153 388 BIODEGRADABLE 0
151 297 218 297 218 339 151 339 BIODEGRADABLE 0
156 259 218 259 218 297 156 297 BIODEGRADABLE 0
154 208 230 208 230 257 154 257 BIODEGRADABLE 0
151 164 226.99999999999997 164 226.99999999999997 208 151 208 BIODEGRADABLE 0
167 122 237 122 237 168 167 168 BIODEGRADABLE 0
163 87 230 87 230 125 163 125 BIODEGRADABLE 0
172 46 232 46 232 84 172 84 BIODEGRADABLE 0
208 274 270 274 270 312 208 312 BIODEGRADABLE 0
268 280 388 280 388 297 268 297 BIODEGRADABLE 0
211 225 275 225 275 274 211 274 BIODEGRADABLE 0
220 162 280 162 280 222 220 222 BIODEGRADABLE 0
238.99999999999997 142 282 142 282 162 238.99999999999997 162 BIODEGRADABLE 0
223 105 275 105 275 145 223 145 BIODEGRADABLE 0
218 79 268 79 268 121.00000000000001 218 121.00000000000001 BIODEGRADABLE 0
230 48 266 48 266 81 230 81 BIODEGRADABLE 0
139 1 288 1 288 53 139 53 BIODEGRADABLE 0
264 139 280 139 280 167 264 167 BIODEGRADABLE 0
270 164 316 164 316 184 270 184 BIODEGRADABLE 0
282 136 328 136 328 164 282 164 BIODEGRADABLE 0
273 118 321 118 321 141 273 141 BIODEGRADABLE 0
273 90 307 90 307 118 273 118 BIODEGRADABLE 0
266 69 285 69 285 92 266 92 BIODEGRADABLE 0
284 65 330 65 330 97 284 97 BIODEGRADABLE 0
266 54.00000000000001 290 54.00000000000001 290 72 266 72 BIODEGRADABLE 0
285 33 323 33 323 62.99999999999999 285 62.99999999999999 BIODEGRADABLE 0
263 32 282 32 282 52 263 52 BIODEGRADABLE 0
282 5 316 5 316 33 282 33 BIODEGRADABLE 0
319 162 371 162 371 185 319 185 BIODEGRADABLE 0
364 166 380 166 380 184 364 184 BIODEGRADABLE 0
381 171 409 171 409 187 381 187 BIODEGRADABLE 0
392 158 414 158 414 181 392 181 BIODEGRADABLE 0
364 141 412 141 412 175 364 175 BIODEGRADABLE 0
323 138 363 138 363 161 323 161 BIODEGRADABLE 0
318 164 364 164 364 184 318 184 BIODEGRADABLE 0
368 119 399 119 399 139 368 139 BIODEGRADABLE 0
392 127.00000000000001 414 127.00000000000001 414 145 392 145 BIODEGRADABLE 0
321 115 369 115 369 139 321 139 BIODEGRADABLE 0
309 96 340 96 340 116 309 116 BIODEGRADABLE 0
340 92 414 92 414 118 340 118 BIODEGRADABLE 0
392 106 414 106 414 128 392 128 BIODEGRADABLE 0
330 78 378 78 378 98 330 98 BIODEGRADABLE 0
376 72 414 72 414 89 376 89 BIODEGRADABLE 0
328 43 366 43 366 75 328 75 BIODEGRADABLE 0
357 28 409 28 409 62 357 62 BIODEGRADABLE 0
366 52 414 52 414 74 366 74 BIODEGRADABLE 0
318 6 364 6 364 29 318 29 BIODEGRADABLE 0
323 29 359 29 359 43 323 43 BIODEGRADABLE 0
364 7 414 7 414 29 364 29 BIODEGRADABLE 0
395 252.99999999999997 414 252.99999999999997 414 281 395 281 BIODEGRADABLE 0
345 250 397 250 397 278 345 278 BIODEGRADABLE 0
307 260 347 260 347 277 307 277 BIODEGRADABLE 0
290 261 309 261 309 275 290 275 BIODEGRADABLE 0
273 256 301 256 301 270 273 270 BIODEGRADABLE 0
278 239.99999999999997 316 239.99999999999997 316 262 278 262 BIODEGRADABLE 0
271 230 287 230 287 246 271 246 BIODEGRADABLE 0
261 211 285 211 285 228.00000000000003 261 228.00000000000003 BIODEGRADABLE 0
278 194 316 194 316 216.00000000000003 278 216.00000000000003 BIODEGRADABLE 0
280 213.99999999999997 316 213.99999999999997 316 234 280 234 BIODEGRADABLE 0
311 212.99999999999997 349 212.99999999999997 349 233 311 233 BIODEGRADABLE 0
302 231 328 231 328 251 302 251 BIODEGRADABLE 0
316 196 350 196 350 213.99999999999997 316 213.99999999999997 BIODEGRADABLE 0
347 195 393 195 393 225 347 225 BIODEGRADABLE 0
361 224 395 224 395 247 361 247 BIODEGRADABLE 0
325 225.99999999999997 361 225.99999999999997 361 254.00000000000003 325 254.00000000000003 BIODEGRADABLE 0
395 225 414 225 414 252.99999999999997 395 252.99999999999997 BIODEGRADABLE 0
395 194 414 194 414 225.99999999999997 395 225.99999999999997 BIODEGRADABLE 0
110 365 168 365 168 401 110 401 BIODEGRADABLE 0
129 409 163 409 163 415 129 415 BIODEGRADABLE 0
134 402 158 402 158 410 134 410 BIODEGRADABLE 0
100 395 134 395 134 415 100 415 BIODEGRADABLE 0
77 398 103 398 103 415 77 415 BIODEGRADABLE 0
74 376 105 376 105 399 74 399 BIODEGRADABLE 0
96 370 110 370 110 390 96 390 BIODEGRADABLE 0
96 353 132 353 132 373 96 373 BIODEGRADABLE 0
108.00000000000001 330 163 330 163 363 108.00000000000001 363 BIODEGRADABLE 0
101 295 149 295 149 329 101 329 BIODEGRADABLE 0
106 263 158 263 158 296 106 296 BIODEGRADABLE 0
125 248 161 248 161 270 125 270 BIODEGRADABLE 0
106 230 158 230 158 260 106 260 BIODEGRADABLE 0
115 195 165 195 165 228.00000000000003 115 228.00000000000003 BIODEGRADABLE 0
117 175 153 175 153 195 117 195 BIODEGRADABLE 0
112.99999999999999 144 173 144 173 178 112.99999999999999 178 BIODEGRADABLE 0
87 177 115 177 115 200 87 200 BIODEGRADABLE 0
91 197 115 197 115 217 91 217 BIODEGRADABLE 0
86 213.99999999999997 117 213.99999999999997 117 236 86 236 BIODEGRADABLE 0
89 233 108.00000000000001 233 108.00000000000001 249 89 249 BIODEGRADABLE 0
91 251 112.99999999999999 251 112.99999999999999 273 91 273 BIODEGRADABLE 0
86 272 98 272 98 280 86 280 BIODEGRADABLE 0
89 283 115 283 115 300 89 300 BIODEGRADABLE 0
77 303 101 303 101 322 77 322 BIODEGRADABLE 0
94 323 122 323 122 337 94 337 BIODEGRADABLE 0
94 340 108.00000000000001 340 108.00000000000001 356 94 356 BIODEGRADABLE 0
72 347 96 347 96 379 72 379 BIODEGRADABLE 0
75 322 91 322 91 346 75 346 BIODEGRADABLE 0
0 363 74 363 74 415 0 415 BIODEGRADABLE 0
20 309 58 309 58 329 20 329 BIODEGRADABLE 0
0 312 79 312 79 366 0 366 BIODEGRADABLE 0
48 288 88 288 88 314 48 314 BIODEGRADABLE 0
62 281 96 281 96 294 62 294 BIODEGRADABLE 0
53 263 89 263 89 287 53 287 BIODEGRADABLE 0
86 257 100 257 100 273 86 273 BIODEGRADABLE 0
53 241.00000000000003 96 241.00000000000003 96 261 53 261 BIODEGRADABLE 0
14.999999999999998 238 55 238 55 260 14.999999999999998 260 BIODEGRADABLE 0
77 148 112.99999999999999 148 112.99999999999999 174 77 174 BIODEGRADABLE 0
100 133 134 133 134 151 100 151 BIODEGRADABLE 0
117 105 175 105 175 141 117 141 BIODEGRADABLE 0
122 90 165 90 165 108.00000000000001 122 108.00000000000001 BIODEGRADABLE 0
141 71 177 71 177 94 141 94 BIODEGRADABLE 0
124 42 172 42 172 72 124 72 BIODEGRADABLE 0
94 50 125 50 125 73 94 73 BIODEGRADABLE 0
105 68 141 68 141 92 105 92 BIODEGRADABLE 0
91 82 122 82 122 104 91 104 BIODEGRADABLE 0
101 101 132 101 132 119 101 119 BIODEGRADABLE 0
86 115 117 115 117 137 86 137 BIODEGRADABLE 0
100 1 146 1 146 17 100 17 BIODEGRADABLE 0
119.99999999999999 19 139 19 139 29 119.99999999999999 29 BIODEGRADABLE 0
139 23 155 23 155 33 139 33 BIODEGRADABLE 0
53 17 84 17 84 33 53 33 BIODEGRADABLE 0
65 29.999999999999996 84 29.999999999999996 84 42 65 42 BIODEGRADABLE 0
65 41 101 41 101 58 65 58 BIODEGRADABLE 0
43 44 62 44 62 52 43 52 BIODEGRADABLE 0
62 83 93 83 93 106 62 106 BIODEGRADABLE 0
81 102 105 102 105 116 81 116 BIODEGRADABLE 0
65 102 81 102 81 115 65 115 BIODEGRADABLE 0
70 127.00000000000001 94 127.00000000000001 94 134 70 134 BIODEGRADABLE 0
59.99999999999999 135 94 135 94 141 59.99999999999999 141 BIODEGRADABLE 0
56 165 96 165 96 178 56 178 BIODEGRADABLE 0
53 181 103 181 103 194 53 194 BIODEGRADABLE 0
14.999999999999998 182 67 182 67 205 14.999999999999998 205 BIODEGRADABLE 0
0 201 36 201 36 231 0 231 BIODEGRADABLE 0
20 221 58 221 58 243 20 243 BIODEGRADABLE 0
58 221 86 221 86 244 58 244 BIODEGRADABLE 0
38 201 86 201 86 223 38 223 BIODEGRADABLE 0
0 1 84 1 84 19 0 19 BIODEGRADABLE 0
0 14.999999999999998 55 14.999999999999998 55 187 0 187 BIODEGRADABLE 0
46 141 122 141 122 167 46 167 BIODEGRADABLE 0
38 112.99999999999999 86 112.99999999999999 86 129 38 129 BIODEGRADABLE 0
65 62 91 62 91 84 65 84 BIODEGRADABLE 0
0 1 414 1 414 415 0 415 BIODEGRADABLE 0