225 191 355 191 355 363 225 363 BIODEGRADABLE 0
123 53 309 53 309 203 123 203 BIODEGRADABLE 0
93 20 223 20 223 117 93 117 BIODEGRADABLE 0
46 64 130 64 130 161 46 161 BIODEGRADABLE 0
87 139 225 139 225 247 87 247 BIODEGRADABLE 0
68 241.00000000000003 225 241.00000000000003 225 361 68 361 BIODEGRADABLE 0
44 173 96 173 96 257 44 257 BIODEGRADABLE 0
23 256 139 256 139 371 23 371 BIODEGRADABLE 0
0 112.99999999999999 78 112.99999999999999 78 212 0 212 BIODEGRADABLE 0
0 1 112 1 112 58 0 58 BIODEGRADABLE 0
1 43 89 43 89 81 1 81 BIODEGRADABLE 0
1 76 55 76 55 182 1 182 BIODEGRADABLE 0
23 74 77 74 77 157 23 157 BIODEGRADABLE 0
0 176 80 176 80 270 0 270 BIODEGRADABLE 0