200 216.00000000000003 328 216.00000000000003 328 323 200 323 BIODEGRADABLE 0
243 331 284 331 284 361 243 361 BIODEGRADABLE 0
235 361 274 361 274 396 235 396 BIODEGRADABLE 0
192 371 231 371 231 393 192 393 BIODEGRADABLE 0
196 339 242.00000000000003 339 242.00000000000003 373 196 373 BIODEGRADABLE 0
210 319 245 319 245 344 210 344 BIODEGRADABLE 0
153 341 194 341 194 369 153 369 BIODEGRADABLE 0
167 311 202 311 202 346 167 346 BIODEGRADABLE 0
151 303 173 303 173 323 151 323 BIODEGRADABLE 0
1 247 167 247 167 395 1 395 BIODEGRADABLE 0
179 264 301 264 301 348 179 348 BIODEGRADABLE 0
6 169 70 169 70 285 6 285 BIODEGRADABLE 0
62 87 206 87 206 299 62 299 BIODEGRADABLE 0
82 64 344 64 344 212 82 212 BIODEGRADABLE 0
212.99999999999997 40 373 40 373 172 212.99999999999997 172 BIODEGRADABLE 0
1 0 225 0 225 97 1 97 BIODEGRADABLE 0
205 0 324 0 324 54.00000000000001 205 54.00000000000001 BIODEGRADABLE 0