47 171 247 171 247 296 47 296 BIODEGRADABLE 0
22 101 192 101 192 202 22 202 BIODEGRADABLE 0
35 2 217 2 217 100 35 100 BIODEGRADABLE 0
207 2 337 2 337 97 207 97 BIODEGRADABLE 0
310 2 414 2 414 94 310 94 BIODEGRADABLE 0
232 121.00000000000001 414 121.00000000000001 414 250 232 250 BIODEGRADABLE 0
195 87 370 87 370 182 195 182 BIODEGRADABLE 0
226.99999999999997 220 407 220 407 326 226.99999999999997 326 BIODEGRADABLE 0
340 247 414 247 414 380 340 380 BIODEGRADABLE 0
216.00000000000003 329 414 329 414 415 216.00000000000003 415 BIODEGRADABLE 0
96 285 254.00000000000003 285 254.00000000000003 380 96 380 BIODEGRADABLE 0
111 367 225 367 225 415 111 415 BIODEGRADABLE 0
0 303 104 303 104 412 0 412 BIODEGRADABLE 0
0 189 64 189 64 310 0 310 BIODEGRADABLE 0
0 47 62 47 62 125 0 125 BIODEGRADABLE 0
0 2 59 2 59 41 0 41 BIODEGRADABLE 0