220 105 371 105 371 244 220 244 BIODEGRADABLE 0
124 35 288 35 288 169 124 169 BIODEGRADABLE 0
43 2 207 2 207 78 43 78 BIODEGRADABLE 0
17 73 164 73 164 191 17 191 BIODEGRADABLE 0
112 164 265 164 265 280 112 280 BIODEGRADABLE 0
185 236 369 236 369 375 185 375 BIODEGRADABLE 0
116 311 269 311 269 415 116 415 BIODEGRADABLE 0
35 237 180 237 180 350 35 350 BIODEGRADABLE 0
0 159 110 159 110 270 0 270 BIODEGRADABLE 0
0 49 59.99999999999999 49 59.99999999999999 153 0 153 BIODEGRADABLE 0
0 267 83 267 83 372 0 372 BIODEGRADABLE 0