25 44 212 44 212 306 25 306 BIODEGRADABLE 0
2 22 38 22 38 234 2 234 BIODEGRADABLE 0
2 2 66 2 66 42 2 42 BIODEGRADABLE 0
54.00000000000001 3 230 3 230 79 54.00000000000001 79 BIODEGRADABLE 0
242.00000000000003 3 342 3 342 143 242.00000000000003 143 BIODEGRADABLE 0
193 24 245 24 245 142 193 142 BIODEGRADABLE 0
196 210 314 210 314 372 196 372 BIODEGRADABLE 0
68 263 195 263 195 397 68 397 BIODEGRADABLE 0
1 256 81 256 81 415 1 415 BIODEGRADABLE 0
8 224 44 224 44 251.99999999999997 8 251.99999999999997 BIODEGRADABLE 0
78 346 159 346 159 415 78 415 BIODEGRADABLE 0
161 346 291 346 291 415 161 415 BIODEGRADABLE 0
279 291 387 291 387 415 279 415 BIODEGRADABLE 0
354 341 415 341 415 415 354 415 BIODEGRADABLE 0
373 225 415 225 415 361 373 361 BIODEGRADABLE 0
312 208 415 208 415 297 312 297 BIODEGRADABLE 0
300 180 350 180 350 248 300 248 BIODEGRADABLE 0
292 171 331 171 331 211 292 211 BIODEGRADABLE 0
273 186 297 186 297 212 273 212 BIODEGRADABLE 0
255.00000000000003 142 289 142 289 182 255.00000000000003 182 BIODEGRADABLE 0
238 130 264 130 264 158 238 158 BIODEGRADABLE 0
308 147 336 147 336 173 308 173 BIODEGRADABLE 0
331 129 415 129 415 248 331 248 BIODEGRADABLE 0
374 92 407 92 407 136 374 136 BIODEGRADABLE 0
346 70 382 70 382 153 346 153 BIODEGRADABLE 0
314 5 346 5 346 64 314 64 BIODEGRADABLE 0
238.99999999999997 2 263 2 263 26 238.99999999999997 26 BIODEGRADABLE 0
339 2 408 2 408 90 339 90 BIODEGRADABLE 0
408 2 415 2 415 73 408 73 BIODEGRADABLE 0
392 68 415 68 415 159 392 159 BIODEGRADABLE 0
1 1 415 1 415 415 1 415 BIODEGRADABLE 0