95 217 146 217 146 285 95 285 BIODEGRADABLE 0
59.99999999999999 221 95 221 95 264 59.99999999999999 264 BIODEGRADABLE 0
38 223 61 223 61 252.99999999999997 38 252.99999999999997 BIODEGRADABLE 0
58 252.99999999999997 95 252.99999999999997 95 277 58 277 BIODEGRADABLE 0
65 285 146 285 146 309 65 309 BIODEGRADABLE 0
24 232 74 232 74 328 24 328 BIODEGRADABLE 0
18 307 96 307 96 345 18 345 BIODEGRADABLE 0
92 294 159 294 159 320 92 320 BIODEGRADABLE 0
96 311 173 311 173 333 96 333 BIODEGRADABLE 0
192 251 264 251 264 347 192 347 BIODEGRADABLE 0
165 228.00000000000003 225.99999999999997 228.00000000000003 225.99999999999997 326 165 326 BIODEGRADABLE 0
141 226.99999999999997 189 226.99999999999997 189 298 141 298 BIODEGRADABLE 0
111 168 154 168 154 234 111 234 BIODEGRADABLE 0
70 129 149 129 149 191 70 191 BIODEGRADABLE 0
32 125 143 125 143 230 32 230 BIODEGRADABLE 0
119.99999999999999 73 171 73 171 176 119.99999999999999 176 BIODEGRADABLE 0
152 165 202 165 202 226.99999999999997 152 226.99999999999997 BIODEGRADABLE 0
199 127.00000000000001 263 127.00000000000001 263 234 199 234 BIODEGRADABLE 0
235 228.00000000000003 304 228.00000000000003 304 333 235 333 BIODEGRADABLE 0
261 131 346 131 346 238 261 238 BIODEGRADABLE 0
296 212 398 212 398 343 296 343 BIODEGRADABLE 0