226.99999999999997 296 367 296 367 414 226.99999999999997 414 BIODEGRADABLE 0
252.99999999999997 230 385 230 385 390 252.99999999999997 390 BIODEGRADABLE 0
258 131 372 131 372 273 258 273 BIODEGRADABLE 0
291 76 399 76 399 189 291 189 BIODEGRADABLE 0
279 42 379 42 379 118 279 118 BIODEGRADABLE 0
288 3 347 3 347 56 288 56 BIODEGRADABLE 0
298 1 381 1 381 39 298 39 BIODEGRADABLE 0
212 0 286 0 286 24 212 24 BIODEGRADABLE 0
191 6 279 6 279 84 191 84 BIODEGRADABLE 0
166 42 281 42 281 150 166 150 BIODEGRADABLE 0
152 110 256 110 256 282 152 282 BIODEGRADABLE 0
65 215.00000000000003 191 215.00000000000003 191 403 65 403 BIODEGRADABLE 0
22 346 145 346 145 414 22 414 BIODEGRADABLE 0
0 170 41 170 41 345 0 345 BIODEGRADABLE 0
0 92 125.99999999999999 92 125.99999999999999 262 0 262 BIODEGRADABLE 0
47 42 165 42 165 163 47 163 BIODEGRADABLE 0
77 11 165 11 165 95 77 95 BIODEGRADABLE 0
108.00000000000001 0 190 0 190 50 108.00000000000001 50 BIODEGRADABLE 0