2 228.00000000000003 135 228.00000000000003 135 416 2 416 BIODEGRADABLE 0
2 184 31 184 31 241.00000000000003 2 241.00000000000003 BIODEGRADABLE 0
2 73 78 73 78 205 2 205 BIODEGRADABLE 0
2 2 79 2 79 93 2 93 BIODEGRADABLE 0
91 3 224 3 224 137 91 137 BIODEGRADABLE 0
64 139 140 139 140 246 64 246 BIODEGRADABLE 0
123 198 200 198 200 300 123 300 BIODEGRADABLE 0
130 284 233 284 233 368 130 368 BIODEGRADABLE 0
234 257 356 257 356 415 234 415 BIODEGRADABLE 0
229.00000000000003 173 363 173 363 310 229.00000000000003 310 BIODEGRADABLE 0
95 295 238.99999999999997 295 238.99999999999997 415 95 415 BIODEGRADABLE 0
316 211 415 211 415 390 316 390 BIODEGRADABLE 0
384 157 415 157 415 242.00000000000003 384 242.00000000000003 BIODEGRADABLE 0
334 146 404 146 404 218 334 218 BIODEGRADABLE 0
401 59 415 59 415 164 401 164 BIODEGRADABLE 0
280 52 415 52 415 224 280 224 BIODEGRADABLE 0
244 187 285 187 285 246 244 246 BIODEGRADABLE 0
234 180 250 180 250 223 234 223 BIODEGRADABLE 0
245 141 281 141 281 189 245 189 BIODEGRADABLE 0
226.99999999999997 78 277 78 277 144 226.99999999999997 144 BIODEGRADABLE 0
217 125 245 125 245 182 217 182 BIODEGRADABLE 0
186 139 228.00000000000003 139 228.00000000000003 201 186 201 BIODEGRADABLE 0
217 180 232 180 232 205 217 205 BIODEGRADABLE 0
194 203 244 203 244 291 194 291 BIODEGRADABLE 0
144 150 185 150 185 196 144 196 BIODEGRADABLE 0
138 125 166 125 166 161 138 161 BIODEGRADABLE 0
168 112 200 112 200 160 168 160 BIODEGRADABLE 0
188 141 229.00000000000003 141 229.00000000000003 200 188 200 BIODEGRADABLE 0
192 106.99999999999999 207 106.99999999999999 207 139 192 139 BIODEGRADABLE 0
222 125 236 125 236 143 222 143 BIODEGRADABLE 0
182 46 209 46 209 96 182 96 BIODEGRADABLE 0
156 27.000000000000004 180 27.000000000000004 180 75 156 75 BIODEGRADABLE 0
155 9 173 9 173 27.000000000000004 155 27.000000000000004 BIODEGRADABLE 0
170 2 182 2 182 18 170 18 BIODEGRADABLE 0
173 3 201 3 201 46 173 46 BIODEGRADABLE 0
202 5 217 5 217 35 202 35 BIODEGRADABLE 0
220 21 235 21 235 46 220 46 BIODEGRADABLE 0
213.99999999999997 2 232 2 232 16 213.99999999999997 16 BIODEGRADABLE 0
212 52 234 52 234 82 212 82 BIODEGRADABLE 0
244 43 267 43 267 77 244 77 BIODEGRADABLE 0
232 2 264 2 264 48 232 48 BIODEGRADABLE 0
269 3 295 3 295 41 269 41 BIODEGRADABLE 0
283 41 310 41 310 93 283 93 BIODEGRADABLE 0
264 55 286 55 286 103 264 103 BIODEGRADABLE 0
293 2 327 2 327 41 293 41 BIODEGRADABLE 0
274 2 389 2 389 148 274 148 BIODEGRADABLE 0