131 152 242.00000000000003 152 242.00000000000003 254.00000000000003 131 254.00000000000003 BIODEGRADABLE 0
156 43 276 43 276 157 156 157 BIODEGRADABLE 0
128 62.99999999999999 163 62.99999999999999 163 109 128 109 BIODEGRADABLE 0
41 102 134 102 134 174 41 174 BIODEGRADABLE 0
2 137 43 137 43 183 2 183 BIODEGRADABLE 0
61 171 135 171 135 263 61 263 BIODEGRADABLE 0
18 174 62.99999999999999 174 62.99999999999999 246 18 246 BIODEGRADABLE 0
83 272 154 272 154 370 83 370 BIODEGRADABLE 0
161 318 259 318 259 394 161 394 BIODEGRADABLE 0
156 246 246 246 246 312 156 312 BIODEGRADABLE 0
243 157 307 157 307 237 243 237 BIODEGRADABLE 0
300 153 398 153 398 235 300 235 BIODEGRADABLE 0
264 94 322 94 322 146 264 146 BIODEGRADABLE 0
276 257 326 257 326 329 276 329 BIODEGRADABLE 0
225.99999999999997 237 280 237 280 303 225.99999999999997 303 BIODEGRADABLE 0
39 261 89 261 89 339 39 339 BIODEGRADABLE 0
2 230 58 230 58 309 2 309 BIODEGRADABLE 0
2 307 24 307 24 353 2 353 BIODEGRADABLE 0
109 363 161 363 161 398 109 398 BIODEGRADABLE 0
32 320 98 320 98 368 32 368 BIODEGRADABLE 0
233 312 281 312 281 370 233 370 BIODEGRADABLE 0
305 296 377 296 377 362 305 362 BIODEGRADABLE 0
318 237 396 237 396 295 318 295 BIODEGRADABLE 0
362 198 415 198 415 271 362 271 BIODEGRADABLE 0
261 213.99999999999997 329 213.99999999999997 329 257 261 257 BIODEGRADABLE 0
243 135 350 135 350 165 243 165 BIODEGRADABLE 0