112.99999999999999 2 283 2 283 80 112.99999999999999 80 BIODEGRADABLE 0
47 1 138 1 138 135 47 135 BIODEGRADABLE 0
25 2 84 2 84 144 25 144 BIODEGRADABLE 0
2 2 42 2 42 128 2 128 BIODEGRADABLE 0
3 262 125.99999999999999 262 125.99999999999999 315 3 315 BIODEGRADABLE 0
3 203 123 203 123 260 3 260 BIODEGRADABLE 0
3 136 52 136 52 316 3 316 BIODEGRADABLE 0
3 251.99999999999997 14.999999999999998 251.99999999999997 14.999999999999998 281 3 281 BIODEGRADABLE 0
25 78 207 78 207 228.00000000000003 25 228.00000000000003 BIODEGRADABLE 0
42 309 96 309 96 408 42 408 BIODEGRADABLE 0
12 339 165 339 165 415 12 415 BIODEGRADABLE 0
148 322 175 322 175 362 148 362 BIODEGRADABLE 0
153 309 205 309 205 334 153 334 BIODEGRADABLE 0
148 294 180 294 180 305 148 305 BIODEGRADABLE 0
101 246 176 246 176 415 101 415 BIODEGRADABLE 0
123 208 207 208 207 416 123 416 BIODEGRADABLE 0
158 192 276 192 276 274 158 274 BIODEGRADABLE 0
172 144 288 144 288 205 172 205 BIODEGRADABLE 0
158 135 210 135 210 173 158 173 BIODEGRADABLE 0
175 94 271 94 271 138 175 138 BIODEGRADABLE 0
138 79 219 79 219 103 138 103 BIODEGRADABLE 0
244 64 399 64 399 162 244 162 BIODEGRADABLE 0
328 13 416 13 416 66 328 66 BIODEGRADABLE 0
386 1 415 1 415 27.000000000000004 386 27.000000000000004 BIODEGRADABLE 0
394 64 415 64 415 101 394 101 BIODEGRADABLE 0
199 384 281 384 281 415 199 415 BIODEGRADABLE 0
276 400 332 400 332 415 276 415 BIODEGRADABLE 0
300 371 397 371 397 415 300 415 BIODEGRADABLE 0
234 344 382 344 382 378 234 378 BIODEGRADABLE 0
261 314 323 314 323 352 261 352 BIODEGRADABLE 0
291 270 338 270 338 311 291 311 BIODEGRADABLE 0
301 249 360 249 360 295 301 295 BIODEGRADABLE 0
339 333 415 333 415 374 339 374 BIODEGRADABLE 0
372 309 409 309 409 335 372 335 BIODEGRADABLE 0
335 294 375 294 375 330 335 330 BIODEGRADABLE 0
303 307 350 307 350 320 303 320 BIODEGRADABLE 0
354 267 384 267 384 296 354 296 BIODEGRADABLE 0
367 288 391 288 391 309 367 309 BIODEGRADABLE 0
374 254.00000000000003 414 254.00000000000003 414 276 374 276 BIODEGRADABLE 0
384 270 415 270 415 283 384 283 BIODEGRADABLE 0
403 283 415 283 415 295 403 295 BIODEGRADABLE 0
320 202 382 202 382 245 320 245 BIODEGRADABLE 0
271 222 325 222 325 251 271 251 BIODEGRADABLE 0
350 209 394 209 394 257 350 257 BIODEGRADABLE 0
337 177 406 177 406 225 337 225 BIODEGRADABLE 0
288 89 415 89 415 204 288 204 BIODEGRADABLE 0
408 190 415 190 415 241.00000000000003 408 241.00000000000003 BIODEGRADABLE 0