59 81 170 81 170 283 59 283 BIODEGRADABLE 0
72 122 124 122 124 229.00000000000003 72 229.00000000000003 BIODEGRADABLE 0
270 248 294 248 294 264 270 264 BIODEGRADABLE 0
251.99999999999997 242.00000000000003 270 242.00000000000003 270 257 251.99999999999997 257 BIODEGRADABLE 0
230 241.00000000000003 250 241.00000000000003 250 257 230 257 BIODEGRADABLE 0
204 235 225.99999999999997 235 225.99999999999997 255.00000000000003 204 255.00000000000003 BIODEGRADABLE 0
180 233 204 233 204 251 180 251 BIODEGRADABLE 0
159 230 181 230 181 250 159 250 BIODEGRADABLE 0
172 274 194 274 194 294 172 294 BIODEGRADABLE 0
154 281 170 281 170 303 154 303 BIODEGRADABLE 0
143 287 152 287 152 296 143 296 BIODEGRADABLE 0
176 303 194 303 194 316 176 316 BIODEGRADABLE 0
208 281 225.99999999999997 281 225.99999999999997 296 208 296 BIODEGRADABLE 0
231 285 239.99999999999997 285 239.99999999999997 301 231 301 BIODEGRADABLE 0
142 216.00000000000003 318 216.00000000000003 318 270 142 270 BIODEGRADABLE 0
150 185 346 185 346 248 150 248 BIODEGRADABLE 0
145 172 191 172 191 207 145 207 BIODEGRADABLE 0
109 102 357 102 357 268 109 268 BIODEGRADABLE 0
202 128 348 128 348 248 202 248 BIODEGRADABLE 0
98 91 303 91 303 147 98 147 BIODEGRADABLE 0
259 144 361 144 361 170 259 170 BIODEGRADABLE 0
311 181 370 181 370 237 311 237 BIODEGRADABLE 0