245 129 266 129 266 159 245 159 BIODEGRADABLE 0
231 123 245 123 245 159 231 159 BIODEGRADABLE 0
234 150 255.00000000000003 150 255.00000000000003 180 234 180 BIODEGRADABLE 0
215.00000000000003 131 231 131 231 151 215.00000000000003 151 BIODEGRADABLE 0
212 146 234 146 234 174 212 174 BIODEGRADABLE 0
208 163 226.99999999999997 163 226.99999999999997 185 208 185 BIODEGRADABLE 0
203 105 224 105 224 137 203 137 BIODEGRADABLE 0
194 131 212.99999999999997 131 212.99999999999997 157 194 157 BIODEGRADABLE 0
186 150 208 150 208 176 186 176 BIODEGRADABLE 0
170 125 192 125 192 159 170 159 BIODEGRADABLE 0
154 148 178 148 178 178 154 178 BIODEGRADABLE 0
172 159 199 159 199 189 172 189 BIODEGRADABLE 0
173 182 195 182 195 206 173 206 BIODEGRADABLE 0
159 176 180 176 180 204 159 204 BIODEGRADABLE 0
136 161 163 161 163 193 136 193 BIODEGRADABLE 0
175 204 199 204 199 230 175 230 BIODEGRADABLE 0
154 191 176 191 176 219 154 219 BIODEGRADABLE 0
128 189 160 189 160 211 128 211 BIODEGRADABLE 0
131 206 155 206 155 230 131 230 BIODEGRADABLE 0
143 219 165 219 165 245 143 245 BIODEGRADABLE 0
167 239.99999999999997 186 239.99999999999997 186 268 167 268 BIODEGRADABLE 0
141 245 162 245 162 273 141 273 BIODEGRADABLE 0
146 264 165 264 165 279 146 279 BIODEGRADABLE 0
130 275 154 275 154 307 130 307 BIODEGRADABLE 0
119 243 143 243 143 281 119 281 BIODEGRADABLE 0
119 219 140 219 140 247 119 247 BIODEGRADABLE 0
154 1 343 1 343 230 154 230 BIODEGRADABLE 0