159 196 263 196 263 414 159 414 BIODEGRADABLE 0
229.00000000000003 356 311 356 311 415 229.00000000000003 415 BIODEGRADABLE 0
251.99999999999997 155 414 155 414 337 251.99999999999997 337 BIODEGRADABLE 0
203 54.00000000000001 363 54.00000000000001 363 164 203 164 BIODEGRADABLE 0
201 91 391 91 391 206 201 206 BIODEGRADABLE 0
300 0 414 0 414 112 300 112 BIODEGRADABLE 0
80 91 220 91 220 123 80 123 BIODEGRADABLE 0
115 121.00000000000001 268 121.00000000000001 268 223 115 223 BIODEGRADABLE 0
20 142 222 142 222 319 20 319 BIODEGRADABLE 0
22 195 110 195 110 369 22 369 BIODEGRADABLE 0
1 282 171 282 171 399 1 399 BIODEGRADABLE 0
1 108.00000000000001 196 108.00000000000001 196 158 1 158 BIODEGRADABLE 0
1 0 149 0 149 125.99999999999999 1 125.99999999999999 BIODEGRADABLE 0
123 0 177 0 177 96 123 96 BIODEGRADABLE 0
1 1 82 1 82 85 1 85 BIODEGRADABLE 0
158 0 222 0 222 5 158 5 BIODEGRADABLE 0
1 215.00000000000003 56 215.00000000000003 56 300 1 300 BIODEGRADABLE 0
1 275 35 275 35 322 1 322 BIODEGRADABLE 0
1 153 28 153 28 233 1 233 BIODEGRADABLE 0