342 66 382 66 382 250 342 250 BIODEGRADABLE 0
230 36 342 36 342 182 230 182 BIODEGRADABLE 0
183 50 310 50 310 225 183 225 BIODEGRADABLE 0
144 89 320 89 320 205 144 205 BIODEGRADABLE 0
106 96 278 96 278 250 106 250 BIODEGRADABLE 0
74 173 262 173 262 269 74 269 BIODEGRADABLE 0
8 193 170 193 170 243 8 243 BIODEGRADABLE 0
2 221 218 221 218 285 2 285 BIODEGRADABLE 0
212 259 303 259 303 318 212 318 BIODEGRADABLE 0
280 284 415 284 415 415 280 415 BIODEGRADABLE 0
357 246 398 246 398 326 357 326 BIODEGRADABLE 0
310 178 366 178 366 321 310 321 BIODEGRADABLE 0
274 223 344 223 344 323 274 323 BIODEGRADABLE 0
257 241.00000000000003 303 241.00000000000003 303 300 257 300 BIODEGRADABLE 0