238.99999999999997 246 329 246 329 414 238.99999999999997 414 BIODEGRADABLE 0
339 244 415 244 415 414 339 414 BIODEGRADABLE 0
303 384 367 384 367 414 303 414 BIODEGRADABLE 0
136 312 216.00000000000003 312 216.00000000000003 414 136 414 BIODEGRADABLE 0
206 378 266 378 266 414 206 414 BIODEGRADABLE 0
141 116 249 116 249 300 141 300 BIODEGRADABLE 0
274 109 384 109 384 266 274 266 BIODEGRADABLE 0
317 0 415 0 415 137 317 137 BIODEGRADABLE 0
377 106.99999999999999 415 106.99999999999999 415 257 377 257 BIODEGRADABLE 0
69 248 173 248 173 386 69 386 BIODEGRADABLE 0
0 318 77 318 77 414 0 414 BIODEGRADABLE 0
0 180 97 180 97 321 0 321 BIODEGRADABLE 0
38 89 164 89 164 230 38 230 BIODEGRADABLE 0
2 5 88 5 88 159 2 159 BIODEGRADABLE 0
72 0 176 0 176 116 72 116 BIODEGRADABLE 0
183 0 285 0 285 141 183 141 BIODEGRADABLE 0
258 0 342 0 342 32 258 32 BIODEGRADABLE 0
270 37 329 37 329 137 270 137 BIODEGRADABLE 0
0 148 55 148 55 199 0 199 BIODEGRADABLE 0