265 68 347 68 347 189 265 189 PAPER 0
337 3 399 3 399 199 337 199 PAPER 0
399 3 415 3 415 191 399 191 PAPER 0
317 177 358 177 358 264 317 264 PAPER 0
357 196 415 196 415 305 357 305 PAPER 0
359 304 416 304 416 415 359 415 PAPER 0
314 348 369 348 369 415 314 415 PAPER 0
298 288 344 288 344 368 298 368 PAPER 0
217 3 318 3 318 119 217 119 PAPER 0
187 353 262 353 262 415 187 415 PAPER 0
263 239.99999999999997 295 239.99999999999997 295 416 263 416 PAPER 0
271 239.99999999999997 284 239.99999999999997 284 416 271 416 PAPER 0
169 3 195 3 195 66 169 66 PAPER 0
121.00000000000001 3 158 3 158 95 121.00000000000001 95 PAPER 0
71 22 127.00000000000001 22 127.00000000000001 271 71 271 PAPER 0
3 19 111 19 111 208 3 208 PAPER 0
9 3 89 3 89 66 9 66 PAPER 0
1 51 36 51 36 140 1 140 PAPER 0
0 150 9 150 9 216.00000000000003 0 216.00000000000003 PAPER 0
1 212 57.00000000000001 212 57.00000000000001 293 1 293 PAPER 0
51 262 159 262 159 356 51 356 PAPER 0
78 336 140 336 140 415 78 415 PAPER 0
3 288 92 288 92 415 3 415 PAPER 0
1 366 33 366 33 415 1 415 PAPER 0