112 243 250 243 250 307 112 307 BIODEGRADABLE 0
144 232 208 232 208 260 144 260 BIODEGRADABLE 0
110 198 186 198 186 260 110 260 BIODEGRADABLE 0
97 141 224 141 224 259 97 259 BIODEGRADABLE 0
151 146 254.00000000000003 146 254.00000000000003 278 151 278 BIODEGRADABLE 0
170 159 309 159 309 305 170 305 BIODEGRADABLE 0
156 132 252.99999999999997 132 252.99999999999997 223 156 223 BIODEGRADABLE 0
199 98 223 98 223 152 199 152 BIODEGRADABLE 0
209 96 305 96 305 262 209 262 BIODEGRADABLE 0
232 43 303 43 303 205 232 205 BIODEGRADABLE 0
271 75 318 75 318 211 271 211 BIODEGRADABLE 0
269 48 289 48 289 80 269 80 BIODEGRADABLE 0
283 66 351 66 351 230 283 230 BIODEGRADABLE 0
291 43 365 43 365 193 291 193 BIODEGRADABLE 0
215.00000000000003 318 411 318 411 414 215.00000000000003 414 BIODEGRADABLE 0
309 241.00000000000003 413 241.00000000000003 413 405 309 405 BIODEGRADABLE 0
286 205 414 205 414 310 286 310 BIODEGRADABLE 0
350 191 400 191 400 305 350 305 BIODEGRADABLE 0