1 320 24 320 24 374 1 374 BIODEGRADABLE 0
11 360 29 360 29 397 11 397 BIODEGRADABLE 0
29 357 45 357 45 394 29 394 BIODEGRADABLE 0
26 312 55 312 55 368 26 368 BIODEGRADABLE 0
14.999999999999998 291 36 291 36 337 14.999999999999998 337 BIODEGRADABLE 0
1 266 14.999999999999998 266 14.999999999999998 320 1 320 BIODEGRADABLE 0
11 258 36 258 36 300 11 300 BIODEGRADABLE 0
1 204 14.999999999999998 204 14.999999999999998 263 1 263 BIODEGRADABLE 0
10 229.00000000000003 29.999999999999996 229.00000000000003 29.999999999999996 266 10 266 BIODEGRADABLE 0
27.000000000000004 212 54.00000000000001 212 54.00000000000001 266 27.000000000000004 266 BIODEGRADABLE 0
17 181 35 181 35 235 17 235 BIODEGRADABLE 0
35 266 57.00000000000001 266 57.00000000000001 312 35 312 BIODEGRADABLE 0
62.99999999999999 357 74 357 74 385 62.99999999999999 385 BIODEGRADABLE 0
61 377 71 377 71 391 61 391 BIODEGRADABLE 0
51 380 61 380 61 411 51 411 BIODEGRADABLE 0
61 394 73 394 73 414 61 414 BIODEGRADABLE 0
59 334 71 334 71 360 59 360 BIODEGRADABLE 0
62.99999999999999 306 71 306 71 332 62.99999999999999 332 BIODEGRADABLE 0
71 294 85 294 85 320 71 320 BIODEGRADABLE 0
70 314 78 314 78 328 70 328 BIODEGRADABLE 0
70 320 84 320 84 346 70 346 BIODEGRADABLE 0
73 337 90 337 90 368 73 368 BIODEGRADABLE 0
76 365 84 365 84 391 76 391 BIODEGRADABLE 0
71 385 82 385 82 411 71 411 BIODEGRADABLE 0
73 402 84 402 84 414 73 414 BIODEGRADABLE 0
86 295 102 295 102 312 86 312 BIODEGRADABLE 0
97 306 106.99999999999999 306 106.99999999999999 348 97 348 BIODEGRADABLE 0
85 317 102 317 102 354 85 354 BIODEGRADABLE 0
104 292 118 292 118 329 104 329 BIODEGRADABLE 0
110 326 128 326 128 346 110 346 BIODEGRADABLE 0
102 345 112 345 112 379 102 379 BIODEGRADABLE 0
92 348 106 348 106 379 92 379 BIODEGRADABLE 0
112.99999999999999 359 123 359 123 385 112.99999999999999 385 BIODEGRADABLE 0
118 346 125.99999999999999 346 125.99999999999999 360 118 360 BIODEGRADABLE 0
121.00000000000001 348 131 348 131 376 121.00000000000001 376 BIODEGRADABLE 0
125 374 133 374 133 400 125 400 BIODEGRADABLE 0
114.00000000000001 385 125 385 125 413 114.00000000000001 413 BIODEGRADABLE 0
101 394 112.99999999999999 394 112.99999999999999 414 101 414 BIODEGRADABLE 0
86 374 102 374 102 414 86 414 BIODEGRADABLE 0
123 402 131 402 131 414 123 414 BIODEGRADABLE 0
147 371 169 371 169 408 147 408 BIODEGRADABLE 0
145 317 162 317 162 365 145 365 BIODEGRADABLE 0
140 337 154 337 154 377 140 377 BIODEGRADABLE 0
134 297 146 297 146 337 134 337 BIODEGRADABLE 0
130 258 140 258 140 298 130 298 BIODEGRADABLE 0
138 269 158 269 158 303 138 303 BIODEGRADABLE 0
144 294 160 294 160 331 144 331 BIODEGRADABLE 0
158 294 175 294 175 340 158 340 BIODEGRADABLE 0
160 337 172 337 172 371 160 371 BIODEGRADABLE 0
167 371 181 371 181 399 167 399 BIODEGRADABLE 0
176 374 196 374 196 414 176 414 BIODEGRADABLE 0
163 400 175 400 175 408 163 408 BIODEGRADABLE 0
182 161 198 161 198 201 182 201 BIODEGRADABLE 0
200 184 212 184 212 221 200 221 BIODEGRADABLE 0
184 192 198 192 198 218 184 218 BIODEGRADABLE 0
192 207 208 207 208 238 192 238 BIODEGRADABLE 0
174 173 185 173 185 204 174 204 BIODEGRADABLE 0
164 176 175 176 175 207 164 207 BIODEGRADABLE 0
152 193 164 193 164 221 152 221 BIODEGRADABLE 0
143 207 155 207 155 229.00000000000003 143 229.00000000000003 BIODEGRADABLE 0
135 221 155 221 155 255.00000000000003 135 255.00000000000003 BIODEGRADABLE 0
131 238 145 238 145 266 131 266 BIODEGRADABLE 0
148 249 162 249 162 275 148 275 BIODEGRADABLE 0
151 224 162 224 162 250 151 250 BIODEGRADABLE 0
158 199 175 199 175 241.00000000000003 158 241.00000000000003 BIODEGRADABLE 0
162 235 176 235 176 269 162 269 BIODEGRADABLE 0
164 261 178 261 178 295 164 295 BIODEGRADABLE 0
175 286 189 286 189 314 175 314 BIODEGRADABLE 0
181 314 197 314 197 351 181 351 BIODEGRADABLE 0
173 342 185 342 185 368 173 368 BIODEGRADABLE 0
181 348 198 348 198 385 181 385 BIODEGRADABLE 0
195 351 205 351 205 385 195 385 BIODEGRADABLE 0
197 314 207 314 207 348 197 348 BIODEGRADABLE 0
198 280 209 280 209 311 198 311 BIODEGRADABLE 0
188 283 198 283 198 317 188 317 BIODEGRADABLE 0
178 258 192 258 192 289 178 289 BIODEGRADABLE 0
173 210 191 210 191 266 173 266 BIODEGRADABLE 0
189 229.00000000000003 203 229.00000000000003 203 283 189 283 BIODEGRADABLE 0
204 241.00000000000003 218 241.00000000000003 218 281 204 281 BIODEGRADABLE 0
201 229.00000000000003 211 229.00000000000003 211 249 201 249 BIODEGRADABLE 0
203 374 229.00000000000003 374 229.00000000000003 414 203 414 BIODEGRADABLE 0
114.00000000000001 114.00000000000001 136 114.00000000000001 136 170 114.00000000000001 170 BIODEGRADABLE 0
134 139 156 139 156 190 134 190 BIODEGRADABLE 0
138 102 154 102 154 142 138 142 BIODEGRADABLE 0
124 31 147 31 147 82 124 82 BIODEGRADABLE 0
141 68 158 68 158 105 141 105 BIODEGRADABLE 0
154 82 175 82 175 136 154 136 BIODEGRADABLE 0
152 139 170 139 170 161 152 161 BIODEGRADABLE 0
57.00000000000001 176 96 176 96 244 57.00000000000001 244 BIODEGRADABLE 0
56 218 85 218 85 286 56 286 BIODEGRADABLE 0
81 226.99999999999997 125.99999999999999 226.99999999999997 125.99999999999999 281 81 281 BIODEGRADABLE 0
95 173 131 173 131 235 95 235 BIODEGRADABLE 0
78 139 100 139 100 187 78 187 BIODEGRADABLE 0
97 125 112.99999999999999 125 112.99999999999999 187 97 187 BIODEGRADABLE 0
55 76 67 76 67 116 55 116 BIODEGRADABLE 0
66 71 92 71 92 111 66 111 BIODEGRADABLE 0
69 99 104 99 104 139 69 139 BIODEGRADABLE 0
64 20 78 20 78 74 64 74 BIODEGRADABLE 0
73 45 87 45 87 82 73 82 BIODEGRADABLE 0
54.00000000000001 31 65 31 65 51 54.00000000000001 51 BIODEGRADABLE 0
58 48 64 48 64 74 58 74 BIODEGRADABLE 0
45 59.99999999999999 59.99999999999999 59.99999999999999 59.99999999999999 91 45 91 BIODEGRADABLE 0
86 57.00000000000001 106 57.00000000000001 106 97 86 97 BIODEGRADABLE 0
77 1 112 1 112 96 77 96 BIODEGRADABLE 0
66 1 117 1 117 99 66 99 BIODEGRADABLE 0
59.99999999999999 1 77 1 77 31 59.99999999999999 31 BIODEGRADABLE 0
42 1 62 1 62 31 42 31 BIODEGRADABLE 0
90 3 117 3 117 51 90 51 BIODEGRADABLE 0
98 23 112.99999999999999 23 112.99999999999999 54.00000000000001 98 54.00000000000001 BIODEGRADABLE 0
115 1 128 1 128 26 115 26 BIODEGRADABLE 0
110 1 155 1 155 29 110 29 BIODEGRADABLE 0
138 17 154 17 154 54.00000000000001 138 54.00000000000001 BIODEGRADABLE 0
147 23 169 23 169 74 147 74 BIODEGRADABLE 0
168 37 188 37 188 85 168 85 BIODEGRADABLE 0
177 71 199 71 199 117 177 117 BIODEGRADABLE 0
169 79 179 79 179 99 169 99 BIODEGRADABLE 0
172 114.00000000000001 195 114.00000000000001 195 162 172 162 BIODEGRADABLE 0
192 79 203 79 203 119 192 119 BIODEGRADABLE 0
182 12 208 12 208 62.99999999999999 182 62.99999999999999 BIODEGRADABLE 0
165 1 186 1 186 37 165 37 BIODEGRADABLE 0
185 1 202 1 202 14 185 14 BIODEGRADABLE 0
267 362 319 362 319 413 267 413 BIODEGRADABLE 0
315 394 329 394 329 414 315 414 BIODEGRADABLE 0
291 122 309 122 309 323 291 323 BIODEGRADABLE 0
271 170 294 170 294 306 271 306 BIODEGRADABLE 0
277 164 291 164 291 311 277 311 BIODEGRADABLE 0
306 170 326 170 326 349 306 349 BIODEGRADABLE 0
308 173 316 173 316 238 308 238 BIODEGRADABLE 0
321 251.99999999999997 339 251.99999999999997 339 399 321 399 BIODEGRADABLE 0
326 184 352 184 352 348 326 348 BIODEGRADABLE 0
333 178 347 178 347 371 333 371 BIODEGRADABLE 0
330 394 354 394 354 414 330 414 BIODEGRADABLE 0
351 382 367 382 367 413 351 413 BIODEGRADABLE 0
364 374 384 374 384 414 364 414 BIODEGRADABLE 0
232 354 246 354 246 388 232 388 BIODEGRADABLE 0
234 320 248 320 248 351 234 351 BIODEGRADABLE 0
221 309 237 309 237 349 221 349 BIODEGRADABLE 0
246 340 263 340 263 368 246 368 BIODEGRADABLE 0
246 365 263 365 263 399 246 399 BIODEGRADABLE 0
265 334 279 334 279 371 265 371 BIODEGRADABLE 0
257 329 269 329 269 357 257 357 BIODEGRADABLE 0
262 314 282 314 282 334 262 334 BIODEGRADABLE 0
249 289 265 289 265 317 249 317 BIODEGRADABLE 0
245 314 259 314 259 340 245 340 BIODEGRADABLE 0
230 278 250 278 250 320 230 320 BIODEGRADABLE 0
221 255.00000000000003 231 255.00000000000003 231 306 221 306 BIODEGRADABLE 0
235 247 251 247 251 275 235 275 BIODEGRADABLE 0
248 255.00000000000003 262 255.00000000000003 262 292 248 292 BIODEGRADABLE 0
261 241.00000000000003 269 241.00000000000003 269 275 261 275 BIODEGRADABLE 0
248 226.99999999999997 262 226.99999999999997 262 261 248 261 BIODEGRADABLE 0
222 221 238.99999999999997 221 238.99999999999997 261 222 261 BIODEGRADABLE 0
216.00000000000003 232 222 232 222 272 216.00000000000003 272 BIODEGRADABLE 0
216.00000000000003 198 233 198 233 225.99999999999997 216.00000000000003 225.99999999999997 BIODEGRADABLE 0
215.00000000000003 170 233 170 233 201 215.00000000000003 201 BIODEGRADABLE 0
232 181 243 181 243 212 232 212 BIODEGRADABLE 0
238 193 251.99999999999997 193 251.99999999999997 235 238 235 BIODEGRADABLE 0
252.99999999999997 198 265 198 265 225.99999999999997 252.99999999999997 225.99999999999997 BIODEGRADABLE 0
358 0 403 0 403 122 358 122 BIODEGRADABLE 0
389 1 415 1 415 171 389 171 BIODEGRADABLE 0
330 108.00000000000001 359 108.00000000000001 359 164 330 164 BIODEGRADABLE 0
340 23 363 23 363 117 340 117 BIODEGRADABLE 0
342 9 358 9 358 88 342 88 BIODEGRADABLE 0
302 73 331 73 331 119 302 119 BIODEGRADABLE 0
287 68 317 68 317 130 287 130 BIODEGRADABLE 0
289 42 307 42 307 88 289 88 BIODEGRADABLE 0
303 6 317 6 317 62 303 62 BIODEGRADABLE 0
291 9 303 9 303 43 291 43 BIODEGRADABLE 0
277 1 297 1 297 23 277 23 BIODEGRADABLE 0
317 0 328 0 328 57.00000000000001 317 57.00000000000001 BIODEGRADABLE 0
328 1 358 1 358 29 328 29 BIODEGRADABLE 0
242.00000000000003 80 267 80 267 179 242.00000000000003 179 BIODEGRADABLE 0
236 59 248 59 248 133 236 133 BIODEGRADABLE 0
225.99999999999997 116 236 116 236 162 225.99999999999997 162 BIODEGRADABLE 0
224 43 234 43 234 125 224 125 BIODEGRADABLE 0
212 48 229.00000000000003 48 229.00000000000003 142 212 142 BIODEGRADABLE 0
198 48 218 48 218 108.00000000000001 198 108.00000000000001 BIODEGRADABLE 0
251.99999999999997 74 289 74 289 122 251.99999999999997 122 BIODEGRADABLE 0
259 94 287 94 287 156 259 156 BIODEGRADABLE 0
271 6 294 6 294 102 271 102 BIODEGRADABLE 0
213.99999999999997 1 273 1 273 20 213.99999999999997 20 BIODEGRADABLE 0
255.00000000000003 18 272 18 272 74 255.00000000000003 74 BIODEGRADABLE 0
247 17 261 17 261 77 247 77 BIODEGRADABLE 0
226.99999999999997 6 247 6 247 62 226.99999999999997 62 BIODEGRADABLE 0
362 162 379 162 379 238 362 238 BIODEGRADABLE 0
361 147 369 147 369 207 361 207 BIODEGRADABLE 0
355 133 363 133 363 161 355 161 BIODEGRADABLE 0
337 164 363 164 363 181 337 181 BIODEGRADABLE 0
373 204 408 204 408 272 373 272 BIODEGRADABLE 0
387 229.00000000000003 395 229.00000000000003 395 275 387 275 BIODEGRADABLE 0
375 238 389 238 389 323 375 323 BIODEGRADABLE 0
347 332 379 332 379 374 347 374 BIODEGRADABLE 0
368 362 380 362 380 413 368 413 BIODEGRADABLE 0
382 326 398 326 398 414 382 414 BIODEGRADABLE 0
394 328 415 328 415 371 394 371 BIODEGRADABLE 0
395 368 415 368 415 414 395 414 BIODEGRADABLE 0
398 266 415 266 415 349 398 349 BIODEGRADABLE 0
357 261 402 261 402 326 357 326 BIODEGRADABLE 0
352 170 376 170 376 289 352 289 BIODEGRADABLE 0
356 128 397 128 397 224 356 224 BIODEGRADABLE 0
379 169 415 169 415 279 379 279 BIODEGRADABLE 0