256 142 399 142 399 238.99999999999997 256 238.99999999999997 BIODEGRADABLE 0
90 298 175 298 175 384 90 384 BIODEGRADABLE 0
162 236 207 236 207 290 162 290 BIODEGRADABLE 0
140 277 196 277 196 317 140 317 BIODEGRADABLE 0
103 267 148 267 148 307 103 307 BIODEGRADABLE 0
138 266 159 266 159 286 138 286 BIODEGRADABLE 0
82 251 122 251 122 303 82 303 BIODEGRADABLE 0
76 176 130 176 130 223 76 223 BIODEGRADABLE 0
118 163 150 163 150 197 118 197 BIODEGRADABLE 0
98 111 127.00000000000001 111 127.00000000000001 161 98 161 BIODEGRADABLE 0
124 174 170 174 170 221 124 221 BIODEGRADABLE 0
79 221 121.00000000000001 221 121.00000000000001 251 79 251 BIODEGRADABLE 0
119 384 150 384 150 415 119 415 BIODEGRADABLE 0
59.99999999999999 20 342 20 342 406 59.99999999999999 406 BIODEGRADABLE 0
352 223 389 223 389 300 352 300 BIODEGRADABLE 0