381 244 415 244 415 411 381 411 BIODEGRADABLE 0
330 284 391 284 391 406 330 406 BIODEGRADABLE 0
354 384 412 384 412 414 354 414 BIODEGRADABLE 0
282 392 340 392 340 414 282 414 BIODEGRADABLE 0
274 180 380 180 380 414 274 414 BIODEGRADABLE 0
373 184 415 184 415 254.00000000000003 373 254.00000000000003 BIODEGRADABLE 0
321 125 395 125 395 205 321 205 BIODEGRADABLE 0
389 100 415 100 415 210 389 210 BIODEGRADABLE 0
308 73 394 73 394 167 308 167 BIODEGRADABLE 0
357 0 415 0 415 117 357 117 BIODEGRADABLE 0
289 0 379 0 379 100 289 100 BIODEGRADABLE 0
186 37 318 37 318 369 186 369 BIODEGRADABLE 0
212.99999999999997 257 299 257 299 414 212.99999999999997 414 BIODEGRADABLE 0
144 312 217 312 217 414 144 414 BIODEGRADABLE 0
103 152 201 152 201 364 103 364 BIODEGRADABLE 0
123 0 218 0 218 155 123 155 BIODEGRADABLE 0
59.99999999999999 0 136 0 136 145 59.99999999999999 145 BIODEGRADABLE 0
0 133 100 133 100 349 0 349 BIODEGRADABLE 0
0 197 105 197 105 413 0 413 BIODEGRADABLE 0
1 59.99999999999999 35 59.99999999999999 35 164 1 164 BIODEGRADABLE 0
25 35 68 35 68 139 25 139 BIODEGRADABLE 0
64 40 118 40 118 142 64 142 BIODEGRADABLE 0
58 0 135 0 135 145 58 145 BIODEGRADABLE 0
0 0 57.00000000000001 0 57.00000000000001 62.99999999999999 0 62.99999999999999 BIODEGRADABLE 0