2 300 258 300 258 346 2 346 BIODEGRADABLE 0
7 269 235 269 235 319 7 319 BIODEGRADABLE 0
2 335 110 335 110 414 2 414 BIODEGRADABLE 0
102 346 204 346 204 414 102 414 BIODEGRADABLE 0
154 346 279 346 279 414 154 414 BIODEGRADABLE 0
244 291 328 291 328 392 244 392 BIODEGRADABLE 0
264 359 415 359 415 415 264 415 BIODEGRADABLE 0
316 299 415 299 415 379 316 379 BIODEGRADABLE 0
346 291 354 291 354 302 346 302 BIODEGRADABLE 0
355 262 403 262 403 308 355 308 BIODEGRADABLE 0
316 231 366 231 366 293 316 293 BIODEGRADABLE 0
282 246 344 246 344 306 282 306 BIODEGRADABLE 0
212.99999999999997 258 307 258 307 300 212.99999999999997 300 BIODEGRADABLE 0
247 226.99999999999997 283 226.99999999999997 283 267 247 267 BIODEGRADABLE 0
177 223 251 223 251 278 177 278 BIODEGRADABLE 0
144 245 177 245 177 271 144 271 BIODEGRADABLE 0
88 251 141 251 141 279 88 279 BIODEGRADABLE 0
2 247 104 247 104 304 2 304 BIODEGRADABLE 0
2 207 27.000000000000004 207 27.000000000000004 260 2 260 BIODEGRADABLE 0
29 207 121.00000000000001 207 121.00000000000001 260 29 260 BIODEGRADABLE 0
119 192 180 192 180 260 119 260 BIODEGRADABLE 0
165 141 226.99999999999997 141 226.99999999999997 225 165 225 BIODEGRADABLE 0
158 177 182 177 182 203 158 203 BIODEGRADABLE 0
122 136 164 136 164 196 122 196 BIODEGRADABLE 0
405 270 415 270 415 302 405 302 BIODEGRADABLE 0
370 222 415 222 415 281 370 281 BIODEGRADABLE 0
291 152 369 152 369 252.99999999999997 291 252.99999999999997 BIODEGRADABLE 0
343 165 397 165 397 269 343 269 BIODEGRADABLE 0
265 170 343 170 343 267 265 267 BIODEGRADABLE 0
194 51 294 51 294 209 194 209 BIODEGRADABLE 0
80 88 124 88 124 194 80 194 BIODEGRADABLE 0
2 134 91 134 91 209 2 209 BIODEGRADABLE 0
2 88 32 88 32 167 2 167 BIODEGRADABLE 0
125 90 208 90 208 150 125 150 BIODEGRADABLE 0
404 205 416 205 416 238 404 238 BIODEGRADABLE 0
383 156 415 156 415 221 383 221 BIODEGRADABLE 0
346 91 406 91 406 181 346 181 BIODEGRADABLE 0
399 116 415 116 415 161 399 161 BIODEGRADABLE 0
307 97 354 97 354 167 307 167 BIODEGRADABLE 0
305 64 352 64 352 108.00000000000001 305 108.00000000000001 BIODEGRADABLE 0
262 80 315 80 315 152 262 152 BIODEGRADABLE 0
263 24 343 24 343 79 263 79 BIODEGRADABLE 0
157 46 260 46 260 101 157 101 BIODEGRADABLE 0
27.000000000000004 18 168 18 168 139 27.000000000000004 139 BIODEGRADABLE 0