355 170 415 170 415 317 355 317 BIODEGRADABLE 0
370 156 415 156 415 269 370 269 BIODEGRADABLE 0
325 161 357 161 357 285 325 285 BIODEGRADABLE 0
370 64 390 64 390 122 370 122 BIODEGRADABLE 0
380 29.999999999999996 392 29.999999999999996 392 67 380 67 BIODEGRADABLE 0
395 40 415 40 415 58 395 58 BIODEGRADABLE 0
382 55 415 55 415 101 382 101 BIODEGRADABLE 0
349 3 381 3 381 72 349 72 BIODEGRADABLE 0
348 51 370 51 370 133 348 133 BIODEGRADABLE 0
244 3 274 3 274 51 244 51 BIODEGRADABLE 0
271 2 291 2 291 28 271 28 BIODEGRADABLE 0
231 2 261 2 261 44 231 44 BIODEGRADABLE 0
213.99999999999997 2 241.00000000000003 2 241.00000000000003 39 213.99999999999997 39 BIODEGRADABLE 0
193 3 212.99999999999997 3 212.99999999999997 53 193 53 BIODEGRADABLE 0
183 14 193 14 193 37 183 37 BIODEGRADABLE 0
175 2 190 2 190 16 175 16 BIODEGRADABLE 0
142 2 169 2 169 16 142 16 BIODEGRADABLE 0
268 2 358 2 358 138 268 138 BIODEGRADABLE 0
257 118 331 118 331 157 257 157 BIODEGRADABLE 0
238.99999999999997 87 265 87 265 124 238.99999999999997 124 BIODEGRADABLE 0
224 65 250 65 250 99 224 99 BIODEGRADABLE 0
300 173 312 173 312 191 300 191 BIODEGRADABLE 0
281 297 367 297 367 405 281 405 BIODEGRADABLE 0
299 320 391 320 391 416 299 416 BIODEGRADABLE 0
381 318 415 318 415 382 381 382 BIODEGRADABLE 0
398 384 415 384 415 415 398 415 BIODEGRADABLE 0
374 379 401 379 401 415 374 415 BIODEGRADABLE 0
285 163 294 163 294 175 285 175 BIODEGRADABLE 0
295 163 303 163 303 175 295 175 BIODEGRADABLE 0
288 175 297 175 297 184 288 184 BIODEGRADABLE 0
287 182 295 182 295 200 287 200 BIODEGRADABLE 0
295 191 303 191 303 200 295 200 BIODEGRADABLE 0
295 200 301 200 301 212 295 212 BIODEGRADABLE 0
303 193 309 193 309 207 303 207 BIODEGRADABLE 0
307 189 315 189 315 198 307 198 BIODEGRADABLE 0
273 166 282 166 282 175 273 175 BIODEGRADABLE 0
268 177 282 177 282 189 268 189 BIODEGRADABLE 0
265 191 274 191 274 198 265 198 BIODEGRADABLE 0
212 352 232 352 232 394 212 394 BIODEGRADABLE 0
269 274 283 274 283 290 269 290 BIODEGRADABLE 0
281 287 289 287 289 301 281 301 BIODEGRADABLE 0
205 377 217 377 217 405 205 405 BIODEGRADABLE 0
223 386 249 386 249 402 223 402 BIODEGRADABLE 0
161 184 219 184 219 276 161 276 BIODEGRADABLE 0
208 271 271 271 271 345 208 345 BIODEGRADABLE 0
209 213.99999999999997 277 213.99999999999997 277 280 209 280 BIODEGRADABLE 0
155 343 183 343 183 363 155 363 BIODEGRADABLE 0
153 292 164 292 164 340 153 340 BIODEGRADABLE 0
159 276 207 276 207 306 159 306 BIODEGRADABLE 0
183 147 193 147 193 170 183 170 BIODEGRADABLE 0
193 159 205 159 205 177 193 177 BIODEGRADABLE 0
197 173 212.99999999999997 173 212.99999999999997 196 197 196 BIODEGRADABLE 0
211 150 231 150 231 182 211 182 BIODEGRADABLE 0
166 134 181 134 181 168 166 168 BIODEGRADABLE 0
167 110 231 110 231 198 167 198 BIODEGRADABLE 0
139 53 168 53 168 138 139 138 BIODEGRADABLE 0
119.99999999999999 53 150 53 150 119 119.99999999999999 119 BIODEGRADABLE 0
93 48 121.00000000000001 48 121.00000000000001 108.00000000000001 93 108.00000000000001 BIODEGRADABLE 0
53 297 93 297 93 357 53 357 BIODEGRADABLE 0
1 332 27.000000000000004 332 27.000000000000004 402 1 402 BIODEGRADABLE 0
24 278 56 278 56 326 24 326 BIODEGRADABLE 0
71 83 86 83 86 141 71 141 BIODEGRADABLE 0
71 2 86 2 86 62 71 62 BIODEGRADABLE 0
9 2 21 2 21 55 9 55 BIODEGRADABLE 0
14.999999999999998 81 26 81 26 129 14.999999999999998 129 BIODEGRADABLE 0
1 144 33 144 33 230 1 230 BIODEGRADABLE 0
1 225.99999999999997 20 225.99999999999997 20 272 1 272 BIODEGRADABLE 0
82 377 136 377 136 400 82 400 BIODEGRADABLE 0
144 375 174 375 174 389 144 389 BIODEGRADABLE 0
167 372 195 372 195 398 167 398 BIODEGRADABLE 0
145 389 154 389 154 403 145 403 BIODEGRADABLE 0
148 394 166 394 166 414 148 414 BIODEGRADABLE 0
166 398 174 398 174 407 166 407 BIODEGRADABLE 0
142 404 163 404 163 415 142 415 BIODEGRADABLE 0
182 342 204 342 204 370 182 370 BIODEGRADABLE 0
172 366 193 366 193 382 172 382 BIODEGRADABLE 0
144 363 168 363 168 375 144 375 BIODEGRADABLE 0
147 340 156 340 156 363 147 363 BIODEGRADABLE 0
33 152 96 152 96 292 33 292 BIODEGRADABLE 0