71 138 164 138 164 191 71 191 BIODEGRADABLE 0
121.00000000000001 64 187 64 187 112 121.00000000000001 112 BIODEGRADABLE 0
73 6 157 6 157 68 73 68 BIODEGRADABLE 0
66 198 136 198 136 248 66 248 BIODEGRADABLE 0
170 219 216.00000000000003 219 216.00000000000003 254.00000000000003 170 254.00000000000003 BIODEGRADABLE 0
164 162 255.00000000000003 162 255.00000000000003 221 164 221 BIODEGRADABLE 0
207 226.99999999999997 271 226.99999999999997 271 271 207 271 BIODEGRADABLE 0
157 266 241.00000000000003 266 241.00000000000003 324 157 324 BIODEGRADABLE 0
105 225.99999999999997 191 225.99999999999997 191 286 105 286 BIODEGRADABLE 0
251.99999999999997 150 415 150 415 323 251.99999999999997 323 BIODEGRADABLE 0
184 5 415 5 415 183 184 183 BIODEGRADABLE 0