403 3 415 3 415 39 403 39 BIODEGRADABLE 0
401 39 410 39 410 62.99999999999999 401 62.99999999999999 BIODEGRADABLE 0
411 36 415 36 415 78 411 78 BIODEGRADABLE 0
400 62.99999999999999 415 62.99999999999999 415 108.00000000000001 400 108.00000000000001 BIODEGRADABLE 0
409 111 415 111 415 125.99999999999999 409 125.99999999999999 BIODEGRADABLE 0
387 59.99999999999999 405 59.99999999999999 405 96 387 96 BIODEGRADABLE 0
384 42 400 42 400 57.00000000000001 384 57.00000000000001 BIODEGRADABLE 0
384 3 404 3 404 45 384 45 BIODEGRADABLE 0
369 3 384 3 384 51 369 51 BIODEGRADABLE 0
362 36 384 36 384 90 362 90 BIODEGRADABLE 0
355 3 367 3 367 48 355 48 BIODEGRADABLE 0
399 125.99999999999999 415 125.99999999999999 415 165 399 165 BIODEGRADABLE 0
380 99 398 99 398 147 380 147 BIODEGRADABLE 0
393 99 407 99 407 117 393 117 BIODEGRADABLE 0
371 125.99999999999999 388 125.99999999999999 388 180 371 180 BIODEGRADABLE 0
386 150 408 150 408 210 386 210 BIODEGRADABLE 0
406 168 415 168 415 192 406 192 BIODEGRADABLE 0
392 192 414 192 414 228.00000000000003 392 228.00000000000003 BIODEGRADABLE 0
403 219 415 219 415 258 403 258 BIODEGRADABLE 0
403 246 415 246 415 282 403 282 BIODEGRADABLE 0
408 285 415 285 415 324 408 324 BIODEGRADABLE 0
343 3 357 3 357 14.999999999999998 343 14.999999999999998 BIODEGRADABLE 0
328 3 350 3 350 51 328 51 BIODEGRADABLE 0
344 24 362 24 362 78 344 78 BIODEGRADABLE 0
345 75 367 75 367 125.99999999999999 345 125.99999999999999 BIODEGRADABLE 0
366 93 378 93 378 123 366 123 BIODEGRADABLE 0
374 81 388 81 388 105 374 105 BIODEGRADABLE 0
360 117 372 117 372 147 360 147 BIODEGRADABLE 0
364 150 384 150 384 207 364 207 BIODEGRADABLE 0
376 195 391 195 391 219 376 219 BIODEGRADABLE 0
387 222 404 222 404 276 387 276 BIODEGRADABLE 0
396 270 408 270 408 294 396 294 BIODEGRADABLE 0
395 291 407 291 407 321 395 321 BIODEGRADABLE 0
313 3 328 3 328 18 313 18 BIODEGRADABLE 0
309 6 329 6 329 57.00000000000001 309 57.00000000000001 BIODEGRADABLE 0
308 54.00000000000001 328 54.00000000000001 328 108.00000000000001 308 108.00000000000001 BIODEGRADABLE 0
326 75 346 75 346 119.99999999999999 326 119.99999999999999 BIODEGRADABLE 0
328 51 344 51 344 81 328 81 BIODEGRADABLE 0
338 111 358 111 358 144 338 144 BIODEGRADABLE 0
341 141 366 141 366 180 341 180 BIODEGRADABLE 0
347 159 367 159 367 195 347 195 BIODEGRADABLE 0
352 195 370 195 370 234 352 234 BIODEGRADABLE 0
366 212.99999999999997 388 212.99999999999997 388 267 366 267 BIODEGRADABLE 0
377 261 393 261 393 294 377 294 BIODEGRADABLE 0
378 288 393 288 393 315 378 315 BIODEGRADABLE 0
374 300 390 300 390 324 374 324 BIODEGRADABLE 0
368 294 376 294 376 315 368 315 BIODEGRADABLE 0
348 288 368 288 368 327 348 327 BIODEGRADABLE 0
362 279 377 279 377 306 362 306 BIODEGRADABLE 0
361 261 377 261 377 282 361 282 BIODEGRADABLE 0
351 234 366 234 366 270 351 270 BIODEGRADABLE 0
332 201 352 201 352 255.00000000000003 332 255.00000000000003 BIODEGRADABLE 0
342 186 359 186 359 210 342 210 BIODEGRADABLE 0
320 186 340 186 340 212.99999999999997 320 212.99999999999997 BIODEGRADABLE 0
319 132 339 132 339 195 319 195 BIODEGRADABLE 0
298 114.00000000000001 320 114.00000000000001 320 174 298 174 BIODEGRADABLE 0
312 102 332 102 332 135 312 135 BIODEGRADABLE 0
304 93 313 93 313 114.00000000000001 304 114.00000000000001 BIODEGRADABLE 0
297 66 309 66 309 108.00000000000001 297 108.00000000000001 BIODEGRADABLE 0
281 36 303 36 303 96 281 96 BIODEGRADABLE 0
270 3 290 3 290 54.00000000000001 270 54.00000000000001 BIODEGRADABLE 0
284 3 298 3 298 21 284 21 BIODEGRADABLE 0
264 48 281 48 281 102 264 102 BIODEGRADABLE 0
262 3 272 3 272 14.999999999999998 262 14.999999999999998 BIODEGRADABLE 0
254.00000000000003 6 270 6 270 57.00000000000001 254.00000000000003 57.00000000000001 BIODEGRADABLE 0
242.00000000000003 3 258 3 258 14.999999999999998 242.00000000000003 14.999999999999998 BIODEGRADABLE 0
275 90 299 90 299 147 275 147 BIODEGRADABLE 0
278 144 298 144 298 189 278 189 BIODEGRADABLE 0
299 171 319 171 319 207 299 207 BIODEGRADABLE 0
302 201 322 201 322 239.99999999999997 302 239.99999999999997 BIODEGRADABLE 0
322 212.99999999999997 332 212.99999999999997 332 225 322 225 BIODEGRADABLE 0
320 231 340 231 340 282 320 282 BIODEGRADABLE 0
338 251.99999999999997 345 251.99999999999997 345 279 338 279 BIODEGRADABLE 0
327 279 342 279 342 303 327 303 BIODEGRADABLE 0
339 294 351 294 351 312 339 312 BIODEGRADABLE 0
319 288 331 288 331 309 319 309 BIODEGRADABLE 0
311 285 323 285 323 300 311 300 BIODEGRADABLE 0
306 267 323 267 323 285 306 285 BIODEGRADABLE 0
303 237 320 237 320 267 303 267 BIODEGRADABLE 0
297 239.99999999999997 313 239.99999999999997 313 273 297 273 BIODEGRADABLE 0
292 255.00000000000003 306 255.00000000000003 306 282 292 282 BIODEGRADABLE 0
273 267 290 267 290 288 273 288 BIODEGRADABLE 0
273 234 293 234 293 273 273 273 BIODEGRADABLE 0
282 189 302 189 302 249 282 249 BIODEGRADABLE 0
273 177 288 177 288 216.00000000000003 273 216.00000000000003 BIODEGRADABLE 0
266 153 280 153 280 180 266 180 BIODEGRADABLE 0
264 105 279 105 279 150 264 150 BIODEGRADABLE 0
257 90 269 90 269 114.00000000000001 257 114.00000000000001 BIODEGRADABLE 0
248 45 264 45 264 99 248 99 BIODEGRADABLE 0
235 9 252.99999999999997 9 252.99999999999997 54.00000000000001 235 54.00000000000001 BIODEGRADABLE 0
225 3 242.00000000000003 3 242.00000000000003 21 225 21 BIODEGRADABLE 0
223 18 238.99999999999997 18 238.99999999999997 62.99999999999999 223 62.99999999999999 BIODEGRADABLE 0
231 54.00000000000001 249 54.00000000000001 249 111 231 111 BIODEGRADABLE 0
238.99999999999997 99 265 99 265 147 238.99999999999997 147 BIODEGRADABLE 0
250 144 265 144 265 165 250 165 BIODEGRADABLE 0
250 171 272 171 272 231 250 231 BIODEGRADABLE 0
269 186 281 186 281 231 269 231 BIODEGRADABLE 0
251 222 269 222 269 255.00000000000003 251 255.00000000000003 BIODEGRADABLE 0
256 249 268 249 268 270 256 270 BIODEGRADABLE 0
238.99999999999997 171 257 171 257 210 238.99999999999997 210 BIODEGRADABLE 0
233 135 252.99999999999997 135 252.99999999999997 189 233 189 BIODEGRADABLE 0
218 153 235 153 235 198 218 198 BIODEGRADABLE 0
219 108.00000000000001 238.99999999999997 108.00000000000001 238.99999999999997 150 219 150 BIODEGRADABLE 0
212.99999999999997 117 225 117 225 156 212.99999999999997 156 BIODEGRADABLE 0
195 114.00000000000001 212 114.00000000000001 212 144 195 144 BIODEGRADABLE 0
177 114.00000000000001 195 114.00000000000001 195 150 177 150 BIODEGRADABLE 0
180 75 197 75 197 119.99999999999999 180 119.99999999999999 BIODEGRADABLE 0
195 62.99999999999999 212 62.99999999999999 212 117 195 117 BIODEGRADABLE 0
211 66 231 66 231 114.00000000000001 211 114.00000000000001 BIODEGRADABLE 0
163 72 179 72 179 119.99999999999999 163 119.99999999999999 BIODEGRADABLE 0
153 29.999999999999996 168 29.999999999999996 168 78 153 78 BIODEGRADABLE 0
169 27.000000000000004 186 27.000000000000004 186 81 169 81 BIODEGRADABLE 0
186 29.999999999999996 206 29.999999999999996 206 81 186 81 BIODEGRADABLE 0
204 21 224 21 224 69 204 69 BIODEGRADABLE 0
210 3 226.99999999999997 3 226.99999999999997 24 210 24 BIODEGRADABLE 0
193 3 210 3 210 33 193 33 BIODEGRADABLE 0
176 3 193 3 193 36 176 36 BIODEGRADABLE 0
156 3 178 3 178 29.999999999999996 156 29.999999999999996 BIODEGRADABLE 0
145 3 157 3 157 33 145 33 BIODEGRADABLE 0
295 282 313 282 313 315 295 315 BIODEGRADABLE 0
279 291 293 291 293 330 279 330 BIODEGRADABLE 0
257 299 269 299 269 329 257 329 BIODEGRADABLE 0
268 285 280 285 280 309 268 309 BIODEGRADABLE 0
256 270 274 270 274 297 256 297 BIODEGRADABLE 0
246 291 263 291 263 321 246 321 BIODEGRADABLE 0
234 288 246 288 246 318 234 318 BIODEGRADABLE 0
241.00000000000003 264 256 264 256 291 241.00000000000003 291 BIODEGRADABLE 0
235 261 247 261 247 276 235 276 BIODEGRADABLE 0
230 201 250 201 250 231 230 231 BIODEGRADABLE 0
219 212.99999999999997 237 212.99999999999997 237 251.99999999999997 219 251.99999999999997 BIODEGRADABLE 0
237 231 252.99999999999997 231 252.99999999999997 258 237 258 BIODEGRADABLE 0
222 270 236 270 236 300 222 300 BIODEGRADABLE 0
218 251.99999999999997 232 251.99999999999997 232 282 218 282 BIODEGRADABLE 0
208 264 222 264 222 297 208 297 BIODEGRADABLE 0
219 300 226.99999999999997 300 226.99999999999997 306 219 306 BIODEGRADABLE 0
201 246 209 246 209 267 201 267 BIODEGRADABLE 0
207 231 219 231 219 258 207 258 BIODEGRADABLE 0
197 204 213.99999999999997 204 213.99999999999997 239.99999999999997 197 239.99999999999997 BIODEGRADABLE 0
205 174 217 174 217 210 205 210 BIODEGRADABLE 0
196 138 216.00000000000003 138 216.00000000000003 183 196 183 BIODEGRADABLE 0
185 138 199 138 199 177 185 177 BIODEGRADABLE 0
188 180 202 180 202 207 188 207 BIODEGRADABLE 0
190 210 198 210 198 225 190 225 BIODEGRADABLE 0
189 212.99999999999997 199 212.99999999999997 199 251.99999999999997 189 251.99999999999997 BIODEGRADABLE 0
178 216.00000000000003 190 216.00000000000003 190 237 178 237 BIODEGRADABLE 0
179 237 189 237 189 264 179 264 BIODEGRADABLE 0
167 201 176 201 176 219 167 219 BIODEGRADABLE 0
176 183 188 183 188 219 176 219 BIODEGRADABLE 0
162 162 177 162 177 198 162 198 BIODEGRADABLE 0
149 183 164 183 164 219 149 219 BIODEGRADABLE 0
163 222 172 222 172 234 163 234 BIODEGRADABLE 0
172 153 186 153 186 177 172 177 BIODEGRADABLE 0
165 123 180 123 180 153 165 153 BIODEGRADABLE 0
154 119.99999999999999 164 119.99999999999999 164 153 154 153 BIODEGRADABLE 0
148 147 160 147 160 180 148 180 BIODEGRADABLE 0
134 141 148 141 148 177 134 177 BIODEGRADABLE 0
137 117 151 117 151 153 137 153 BIODEGRADABLE 0
121.00000000000001 138 133 138 133 171 121.00000000000001 171 BIODEGRADABLE 0
104 114.00000000000001 118 114.00000000000001 118 156 104 156 BIODEGRADABLE 0
118 114.00000000000001 133 114.00000000000001 133 138 118 138 BIODEGRADABLE 0
154 84 164 84 164 117 154 117 BIODEGRADABLE 0
144 72 156 72 156 117 144 117 BIODEGRADABLE 0
125 75 143 75 143 114.00000000000001 125 114.00000000000001 BIODEGRADABLE 0
114.00000000000001 72 125.99999999999999 72 125.99999999999999 111 114.00000000000001 111 BIODEGRADABLE 0
103 78 112 78 112 111 103 111 BIODEGRADABLE 0
90 78 104 78 104 105 90 105 BIODEGRADABLE 0
147 39 154 39 154 78 147 78 BIODEGRADABLE 0
134 48 144 48 144 84 134 84 BIODEGRADABLE 0
118 48 132 48 132 81 118 81 BIODEGRADABLE 0
105 42 117 42 117 84 105 84 BIODEGRADABLE 0
94 42 106 42 106 78 94 78 BIODEGRADABLE 0
85 45 95 45 95 75 85 75 BIODEGRADABLE 0
79 14.999999999999998 88 14.999999999999998 88 51 79 51 BIODEGRADABLE 0
68 3 80 3 80 18 68 18 BIODEGRADABLE 0
79 3 94 3 94 18 79 18 BIODEGRADABLE 0
90 6 100 6 100 42 90 42 BIODEGRADABLE 0
103 6 115 6 115 39 103 39 BIODEGRADABLE 0
115 21 122 21 122 42 115 42 BIODEGRADABLE 0
122 12 136 12 136 45 122 45 BIODEGRADABLE 0
137 9 147 9 147 45 137 45 BIODEGRADABLE 0
221 308 233 308 233 335 221 335 BIODEGRADABLE 0
210 302 220 302 220 338 210 338 BIODEGRADABLE 0
201 308 212.99999999999997 308 212.99999999999997 329 201 329 BIODEGRADABLE 0
197 276 212 276 212 312 197 312 BIODEGRADABLE 0
185 255.00000000000003 201 255.00000000000003 201 282 185 282 BIODEGRADABLE 0
182 285 198 285 198 324 182 324 BIODEGRADABLE 0
187 317 196 317 196 329 187 329 BIODEGRADABLE 0
195 323 203 323 203 338 195 338 BIODEGRADABLE 0
179 314 186 314 186 332 179 332 BIODEGRADABLE 0
175 291 184 291 184 318 175 318 BIODEGRADABLE 0
185 282 199 282 199 318 185 318 BIODEGRADABLE 0
169 251.99999999999997 183 251.99999999999997 183 291 169 291 BIODEGRADABLE 0
166 225 178 225 178 255.00000000000003 166 255.00000000000003 BIODEGRADABLE 0
153 231 168 231 168 276 153 276 BIODEGRADABLE 0
150 225 162 225 162 237 150 237 BIODEGRADABLE 0
134 189 151 189 151 239.99999999999997 134 239.99999999999997 BIODEGRADABLE 0
130 174 144 174 144 204 130 204 BIODEGRADABLE 0
115 171 129 171 129 212.99999999999997 115 212.99999999999997 BIODEGRADABLE 0
119.99999999999999 204 132 204 132 231 119.99999999999999 231 BIODEGRADABLE 0
123 225 135 225 135 258 123 258 BIODEGRADABLE 0
135 231 150 231 150 264 135 264 BIODEGRADABLE 0
147 251.99999999999997 157 251.99999999999997 157 279 147 279 BIODEGRADABLE 0
152 276 168 276 168 315 152 315 BIODEGRADABLE 0
167 294 179 294 179 327 167 327 BIODEGRADABLE 0
56 3 68 3 68 21 56 21 BIODEGRADABLE 0
44 3 56 3 56 21 44 21 BIODEGRADABLE 0
31 3 43 3 43 29.999999999999996 31 29.999999999999996 BIODEGRADABLE 0
21 3 31 3 31 33 21 33 BIODEGRADABLE 0
12 3 21 3 21 14.999999999999998 12 14.999999999999998 BIODEGRADABLE 0
0 3 9 3 9 24 0 24 BIODEGRADABLE 0
61 21 78 21 78 57.00000000000001 61 57.00000000000001 BIODEGRADABLE 0
72 57.00000000000001 87 57.00000000000001 87 90 72 90 BIODEGRADABLE 0
74 93 91 93 91 129 74 129 BIODEGRADABLE 0
87 105 103 105 103 147 87 147 BIODEGRADABLE 0
92 147 108.00000000000001 147 108.00000000000001 186 92 186 BIODEGRADABLE 0
109 156 121.00000000000001 156 121.00000000000001 180 109 180 BIODEGRADABLE 0
106 183 115 183 115 219 106 219 BIODEGRADABLE 0
111 212.99999999999997 119 212.99999999999997 119 231 111 231 BIODEGRADABLE 0
92 183 108.00000000000001 183 108.00000000000001 210 92 210 BIODEGRADABLE 0
86 144 93 144 93 165 86 165 BIODEGRADABLE 0
71 129 87 129 87 165 71 165 BIODEGRADABLE 0
58 96 74 96 74 135 58 135 BIODEGRADABLE 0
59 57.00000000000001 73 57.00000000000001 73 96 59 96 BIODEGRADABLE 0
50 57.00000000000001 59.99999999999999 57.00000000000001 59.99999999999999 99 50 99 BIODEGRADABLE 0
50 27.000000000000004 62 27.000000000000004 62 62.99999999999999 50 62.99999999999999 BIODEGRADABLE 0
43 36 52 36 52 66 43 66 BIODEGRADABLE 0
38 62.99999999999999 50 62.99999999999999 50 102 38 102 BIODEGRADABLE 0
29.999999999999996 29.999999999999996 42 29.999999999999996 42 62.99999999999999 29.999999999999996 62.99999999999999 BIODEGRADABLE 0
27.000000000000004 66 39 66 39 105 27.000000000000004 105 BIODEGRADABLE 0
18 33 29.999999999999996 33 29.999999999999996 75 18 75 BIODEGRADABLE 0
6 24 20 24 20 54.00000000000001 6 54.00000000000001 BIODEGRADABLE 0
0 27.000000000000004 7 27.000000000000004 7 59.99999999999999 0 59.99999999999999 BIODEGRADABLE 0
7 57.00000000000001 17 57.00000000000001 17 84 7 84 BIODEGRADABLE 0
16 75 28 75 28 114.00000000000001 16 114.00000000000001 BIODEGRADABLE 0
24 105 38 105 38 141 24 141 BIODEGRADABLE 0
0 54.00000000000001 7 54.00000000000001 7 90 0 90 BIODEGRADABLE 0
2 87 16 87 16 123 2 123 BIODEGRADABLE 0
11 117 26 117 26 153 11 153 BIODEGRADABLE 0
24 144 44 144 44 186 24 186 BIODEGRADABLE 0
39 108.00000000000001 57.00000000000001 108.00000000000001 57.00000000000001 138 39 138 BIODEGRADABLE 0
48 132 71 132 71 177 48 177 BIODEGRADABLE 0
39 138 54.00000000000001 138 54.00000000000001 156 39 156 BIODEGRADABLE 0
35 159 55 159 55 207 35 207 BIODEGRADABLE 0
52 168 64 168 64 195 52 195 BIODEGRADABLE 0
12 156 24 156 24 201 12 201 BIODEGRADABLE 0
0 152 11 152 11 192 0 192 BIODEGRADABLE 0
0 125.99999999999999 9 125.99999999999999 9 162 0 162 BIODEGRADABLE 0
62.99999999999999 174 78 174 78 212.99999999999997 62.99999999999999 212.99999999999997 BIODEGRADABLE 0
79 159 94 159 94 192 79 192 BIODEGRADABLE 0
79 192 99 192 99 231 79 231 BIODEGRADABLE 0
62 204 82 204 82 234 62 234 BIODEGRADABLE 0
81 219 98 219 98 249 81 249 BIODEGRADABLE 0
73 234 85 234 85 261 73 261 BIODEGRADABLE 0
78 249 93 249 93 285 78 285 BIODEGRADABLE 0
92 237 109 237 109 279 92 279 BIODEGRADABLE 0
105 225 114.00000000000001 225 114.00000000000001 243 105 243 BIODEGRADABLE 0
109 234 121.00000000000001 234 121.00000000000001 273 109 273 BIODEGRADABLE 0
156 314 170 314 170 335 156 335 BIODEGRADABLE 0
143 323 153 323 153 338 143 338 BIODEGRADABLE 0
143 302 155 302 155 329 143 329 BIODEGRADABLE 0
139 279 151 279 151 312 139 312 BIODEGRADABLE 0
136 267 153 267 153 291 136 291 BIODEGRADABLE 0
123 264 137 264 137 294 123 294 BIODEGRADABLE 0
132 299 141 299 141 326 132 326 BIODEGRADABLE 0
119 294 134 294 134 315 119 315 BIODEGRADABLE 0
108.00000000000001 276 125 276 125 306 108.00000000000001 306 BIODEGRADABLE 0
92 282 106.99999999999999 282 106.99999999999999 315 92 315 BIODEGRADABLE 0
71 285 91 285 91 327 71 327 BIODEGRADABLE 0
55 299 72 299 72 332 55 332 BIODEGRADABLE 0
59 273 74 273 74 303 59 303 BIODEGRADABLE 0
70 261 80 261 80 285 70 285 BIODEGRADABLE 0
62.99999999999999 231 75 231 75 267 62.99999999999999 267 BIODEGRADABLE 0
49 237 69 237 69 279 49 279 BIODEGRADABLE 0
46 305 58 305 58 320 46 320 BIODEGRADABLE 0
39 314 46 314 46 323 39 323 BIODEGRADABLE 0
36 303 46 303 46 315 36 315 BIODEGRADABLE 0
35 285 45 285 45 309 35 309 BIODEGRADABLE 0
44 276 59.99999999999999 276 59.99999999999999 309 44 309 BIODEGRADABLE 0
29 270 41 270 41 297 29 297 BIODEGRADABLE 0
24 297 33 297 33 318 24 318 BIODEGRADABLE 0
13 279 29 279 29 315 13 315 BIODEGRADABLE 0
4 297 13 297 13 324 4 324 BIODEGRADABLE 0
0 305 6 305 6 326 0 326 BIODEGRADABLE 0
0 287 11 287 11 312 0 312 BIODEGRADABLE 0
1 270 21 270 21 300 1 300 BIODEGRADABLE 0
7 239.99999999999997 21 239.99999999999997 21 270 7 270 BIODEGRADABLE 0
16 222 32 222 32 273 16 273 BIODEGRADABLE 0
29.999999999999996 234 48 234 48 267 29.999999999999996 267 BIODEGRADABLE 0
34 201 52 201 52 237 34 237 BIODEGRADABLE 0
49 201 69 201 69 239.99999999999997 49 239.99999999999997 BIODEGRADABLE 0
9 207 23 207 23 239.99999999999997 9 239.99999999999997 BIODEGRADABLE 0
0 221 11 221 11 255.00000000000003 0 255.00000000000003 BIODEGRADABLE 0
0 191 12 191 12 225 0 225 BIODEGRADABLE 0