17 141 128 141 128 305 17 305 BIODEGRADABLE 0
2 159 38 159 38 372 2 372 BIODEGRADABLE 0
2 349 41 349 41 401 2 401 BIODEGRADABLE 0
31 300 106 300 106 414 31 414 BIODEGRADABLE 0
98 245 204 245 204 409 98 409 BIODEGRADABLE 0
92 106.99999999999999 156 106.99999999999999 156 245 92 245 BIODEGRADABLE 0
76 122 108.00000000000001 122 108.00000000000001 156 76 156 BIODEGRADABLE 0
2 62 100 62 100 174 2 174 BIODEGRADABLE 0
265 40 353 40 353 211 265 211 BIODEGRADABLE 0
334 125.99999999999999 415 125.99999999999999 415 308 334 308 BIODEGRADABLE 0
307 260 375 260 375 391 307 391 BIODEGRADABLE 0
188 231 326 231 326 414 188 414 BIODEGRADABLE 0
121.00000000000001 152 345 152 345 258 121.00000000000001 258 BIODEGRADABLE 0
151 193 208 193 208 265 151 265 BIODEGRADABLE 0
311 354 415 354 415 414 311 414 BIODEGRADABLE 0
327 0 391 0 391 146 327 146 BIODEGRADABLE 0
88 0 330 0 330 37 88 37 BIODEGRADABLE 0
87 37 298 37 298 94 87 94 BIODEGRADABLE 0
88 77 282 77 282 149 88 149 BIODEGRADABLE 0