225 2 252.99999999999997 2 252.99999999999997 12 225 12 BIODEGRADABLE 0
251.99999999999997 2 264 2 264 12 251.99999999999997 12 BIODEGRADABLE 0
238.99999999999997 12 257 12 257 20 238.99999999999997 20 BIODEGRADABLE 0
241.00000000000003 17 259 17 259 35 241.00000000000003 35 BIODEGRADABLE 0
259 19 275 19 275 35 259 35 BIODEGRADABLE 0
246 33 282 33 282 68 246 68 BIODEGRADABLE 0
255.00000000000003 68 291 68 291 102 255.00000000000003 102 BIODEGRADABLE 0
232 96 270 96 270 119.99999999999999 232 119.99999999999999 BIODEGRADABLE 0
219 62 257 62 257 96 219 96 BIODEGRADABLE 0
205 33 248 33 248 65 205 65 BIODEGRADABLE 0
216.00000000000003 20 244 20 244 35 216.00000000000003 35 BIODEGRADABLE 0
198 4 223 4 223 26 198 26 BIODEGRADABLE 0
191 14.999999999999998 216.00000000000003 14.999999999999998 216.00000000000003 41 191 41 BIODEGRADABLE 0
175 28 207 28 207 52 175 52 BIODEGRADABLE 0
184 53 218 53 218 80 184 80 BIODEGRADABLE 0
171 64 207 64 207 84 171 84 BIODEGRADABLE 0
151 61 171 61 171 76 151 76 BIODEGRADABLE 0
139 72 164 72 164 88 139 88 BIODEGRADABLE 0
167 79 205 79 205 105 167 105 BIODEGRADABLE 0
180 91 216.00000000000003 91 216.00000000000003 115 180 115 BIODEGRADABLE 0
198 112 220 112 220 130 198 130 BIODEGRADABLE 0
191 121.00000000000001 209 121.00000000000001 209 139 191 139 BIODEGRADABLE 0
176 117 196 117 196 127.00000000000001 176 127.00000000000001 BIODEGRADABLE 0
209 133 234 133 234 153 209 153 BIODEGRADABLE 0
198 141 223 141 223 162 198 162 BIODEGRADABLE 0
198 162 216.00000000000003 162 216.00000000000003 180 198 180 BIODEGRADABLE 0
167 149 205 149 205 176 167 176 BIODEGRADABLE 0
153 125.99999999999999 194 125.99999999999999 194 154 153 154 BIODEGRADABLE 0
143 100 184 100 184 124 143 124 BIODEGRADABLE 0
128 87 148 87 148 111 128 111 BIODEGRADABLE 0
116 100 136 100 136 118 116 118 BIODEGRADABLE 0
103 114.00000000000001 125 114.00000000000001 125 132 103 132 BIODEGRADABLE 0
125 114.00000000000001 159 114.00000000000001 159 132 125 132 BIODEGRADABLE 0
127.00000000000001 129 155 129 155 157 127.00000000000001 157 BIODEGRADABLE 0
135 156 171 156 171 178 135 178 BIODEGRADABLE 0
146 176 196 176 196 206 146 206 BIODEGRADABLE 0
191 180 216.00000000000003 180 216.00000000000003 207 191 207 BIODEGRADABLE 0
155 205 203 205 203 233 155 233 BIODEGRADABLE 0
121.00000000000001 205 155 205 155 229.00000000000003 121.00000000000001 229.00000000000003 BIODEGRADABLE 0
106.99999999999999 181 150 181 150 209 106.99999999999999 209 BIODEGRADABLE 0
82 161 119.99999999999999 161 119.99999999999999 189 82 189 BIODEGRADABLE 0
93 152 134 152 134 176 93 176 BIODEGRADABLE 0
91 133 141 133 141 159 91 159 BIODEGRADABLE 0
89 129 106.99999999999999 129 106.99999999999999 143 89 143 BIODEGRADABLE 0
77 144 93 144 93 159 77 159 BIODEGRADABLE 0
145 229.00000000000003 173 229.00000000000003 173 259 145 259 BIODEGRADABLE 0
155 238.99999999999997 189 238.99999999999997 189 266 155 266 BIODEGRADABLE 0
57.00000000000001 188 109 188 109 220 57.00000000000001 220 BIODEGRADABLE 0
91 212.99999999999997 143 212.99999999999997 143 245 91 245 BIODEGRADABLE 0
161 265 207 265 207 300 161 300 BIODEGRADABLE 0
134 284 191 284 191 324 134 324 BIODEGRADABLE 0
112 259 164 259 164 295 112 295 BIODEGRADABLE 0
127.00000000000001 239.99999999999997 155 239.99999999999997 155 262 127.00000000000001 262 BIODEGRADABLE 0
73 235 127.00000000000001 235 127.00000000000001 267 73 267 BIODEGRADABLE 0
41 217 89 217 89 247 41 247 BIODEGRADABLE 0
29 192 57.00000000000001 192 57.00000000000001 218 29 218 BIODEGRADABLE 0
46 173 68 173 68 199 46 199 BIODEGRADABLE 0
9 217 39 217 39 245 9 245 BIODEGRADABLE 0
21 238.99999999999997 73 238.99999999999997 73 269 21 269 BIODEGRADABLE 0
3 238 21 238 21 266 3 266 BIODEGRADABLE 0
9 264 61 264 61 300 9 300 BIODEGRADABLE 0
59.99999999999999 260 114.00000000000001 260 114.00000000000001 300 59.99999999999999 300 BIODEGRADABLE 0
32 293 82 293 82 327 32 327 BIODEGRADABLE 0
80 292 132 292 132 329 80 329 BIODEGRADABLE 0
105 315 157 315 157 349 105 349 BIODEGRADABLE 0
148 316 207 316 207 357 148 357 BIODEGRADABLE 0
123 351 177 351 177 386 123 386 BIODEGRADABLE 0
100 345 132 345 132 360 100 360 BIODEGRADABLE 0
89 359 121.00000000000001 359 121.00000000000001 386 89 386 BIODEGRADABLE 0
71 328 109 328 109 362 71 362 BIODEGRADABLE 0
14 319 78 319 78 368 14 368 BIODEGRADABLE 0
2 300 34 300 34 335 2 335 BIODEGRADABLE 0
3 332 21 332 21 368 3 368 BIODEGRADABLE 0
2 363 48 363 48 413 2 413 BIODEGRADABLE 0
44 360 98 360 98 406 44 406 BIODEGRADABLE 0
54.00000000000001 392 116 392 116 415 54.00000000000001 415 BIODEGRADABLE 0
7 408 58 408 58 415 7 415 BIODEGRADABLE 0
105 378 148 378 148 412 105 412 BIODEGRADABLE 0
268 333 316 333 316 371 268 371 BIODEGRADABLE 0
268 362 280 362 280 380 268 380 BIODEGRADABLE 0
223 395 261 395 261 409 223 409 BIODEGRADABLE 0
270 371 316 371 316 401 270 401 BIODEGRADABLE 0
307 369 341 369 341 399 307 399 BIODEGRADABLE 0
312 396 335 396 335 415 312 415 BIODEGRADABLE 0
281 404 312 404 312 415 281 415 BIODEGRADABLE 0
339 399 383 399 383 415 339 415 BIODEGRADABLE 0
350 388 375 388 375 403 350 403 BIODEGRADABLE 0
341 362 359 362 359 386 341 386 BIODEGRADABLE 0
335 383 353 383 353 404 335 404 BIODEGRADABLE 0
353 359 389 359 389 383 353 383 BIODEGRADABLE 0
353 335 378 335 378 359 353 359 BIODEGRADABLE 0
355 313 377 313 377 333 355 333 BIODEGRADABLE 0
359 289 393 289 393 310 359 310 BIODEGRADABLE 0
344 295 364 295 364 313 344 313 BIODEGRADABLE 0
348 280 364 280 364 294 348 294 BIODEGRADABLE 0
353 261 385 261 385 282 353 282 BIODEGRADABLE 0
361 245 389 245 389 265 361 265 BIODEGRADABLE 0
375 224 407 224 407 248 375 248 BIODEGRADABLE 0
389 218 414 218 414 238 389 238 BIODEGRADABLE 0
377 197 405 197 405 215.00000000000003 377 215.00000000000003 BIODEGRADABLE 0
400 200 414 200 414 218 400 218 BIODEGRADABLE 0
385 185 405 185 405 197 385 197 BIODEGRADABLE 0
398 178 415 178 415 191 398 191 BIODEGRADABLE 0
382 165 407 165 407 185 382 185 BIODEGRADABLE 0
386 136 415 136 415 165 386 165 BIODEGRADABLE 0
337 91 353 91 353 101 337 101 BIODEGRADABLE 0
335 101 353 101 353 109 335 109 BIODEGRADABLE 0
318 103 334 103 334 112.99999999999999 318 112.99999999999999 BIODEGRADABLE 0
312 95 326 95 326 103 312 103 BIODEGRADABLE 0
302 88 316 88 316 96 302 96 BIODEGRADABLE 0
325 81 339 81 339 99 325 99 BIODEGRADABLE 0
305 62.99999999999999 327 62.99999999999999 327 91 305 91 BIODEGRADABLE 0
201 262 305 262 305 303 201 303 BIODEGRADABLE 0
200 238.99999999999997 307 238.99999999999997 307 285 200 285 BIODEGRADABLE 0
205 226.99999999999997 303 226.99999999999997 303 275 205 275 BIODEGRADABLE 0
266 252.99999999999997 314 252.99999999999997 314 269 266 269 BIODEGRADABLE 0
216.00000000000003 216.00000000000003 316 216.00000000000003 316 262 216.00000000000003 262 BIODEGRADABLE 0
223 193 330 193 330 247 223 247 BIODEGRADABLE 0
221 177 328 177 328 217 221 217 BIODEGRADABLE 0
321 185 364 185 364 215.00000000000003 321 215.00000000000003 BIODEGRADABLE 0
251.99999999999997 147 350 147 350 195 251.99999999999997 195 BIODEGRADABLE 0
230 161 323 161 323 199 230 199 BIODEGRADABLE 0
266 130 362 130 362 186 266 186 BIODEGRADABLE 0
325 149 357 149 357 164 325 164 BIODEGRADABLE 0
269 112 355 112 355 162 269 162 BIODEGRADABLE 0
289 90 359 90 359 144 289 144 BIODEGRADABLE 0
257 307 323 307 323 343 257 343 BIODEGRADABLE 0
216.00000000000003 297 273 297 273 341 216.00000000000003 341 BIODEGRADABLE 0
201 332 238.99999999999997 332 238.99999999999997 348 201 348 BIODEGRADABLE 0
287 290 335 290 335 321 287 321 BIODEGRADABLE 0
312 258 350 258 350 285 312 285 BIODEGRADABLE 0
319 219 362 219 362 259 319 259 BIODEGRADABLE 0
5 1 46 1 46 35 5 35 BIODEGRADABLE 0