327 55 415 55 415 218 327 218 BIODEGRADABLE 0
361 3 415 3 415 55 361 55 BIODEGRADABLE 0
368 228.00000000000003 397 228.00000000000003 397 272 368 272 BIODEGRADABLE 0
395 218 415 218 415 262 395 262 BIODEGRADABLE 0
377 272 415 272 415 329 377 329 BIODEGRADABLE 0
376 252.99999999999997 415 252.99999999999997 415 291 376 291 BIODEGRADABLE 0
364 261 379 261 379 291 364 291 BIODEGRADABLE 0
345 220 368 220 368 288 345 288 BIODEGRADABLE 0
358 288 378 288 378 318 358 318 BIODEGRADABLE 0
331 280 357 280 357 324 331 324 BIODEGRADABLE 0
315 248 341 248 341 300 315 300 BIODEGRADABLE 0
325 218 353 218 353 262 325 262 BIODEGRADABLE 0
312 225.99999999999997 324 225.99999999999997 324 252.99999999999997 312 252.99999999999997 BIODEGRADABLE 0
284 248 296 248 296 300 284 300 BIODEGRADABLE 0
292 281 321 281 321 313 292 313 BIODEGRADABLE 0
295 225.99999999999997 313 225.99999999999997 313 286 295 286 BIODEGRADABLE 0
256 3 380 3 380 202 256 202 BIODEGRADABLE 0
190 169 202 169 202 193 190 193 BIODEGRADABLE 0
169 155 184 155 184 174 169 174 BIODEGRADABLE 0
200 11 229.00000000000003 11 229.00000000000003 77 200 77 BIODEGRADABLE 0
155 29.999999999999996 179 29.999999999999996 179 90 155 90 BIODEGRADABLE 0
212.99999999999997 85 251 85 251 153 212.99999999999997 153 BIODEGRADABLE 0
238 123 267 123 267 183 238 183 BIODEGRADABLE 0
225 194 244 194 244 218 225 218 BIODEGRADABLE 0
257 266 271 266 271 310 257 310 BIODEGRADABLE 0
247 261 262 261 262 297 247 297 BIODEGRADABLE 0
271 256 283 256 283 286 271 286 BIODEGRADABLE 0
263 231 278 231 278 269 263 269 BIODEGRADABLE 0
250 229.00000000000003 266 229.00000000000003 266 267 250 267 BIODEGRADABLE 0
234 228.00000000000003 249 228.00000000000003 249 264 234 264 BIODEGRADABLE 0
228.00000000000003 256 248 256 248 300 228.00000000000003 300 BIODEGRADABLE 0
221 234 233 234 233 264 221 264 BIODEGRADABLE 0
266 367 278 367 278 405 266 405 BIODEGRADABLE 0
278 373 287 373 287 400 278 400 BIODEGRADABLE 0
258 375 268 375 268 405 258 405 BIODEGRADABLE 0
273 408 317 408 317 415 273 415 BIODEGRADABLE 0
248 340 264 340 264 376 248 376 BIODEGRADABLE 0
263 338 282 338 282 370 263 370 BIODEGRADABLE 0
281 349 296 349 296 373 281 373 BIODEGRADABLE 0
296 370 315 370 315 411 296 411 BIODEGRADABLE 0
161 348 173 348 173 397 161 397 BIODEGRADABLE 0
172 362 188 362 188 414 172 414 BIODEGRADABLE 0
181 367 200 367 200 413 181 413 BIODEGRADABLE 0
169 343 177 343 177 384 169 384 BIODEGRADABLE 0
173 332 185 332 185 373 173 373 BIODEGRADABLE 0
186 340 200 340 200 406 186 406 BIODEGRADABLE 0
195 332 207 332 207 354 195 354 BIODEGRADABLE 0
193 351 205 351 205 383 193 383 BIODEGRADABLE 0
199 384 212.99999999999997 384 212.99999999999997 414 199 414 BIODEGRADABLE 0
206 348 224 348 224 386 206 386 BIODEGRADABLE 0
167 269 183 269 183 307 167 307 BIODEGRADABLE 0
183 270 201 270 201 302 183 302 BIODEGRADABLE 0
190 245 206 245 206 272 190 272 BIODEGRADABLE 0
206 262 216.00000000000003 262 216.00000000000003 286 206 286 BIODEGRADABLE 0
172 245 191 245 191 269 172 269 BIODEGRADABLE 0
158 248 176 248 176 270 158 270 BIODEGRADABLE 0
0 3 51 3 51 69 0 69 BIODEGRADABLE 0
51 3 106.99999999999999 3 106.99999999999999 29.999999999999996 51 29.999999999999996 BIODEGRADABLE 0
112.99999999999999 22 156 22 156 155 112.99999999999999 155 BIODEGRADABLE 0
138 204 198 204 198 236 138 236 BIODEGRADABLE 0
136 147 156 147 156 199 136 199 BIODEGRADABLE 0
110 286 124 286 124 310 110 310 BIODEGRADABLE 0
62.99999999999999 346 110 346 110 384 62.99999999999999 384 BIODEGRADABLE 0
124 286 133 286 133 305 124 305 BIODEGRADABLE 0
133 281 143 281 143 305 133 305 BIODEGRADABLE 0
143 283 147 283 147 297 143 297 BIODEGRADABLE 0
104 261 118 261 118 288 104 288 BIODEGRADABLE 0
116 256 128 256 128 286 116 286 BIODEGRADABLE 0
130 259 138 259 138 283 130 283 BIODEGRADABLE 0
138 264 142 264 142 278 138 278 BIODEGRADABLE 0
100 248 112.99999999999999 248 112.99999999999999 275 100 275 BIODEGRADABLE 0
109 239.99999999999997 119 239.99999999999997 119 264 109 264 BIODEGRADABLE 0
119 242.00000000000003 129 242.00000000000003 129 264 119 264 BIODEGRADABLE 0
130 238.99999999999997 139 238.99999999999997 139 261 130 261 BIODEGRADABLE 0
92 223 104 223 104 250 92 250 BIODEGRADABLE 0
106 212.99999999999997 119.99999999999999 212.99999999999997 119.99999999999999 245 106 245 BIODEGRADABLE 0
121.00000000000001 225.99999999999997 129 225.99999999999997 129 245 121.00000000000001 245 BIODEGRADABLE 0
56 275 66 275 66 286 56 286 BIODEGRADABLE 0
67 270 81 270 81 286 67 286 BIODEGRADABLE 0
55 264 64 264 64 272 55 272 BIODEGRADABLE 0
66 245 75 245 75 261 66 261 BIODEGRADABLE 0
394 335 406 335 406 414 394 414 BIODEGRADABLE 0
405 337 413 337 413 411 405 411 BIODEGRADABLE 0
410 337 415 337 415 405 410 405 BIODEGRADABLE 0
388 332 396 332 396 414 388 414 BIODEGRADABLE 0
382 324 390 324 390 398 382 398 BIODEGRADABLE 0
360 380 385 380 385 415 360 415 BIODEGRADABLE 0
363 329 385 329 385 395 363 395 BIODEGRADABLE 0
341 370 361 370 361 415 341 415 BIODEGRADABLE 0
329 348 348 348 348 392 329 392 BIODEGRADABLE 0
347 340 371 340 371 376 347 376 BIODEGRADABLE 0