273 156 406 156 406 236 273 236 BIODEGRADABLE 0
275 217 359 217 359 255.00000000000003 275 255.00000000000003 BIODEGRADABLE 0
163 212.99999999999997 283 212.99999999999997 283 299 163 299 BIODEGRADABLE 0
134 291 232 291 232 355 134 355 BIODEGRADABLE 0
75 213.99999999999997 119.99999999999999 213.99999999999997 119.99999999999999 270 75 270 BIODEGRADABLE 0
91 305 159 305 159 320 91 320 BIODEGRADABLE 0
95 56 135 56 135 180 95 180 BIODEGRADABLE 0
51 153 249 153 249 179 51 179 BIODEGRADABLE 0
174 75 230 75 230 355 174 355 BIODEGRADABLE 0
234 79 284 79 284 309 234 309 BIODEGRADABLE 0
90 76 170 76 170 383 90 383 BIODEGRADABLE 0