3 341 91 341 91 403 3 403 BIODEGRADABLE 0
7 406 79 406 79 415 7 415 BIODEGRADABLE 0
64 373 152 373 152 415 64 415 BIODEGRADABLE 0
9 332 100 332 100 370 9 370 BIODEGRADABLE 0
3 314 21 314 21 342 3 342 BIODEGRADABLE 0
3 251 39 251 39 285 3 285 BIODEGRADABLE 0
2 271 98 271 98 333 2 333 BIODEGRADABLE 0
52 300 143 300 143 350 52 350 BIODEGRADABLE 0
94 312 187 312 187 374 94 374 BIODEGRADABLE 0
148 357 241.00000000000003 357 241.00000000000003 415 148 415 BIODEGRADABLE 0
203 403 278 403 278 415 203 415 BIODEGRADABLE 0
266 392 352 392 352 415 266 415 BIODEGRADABLE 0
352 399 415 399 415 415 352 415 BIODEGRADABLE 0
348 395 389 395 389 412 348 412 BIODEGRADABLE 0
384 350 415 350 415 402 384 402 BIODEGRADABLE 0
289 326 385 326 385 394 289 394 BIODEGRADABLE 0
241.00000000000003 364 295 364 295 400 241.00000000000003 400 BIODEGRADABLE 0
205 305 293 305 293 367 205 367 BIODEGRADABLE 0
182 341 207 341 207 359 182 359 BIODEGRADABLE 0
146 287 210 287 210 340 146 340 BIODEGRADABLE 0
80 239.99999999999997 173 239.99999999999997 173 304 80 304 BIODEGRADABLE 0
12 205 103 205 103 269 12 269 BIODEGRADABLE 0
2 192 16 192 16 234 2 234 BIODEGRADABLE 0
3 193 46 193 46 247 3 247 BIODEGRADABLE 0
21 142 109 142 109 202 21 202 BIODEGRADABLE 0
3 109 28 109 28 168 3 168 BIODEGRADABLE 0
2 163 18 163 18 193 2 193 BIODEGRADABLE 0
10 103 80 103 80 154 10 154 BIODEGRADABLE 0
3 83 21 83 21 115 3 115 BIODEGRADABLE 0
32 68 123 68 123 130 32 130 BIODEGRADABLE 0
77 103 159 103 159 149 77 149 BIODEGRADABLE 0
100 119.99999999999999 200 119.99999999999999 200 184 100 184 BIODEGRADABLE 0
85 176 173 176 173 238 85 238 BIODEGRADABLE 0
166 186 262 186 262 251 166 251 BIODEGRADABLE 0
175 251.99999999999997 266 251.99999999999997 266 308 175 308 BIODEGRADABLE 0
157 231 237 231 237 263 157 263 BIODEGRADABLE 0
238.99999999999997 249 291 249 291 303 238.99999999999997 303 BIODEGRADABLE 0
268 268 359 268 359 327 268 327 BIODEGRADABLE 0
354 295 415 295 415 357 354 357 BIODEGRADABLE 0
350 244 415 244 415 306 350 306 BIODEGRADABLE 0
291 246 369 246 369 279 291 279 BIODEGRADABLE 0
266 205 359 205 359 267 266 267 BIODEGRADABLE 0
236 178 298 178 298 225.99999999999997 236 225.99999999999997 BIODEGRADABLE 0
296 178 350 178 350 208 296 208 BIODEGRADABLE 0
344 178 416 178 416 243 344 243 BIODEGRADABLE 0
379 143 415 143 415 179 379 179 BIODEGRADABLE 0
2 13 66 13 66 83 2 83 BIODEGRADABLE 0
4 1 32 1 32 17 4 17 BIODEGRADABLE 0
28 1 121.00000000000001 1 121.00000000000001 41 28 41 BIODEGRADABLE 0
57.00000000000001 44 139 44 139 98 57.00000000000001 98 BIODEGRADABLE 0
125 38 216.00000000000003 38 216.00000000000003 100 125 100 BIODEGRADABLE 0
110 0 213.99999999999997 0 213.99999999999997 42 110 42 BIODEGRADABLE 0
162 94 255.00000000000003 94 255.00000000000003 139 162 139 BIODEGRADABLE 0
210 42 296 42 296 101 210 101 BIODEGRADABLE 0
196 0 252.99999999999997 0 252.99999999999997 50 196 50 BIODEGRADABLE 0
243 0 341 0 341 59 243 59 BIODEGRADABLE 0
255.00000000000003 76 343 76 343 136 255.00000000000003 136 BIODEGRADABLE 0
252.99999999999997 122 305 122 305 172 252.99999999999997 172 BIODEGRADABLE 0
298 40 373 40 373 100 298 100 BIODEGRADABLE 0
342 100 396 100 396 154 342 154 BIODEGRADABLE 0
293 128 384 128 384 187 293 187 BIODEGRADABLE 0
378 86 416 86 416 145 378 145 BIODEGRADABLE 0
378 20 416 20 416 85 378 85 BIODEGRADABLE 0
364 67 400 67 400 103 364 103 BIODEGRADABLE 0
334 0 415 0 415 46 334 46 BIODEGRADABLE 0
2 0 415 0 415 416 2 416 BIODEGRADABLE 0