123 53 205 53 205 106 123 106 BIODEGRADABLE 0
232 109 330 109 330 150 232 150 BIODEGRADABLE 0
205 150 275 150 275 213.99999999999997 205 213.99999999999997 BIODEGRADABLE 0
289 157 414 157 414 245 289 245 BIODEGRADABLE 0
0 215.00000000000003 125 215.00000000000003 125 286 0 286 BIODEGRADABLE 0
59 121.00000000000001 127.00000000000001 121.00000000000001 127.00000000000001 167 59 167 BIODEGRADABLE 0
96 115 168 115 168 163 96 163 BIODEGRADABLE 0
27.000000000000004 156 105 156 105 197 27.000000000000004 197 BIODEGRADABLE 0
2 114.00000000000001 80 114.00000000000001 80 152 2 152 BIODEGRADABLE 0
29.999999999999996 83 102 83 102 118 29.999999999999996 118 BIODEGRADABLE 0
1 84 39 84 39 132 1 132 BIODEGRADABLE 0
11 222 369 222 369 415 11 415 BIODEGRADABLE 0