316 8 340 8 340 46 316 46 BIODEGRADABLE 0
268 8 318 8 318 46 268 46 BIODEGRADABLE 0
198 7 250 7 250 41 198 41 BIODEGRADABLE 0
225.99999999999997 21 259 21 259 41 225.99999999999997 41 BIODEGRADABLE 0
247 7 265 7 265 29 247 29 BIODEGRADABLE 0
248 28 274 28 274 52 248 52 BIODEGRADABLE 0
220 34 250 34 250 52 220 52 BIODEGRADABLE 0
199 47 243 47 243 79 199 79 BIODEGRADABLE 0
187 38 217 38 217 52 187 52 BIODEGRADABLE 0
160 38 195 38 195 72 160 72 BIODEGRADABLE 0
132 33 165 33 165 58 132 58 BIODEGRADABLE 0
110 27.000000000000004 136 27.000000000000004 136 53 110 53 BIODEGRADABLE 0
129 6 193 6 193 36 129 36 BIODEGRADABLE 0
103 8 127.00000000000001 8 127.00000000000001 26 103 26 BIODEGRADABLE 0
16 8 114.00000000000001 8 114.00000000000001 56 16 56 BIODEGRADABLE 0
53 49 141 49 141 117 53 117 BIODEGRADABLE 0
114.00000000000001 46 140 46 140 68 114.00000000000001 68 BIODEGRADABLE 0
136 58 164 58 164 80 136 80 BIODEGRADABLE 0
140 74 162 74 162 99 140 99 BIODEGRADABLE 0
153 74 210 74 210 122 153 122 BIODEGRADABLE 0
211 74 237 74 237 98 211 98 BIODEGRADABLE 0
180 94 272 94 272 140 180 140 BIODEGRADABLE 0
251.99999999999997 52 276 52 276 71 251.99999999999997 71 BIODEGRADABLE 0
265 49 337 49 337 90 265 90 BIODEGRADABLE 0
287 74 341 74 341 125.99999999999999 287 125.99999999999999 BIODEGRADABLE 0
191 130 241.00000000000003 130 241.00000000000003 171 191 171 BIODEGRADABLE 0
158 146 178 146 178 166 158 166 BIODEGRADABLE 0
112 124 191 124 191 163 112 163 BIODEGRADABLE 0
119 99 156 99 156 132 119 132 BIODEGRADABLE 0
59.99999999999999 144 110 144 110 234 59.99999999999999 234 BIODEGRADABLE 0
66 106 125 106 125 145 66 145 BIODEGRADABLE 0
57.00000000000001 99 73 99 73 115 57.00000000000001 115 BIODEGRADABLE 0
31 54.00000000000001 66 54.00000000000001 66 87 31 87 BIODEGRADABLE 0
18 49 48 49 48 132 18 132 BIODEGRADABLE 0
13 116 33 116 33 148 13 148 BIODEGRADABLE 0
11 146 75 146 75 206 11 206 BIODEGRADABLE 0
16 196 86 196 86 248 16 248 BIODEGRADABLE 0
9 209 20 209 20 229.00000000000003 9 229.00000000000003 BIODEGRADABLE 0
4 231 136 231 136 355 4 355 BIODEGRADABLE 0
44 366 84 366 84 398 44 398 BIODEGRADABLE 0
20 372 46 372 46 393 20 393 BIODEGRADABLE 0
44 356 68 356 68 372 44 372 BIODEGRADABLE 0
101 328 141 328 141 397 101 397 BIODEGRADABLE 0
85 339 105 339 105 366 85 366 BIODEGRADABLE 0
125 333 195 333 195 399 125 399 BIODEGRADABLE 0
134 283 193 283 193 352 134 352 BIODEGRADABLE 0
195 277 346 277 346 399 195 399 BIODEGRADABLE 0
302 300 346 300 346 364 302 364 BIODEGRADABLE 0
261 353 337 353 337 397 261 397 BIODEGRADABLE 0
225.99999999999997 245 259 245 259 271 225.99999999999997 271 BIODEGRADABLE 0
154 284 204 284 204 320 154 320 BIODEGRADABLE 0
190 354 230 354 230 388 190 388 BIODEGRADABLE 0
309 245 349 245 349 279 309 279 BIODEGRADABLE 0
251.99999999999997 115 344 115 344 275 251.99999999999997 275 BIODEGRADABLE 0
228.00000000000003 157 254.00000000000003 157 254.00000000000003 177 228.00000000000003 177 BIODEGRADABLE 0
243 142 276 142 276 167 243 167 BIODEGRADABLE 0
222 124 248 124 248 144 222 144 BIODEGRADABLE 0
200 167 251.99999999999997 167 251.99999999999997 193 200 193 BIODEGRADABLE 0
171 170 206 170 206 200 171 200 BIODEGRADABLE 0
140 162 188 162 188 195 140 195 BIODEGRADABLE 0
85 157 147 157 147 220 85 220 BIODEGRADABLE 0
59 148 101 148 101 213.99999999999997 59 213.99999999999997 BIODEGRADABLE 0
108.00000000000001 148 132 148 132 170 108.00000000000001 170 BIODEGRADABLE 0