270 353 295 353 295 369 270 369 BIODEGRADABLE 0
38 394 65 394 65 410 38 410 BIODEGRADABLE 0
1 324 32 324 32 346 1 346 BIODEGRADABLE 0
1 301 35 301 35 325 1 325 BIODEGRADABLE 0
10 338 40 338 40 348 10 348 BIODEGRADABLE 0
132 391 174 391 174 415 132 415 BIODEGRADABLE 0
8 101 228.00000000000003 101 228.00000000000003 171 8 171 BIODEGRADABLE 0
32 169 161 169 161 207 32 207 BIODEGRADABLE 0
159 167 196 167 196 188 159 188 BIODEGRADABLE 0
201 169 265 169 265 180 201 180 BIODEGRADABLE 0
270 190 290 190 290 208 270 208 BIODEGRADABLE 0
307 201 339 201 339 221 307 221 BIODEGRADABLE 0
335 215.00000000000003 367 215.00000000000003 367 233 335 233 BIODEGRADABLE 0
5 210 97 210 97 257 5 257 BIODEGRADABLE 0
82 221 178 221 178 257 82 257 BIODEGRADABLE 0
146 233 212.99999999999997 233 212.99999999999997 275 146 275 BIODEGRADABLE 0
179 160 206 160 206 196 179 196 METAL 0