277 238 341 238 341 277 277 277 BIODEGRADABLE 0
225.99999999999997 259 296 259 296 309 225.99999999999997 309 BIODEGRADABLE 0
173 261 226.99999999999997 261 226.99999999999997 295 173 295 BIODEGRADABLE 0
87 285 246 285 246 321 87 321 BIODEGRADABLE 0
1 289 82 289 82 321 1 321 BIODEGRADABLE 0
0 309 414 309 414 415 0 415 BIODEGRADABLE 0
332 269 414 269 414 367 332 367 BIODEGRADABLE 0
289 210 351 210 351 246 289 246 BIODEGRADABLE 0
296 187 355 187 355 220 296 220 BIODEGRADABLE 0
330 223 373 223 373 262 330 262 BIODEGRADABLE 0
225 204 289 204 289 250 225 250 BIODEGRADABLE 0
266 201 300 201 300 233 266 233 BIODEGRADABLE 0
175 216.00000000000003 221 216.00000000000003 221 244 175 244 BIODEGRADABLE 0
198 241.00000000000003 238.99999999999997 241.00000000000003 238.99999999999997 267 198 267 BIODEGRADABLE 0
169 243 203 243 203 263 169 263 BIODEGRADABLE 0
198 172 266 172 266 204 198 204 BIODEGRADABLE 0
148 185 212 185 212 223 148 223 BIODEGRADABLE 0
102 202 148 202 148 225.99999999999997 102 225.99999999999997 BIODEGRADABLE 0
109 228.00000000000003 168 228.00000000000003 168 251.99999999999997 109 251.99999999999997 BIODEGRADABLE 0
75 234 137 234 137 270 75 270 BIODEGRADABLE 0
93 266 139 266 139 294 93 294 BIODEGRADABLE 0
136 270 182 270 182 304 136 304 BIODEGRADABLE 0
132 247 170 247 170 268 132 268 BIODEGRADABLE 0
68 219 102 219 102 243 68 243 BIODEGRADABLE 0
23 241.00000000000003 64 241.00000000000003 64 277 23 277 BIODEGRADABLE 0
29.999999999999996 251.99999999999997 96 251.99999999999997 96 297 29.999999999999996 297 BIODEGRADABLE 0
73 184 130 184 130 217 73 217 BIODEGRADABLE 0
116 174 166 174 166 201 116 201 BIODEGRADABLE 0
48 175 102 175 102 213.99999999999997 48 213.99999999999997 BIODEGRADABLE 0
1 190 50 190 50 231 1 231 BIODEGRADABLE 0
1 152 46 152 46 191 1 191 BIODEGRADABLE 0
35 151 89 151 89 185 35 185 BIODEGRADABLE 0
64 125 121.00000000000001 125 121.00000000000001 167 64 167 BIODEGRADABLE 0
89 155 141 155 141 181 89 181 BIODEGRADABLE 0
139 147 198 147 198 186 139 186 BIODEGRADABLE 0
200 155 257 155 257 181 200 181 BIODEGRADABLE 0
237 128 294 128 294 166 237 166 BIODEGRADABLE 0
280 159 342 159 342 195 280 195 BIODEGRADABLE 0
355 139 407 139 407 172 355 172 BIODEGRADABLE 0
314 100 392 100 392 148 314 148 BIODEGRADABLE 0
296 88 353 88 353 127.00000000000001 296 127.00000000000001 BIODEGRADABLE 0
334 151 414 151 414 190 334 190 BIODEGRADABLE 0
1 0 53 0 53 59 1 59 BIODEGRADABLE 0
1 1 12 1 12 20 1 20 BIODEGRADABLE 0
29.999999999999996 5 68 5 68 33 29.999999999999996 33 BIODEGRADABLE 0
32 36 94 36 94 68 32 68 BIODEGRADABLE 0
71 5 103 5 103 35 71 35 BIODEGRADABLE 0
93 14.999999999999998 159 14.999999999999998 159 51 93 51 BIODEGRADABLE 0
87 56 137 56 137 92 87 92 BIODEGRADABLE 0
139 41 177 41 177 75 139 75 BIODEGRADABLE 0
189 40 232 40 232 73 189 73 BIODEGRADABLE 0
212 49 278 49 278 95 212 95 BIODEGRADABLE 0
251.99999999999997 34 330 34 330 68 251.99999999999997 68 BIODEGRADABLE 0
307 61 332 61 332 85 307 85 BIODEGRADABLE 0
225.99999999999997 0 314 0 314 21 225.99999999999997 21 BIODEGRADABLE 0
312 0 366 0 366 21 312 21 BIODEGRADABLE 0
368 0 414 0 414 21 368 21 BIODEGRADABLE 0
221 88 291 88 291 128 221 128 BIODEGRADABLE 0
191 124 243 124 243 156 191 156 BIODEGRADABLE 0
180 106.99999999999999 232 106.99999999999999 232 137 180 137 BIODEGRADABLE 0
125 108.00000000000001 182 108.00000000000001 182 142 125 142 BIODEGRADABLE 0
105 80 171 80 171 125 105 125 BIODEGRADABLE 0
166 74 216.00000000000003 74 216.00000000000003 112.99999999999999 166 112.99999999999999 BIODEGRADABLE 0
53 92 105 92 105 128 53 128 BIODEGRADABLE 0
12 102 69 102 69 136 12 136 BIODEGRADABLE 0
1 95 28 95 28 156 1 156 BIODEGRADABLE 0