276 162 384 162 384 312 276 312 BIODEGRADABLE 0
290 168 315 168 315 184 290 184 BIODEGRADABLE 0
270 149 308 149 308 173 270 173 BIODEGRADABLE 0
287 135 319 135 319 155 287 155 BIODEGRADABLE 0
305 143 339 143 339 171 305 171 BIODEGRADABLE 0
339 136 382 136 382 177 339 177 BIODEGRADABLE 0
118 274 163 274 163 306 118 306 BIODEGRADABLE 0
161 265 188 265 188 303 161 303 BIODEGRADABLE 0
163 250 181 250 181 266 163 266 BIODEGRADABLE 0
149 250 163 250 163 262 149 262 BIODEGRADABLE 0
156 235 176 235 176 250 156 250 BIODEGRADABLE 0
176 228.00000000000003 183 228.00000000000003 183 242.00000000000003 176 242.00000000000003 BIODEGRADABLE 0
163 221 179 221 179 233 163 233 BIODEGRADABLE 0
151 226.99999999999997 163 226.99999999999997 163 242.00000000000003 151 242.00000000000003 BIODEGRADABLE 0
73 242.00000000000003 152 242.00000000000003 152 301 73 301 BIODEGRADABLE 0
52 250 147 250 147 318 52 318 BIODEGRADABLE 0
95 222 127.00000000000001 222 127.00000000000001 262 95 262 BIODEGRADABLE 0
56 220 119.99999999999999 220 119.99999999999999 238 56 238 BIODEGRADABLE 0
112.99999999999999 231 149 231 149 259 112.99999999999999 259 BIODEGRADABLE 0
118 188 170 188 170 234 118 234 BIODEGRADABLE 0
18 171 118 171 118 252.99999999999997 18 252.99999999999997 BIODEGRADABLE 0
79 159 131 159 131 197 79 197 BIODEGRADABLE 0
91 115 159 115 159 180 91 180 BIODEGRADABLE 0
140 171 183 171 183 212 140 212 BIODEGRADABLE 0
154 159 181 159 181 180 154 180 BIODEGRADABLE 0
138 131 174 131 174 165 138 165 BIODEGRADABLE 0
163 123 181 123 181 158 163 158 BIODEGRADABLE 0
32 133 104 133 104 148 32 148 BIODEGRADABLE 0
61 149 95 149 95 159 61 159 BIODEGRADABLE 0
27.000000000000004 132 104 132 104 141 27.000000000000004 141 BIODEGRADABLE 0
57.00000000000001 127.00000000000001 109 127.00000000000001 109 145 57.00000000000001 145 BIODEGRADABLE 0
66 121.00000000000001 111 121.00000000000001 111 139 66 139 BIODEGRADABLE 0
136 320 218 320 218 344 136 344 GLASS 0
242.00000000000003 305 324 305 324 353 242.00000000000003 353 GLASS 0
197 75 310 75 310 135 197 135 GLASS 0
267 47 337 47 337 83 267 83 GLASS 0
136 62.99999999999999 260 62.99999999999999 260 109 136 109 GLASS 0
219 345 319 345 319 372 219 372 METAL 0
310 310 344 310 344 347 310 347 METAL 0
170 79 204 79 204 109 170 109 METAL 0
108.00000000000001 70 138 70 138 96 108.00000000000001 96 METAL 0
177 112 301 112 301 321 177 321 CARDBOARD 0