2 17 28 17 28 88 2 88 BIODEGRADABLE 0
92 21 168 21 168 86 92 86 BIODEGRADABLE 0
2 27.000000000000004 125.99999999999999 27.000000000000004 125.99999999999999 117 2 117 BIODEGRADABLE 0
367 14.999999999999998 415 14.999999999999998 415 103 367 103 BIODEGRADABLE 0
349 80 415 80 415 136 349 136 BIODEGRADABLE 0
374 134 415 134 415 199 374 199 BIODEGRADABLE 0
308 132 377 132 377 186 308 186 BIODEGRADABLE 0
265 143 324 143 324 195 265 195 BIODEGRADABLE 0
220 145 270 145 270 199 220 199 BIODEGRADABLE 0
207 178 245 178 245 247 207 247 BIODEGRADABLE 0
239.99999999999997 220 273 220 273 256 239.99999999999997 256 BIODEGRADABLE 0
237 255.00000000000003 268 255.00000000000003 268 297 237 297 BIODEGRADABLE 0
273 211 313 211 313 247 273 247 BIODEGRADABLE 0
247 174 298 174 298 213.99999999999997 247 213.99999999999997 BIODEGRADABLE 0
306 201 375 201 375 299 306 299 BIODEGRADABLE 0
323 171 387 171 387 209 323 209 BIODEGRADABLE 0
370 197 414 197 414 281 370 281 BIODEGRADABLE 0
147 132 183 132 183 174 147 174 BIODEGRADABLE 0
181 173 207 173 207 207 181 207 BIODEGRADABLE 0
177 201 201 201 201 220 177 220 BIODEGRADABLE 0
198 134 225.99999999999997 134 225.99999999999997 174 198 174 BIODEGRADABLE 0
181 125.99999999999999 204 125.99999999999999 204 168 181 168 BIODEGRADABLE 0
199 92 222 92 222 112.99999999999999 199 112.99999999999999 BIODEGRADABLE 0
202 117 235 117 235 138 202 138 BIODEGRADABLE 0
229.00000000000003 134 251.99999999999997 134 251.99999999999997 153 229.00000000000003 153 BIODEGRADABLE 0
216.00000000000003 83 296 83 296 159 216.00000000000003 159 BIODEGRADABLE 0
257 58 323 58 323 134 257 134 BIODEGRADABLE 0
270 3 367 3 367 103 270 103 BIODEGRADABLE 0
165 7 285 7 285 80 165 80 BIODEGRADABLE 0
2 98 106 98 106 163 2 163 BIODEGRADABLE 0
93 184 155 184 155 282 93 282 BIODEGRADABLE 0
79 178 117 178 117 239.99999999999997 79 239.99999999999997 BIODEGRADABLE 0
25 134 84 134 84 242.00000000000003 25 242.00000000000003 BIODEGRADABLE 0
2 167 32 167 32 301 2 301 BIODEGRADABLE 0
8 236 122 236 122 414 8 414 BIODEGRADABLE 0
1 272 145 272 145 415 1 415 BIODEGRADABLE 0
125 220 226.99999999999997 220 226.99999999999997 350 125 350 BIODEGRADABLE 0
2 42 270 42 270 282 2 282 BIODEGRADABLE 0
212 242.00000000000003 356 242.00000000000003 356 415 212 415 BIODEGRADABLE 0
327 334 402 334 402 415 327 415 BIODEGRADABLE 0
357 276 415 276 415 369 357 369 BIODEGRADABLE 0
110 328 221 328 221 415 110 415 BIODEGRADABLE 0