246 91 342 91 342 165 246 165 BIODEGRADABLE 0
181 130 285 130 285 203 181 203 BIODEGRADABLE 0
118 54.00000000000001 238 54.00000000000001 238 140 118 140 BIODEGRADABLE 0
49 40 277 40 277 118 49 118 BIODEGRADABLE 0
305 150 335 150 335 204 305 204 BIODEGRADABLE 0
242.00000000000003 195 340 195 340 277 242.00000000000003 277 BIODEGRADABLE 0
325 247 377 247 377 318 325 318 BIODEGRADABLE 0
333 232 377 232 377 258 333 258 BIODEGRADABLE 0
197 270 229.00000000000003 270 229.00000000000003 364 197 364 BIODEGRADABLE 0
183 256 320 256 320 356 183 356 BIODEGRADABLE 0
170 169 314 169 314 272 170 272 BIODEGRADABLE 0
98 230 190 230 190 304 98 304 BIODEGRADABLE 0
46 252.99999999999997 116 252.99999999999997 116 307 46 307 BIODEGRADABLE 0
39 251.99999999999997 62.99999999999999 251.99999999999997 62.99999999999999 293 39 293 BIODEGRADABLE 0
39 231 62.99999999999999 231 62.99999999999999 257 39 257 BIODEGRADABLE 0
5 266 37 266 37 312 5 312 BIODEGRADABLE 0
62.99999999999999 197 125.99999999999999 197 125.99999999999999 247 62.99999999999999 247 BIODEGRADABLE 0
100 182 172 182 172 246 100 246 BIODEGRADABLE 0
24 160 66 160 66 202 24 202 BIODEGRADABLE 0
1 105 57.00000000000001 105 57.00000000000001 165 1 165 BIODEGRADABLE 0
48 125 148 125 148 203 48 203 BIODEGRADABLE 0
29.999999999999996 65 122 65 122 136 29.999999999999996 136 BIODEGRADABLE 0
0 147 26 147 26 203 0 203 BIODEGRADABLE 0
0 195 76 195 76 241.00000000000003 0 241.00000000000003 BIODEGRADABLE 0
0 238.99999999999997 39 238.99999999999997 39 265 0 265 BIODEGRADABLE 0
0 251 74 251 74 296 0 296 BIODEGRADABLE 0
62.99999999999999 249 105 249 105 314 62.99999999999999 314 BIODEGRADABLE 0
148 133 183 133 183 181 148 181 BIODEGRADABLE 0
131 299 187 299 187 385 131 385 BIODEGRADABLE 0
83 288 173 288 173 333 83 333 BIODEGRADABLE 0
59 326 129 326 129 383 59 383 BIODEGRADABLE 0
9 291 79 291 79 348 9 348 BIODEGRADABLE 0
0 333 55 333 55 377 0 377 BIODEGRADABLE 0
309 302 344 302 344 335 309 335 BIODEGRADABLE 0
301 266 321 266 321 292 301 292 BIODEGRADABLE 0
0 324 378 324 378 415 0 415 PLASTIC 0
0 2 379 2 379 108.00000000000001 0 108.00000000000001 PLASTIC 0
338 89 380 89 380 243 338 243 PAPER 0
222 41 364 41 364 89 222 89 PAPER 0
144 137 183 137 183 179 144 179 PAPER 0
85 54.00000000000001 133 54.00000000000001 133 65 85 65 PAPER 0