82 258 210 258 210 376 82 376 BIODEGRADABLE 0
204 310 288 310 288 360 204 360 BIODEGRADABLE 0
180 251 238 251 238 305 180 305 BIODEGRADABLE 0
144 175 228.00000000000003 175 228.00000000000003 273 144 273 BIODEGRADABLE 0
111 164 161 164 161 204 111 204 BIODEGRADABLE 0
71 104 185 104 185 196 71 196 BIODEGRADABLE 0
43 163 86 163 86 195 43 195 BIODEGRADABLE 0
29.999999999999996 183 64 183 64 243 29.999999999999996 243 BIODEGRADABLE 0
17 145 47 145 47 179 17 179 BIODEGRADABLE 0
7 89 82 89 82 153 7 153 BIODEGRADABLE 0
24 92 86 92 86 142 24 142 BIODEGRADABLE 0
50 66 110 66 110 112 50 112 BIODEGRADABLE 0
39 41 75 41 75 71 39 71 BIODEGRADABLE 0
43 1 106 1 106 56 43 56 BIODEGRADABLE 0
78 14.999999999999998 142 14.999999999999998 142 69 78 69 BIODEGRADABLE 0
103 66 148 66 148 110 103 110 BIODEGRADABLE 0
133 32 236 32 236 122 133 122 BIODEGRADABLE 0
168 47 262 47 262 117 168 117 BIODEGRADABLE 0
112.99999999999999 1 246 1 246 36 112.99999999999999 36 BIODEGRADABLE 0
184 1 276 1 276 52 184 52 BIODEGRADABLE 0
247 28 337 28 337 89 247 89 BIODEGRADABLE 0
309 57.00000000000001 363 57.00000000000001 363 95 309 95 BIODEGRADABLE 0
262 1 352 1 352 31 262 31 BIODEGRADABLE 0
254.00000000000003 88 382 88 382 156 254.00000000000003 156 BIODEGRADABLE 0
264 147 369 147 369 226.99999999999997 264 226.99999999999997 BIODEGRADABLE 0
212 112.99999999999999 262 112.99999999999999 262 145 212 145 BIODEGRADABLE 0
181 124 221 124 221 153 181 153 BIODEGRADABLE 0
191 145 225 145 225 174 191 174 BIODEGRADABLE 0
200 175 236 175 236 212 200 212 BIODEGRADABLE 0
212.99999999999997 211 251 211 251 252.99999999999997 212.99999999999997 252.99999999999997 BIODEGRADABLE 0
255.00000000000003 257 309 257 309 297 255.00000000000003 297 BIODEGRADABLE 0
228.00000000000003 289 294 289 294 325 228.00000000000003 325 BIODEGRADABLE 0
290 248 335 248 335 285 290 285 BIODEGRADABLE 0
303 223 341 223 341 251.99999999999997 303 251.99999999999997 BIODEGRADABLE 0
249 219 303 219 303 257 249 257 BIODEGRADABLE 0
225 178 270 178 270 220 225 220 BIODEGRADABLE 0
225 140 272 140 272 177 225 177 BIODEGRADABLE 0
133 142 189 142 189 182 133 182 BIODEGRADABLE 0
52 188 157 188 157 280 52 280 BIODEGRADABLE 0