135 2 220 2 220 94 135 94 BIODEGRADABLE 0
100 17 190 17 190 93 100 93 BIODEGRADABLE 0
225.99999999999997 44 300 44 300 122 225.99999999999997 122 BIODEGRADABLE 0
231 20 238.99999999999997 20 238.99999999999997 26 231 26 BIODEGRADABLE 0
222 2 231 2 231 8 222 8 BIODEGRADABLE 0
222 11 228.00000000000003 11 228.00000000000003 19 222 19 BIODEGRADABLE 0
213.99999999999997 8 220 8 220 19 213.99999999999997 19 BIODEGRADABLE 0
251 13 259 13 259 19 251 19 BIODEGRADABLE 0
263 6 272 6 272 17 263 17 BIODEGRADABLE 0
383 4 391 4 391 12 383 12 BIODEGRADABLE 0
376 13 385 13 385 21 376 21 BIODEGRADABLE 0
375 2 379 2 379 8 375 8 BIODEGRADABLE 0
359 6 367 6 367 17 359 17 BIODEGRADABLE 0
359 24 367 24 367 28 359 28 BIODEGRADABLE 0
1 312 158 312 158 415 1 415 BIODEGRADABLE 0
17 239.99999999999997 131 239.99999999999997 131 346 17 346 BIODEGRADABLE 0
2 181 104 181 104 266 2 266 BIODEGRADABLE 0
98 150 152 150 152 190 98 190 BIODEGRADABLE 0
83 190 131 190 131 224 83 224 BIODEGRADABLE 0
69 157 97 157 97 185 69 185 BIODEGRADABLE 0
50 156 82 156 82 191 50 191 BIODEGRADABLE 0
42 143 76 143 76 156 42 156 BIODEGRADABLE 0
81 137 135 137 135 163 81 163 BIODEGRADABLE 0
100 111 142 111 142 133 100 133 BIODEGRADABLE 0
104 65 143 65 143 100 104 100 BIODEGRADABLE 0
157 105 187 105 187 137 157 137 BIODEGRADABLE 0
62.99999999999999 94 111 94 111 128 62.99999999999999 128 BIODEGRADABLE 0
165 172 189 172 189 206 165 206 BIODEGRADABLE 0
154 104 189 104 189 139 154 139 BIODEGRADABLE 0
190 133 220 133 220 148 190 148 BIODEGRADABLE 0
13 68 222 68 222 244 13 244 BIODEGRADABLE 0
163 93 222 93 222 132 163 132 BIODEGRADABLE 0
302 104 376 104 376 184 302 184 BIODEGRADABLE 0
307 79 349 79 349 112.99999999999999 307 112.99999999999999 BIODEGRADABLE 0
346 93 366 93 366 102 346 102 BIODEGRADABLE 0
299 167 331 167 331 189 299 189 BIODEGRADABLE 0
357 78 394 78 394 156 357 156 BIODEGRADABLE 0
285 21 355 21 355 37 285 37 BIODEGRADABLE 0
296 2 390 2 390 76 296 76 BIODEGRADABLE 0
298 2 381 2 381 82 298 82 BIODEGRADABLE 0
341 56 376 56 376 80 341 80 BIODEGRADABLE 0
324 54.00000000000001 356 54.00000000000001 356 84 324 84 BIODEGRADABLE 0
305 52 339 52 339 82 305 82 BIODEGRADABLE 0
303 56 329 56 329 86 303 86 BIODEGRADABLE 0
304 37 376 37 376 67 304 67 BIODEGRADABLE 0
279 176 401 176 401 242.00000000000003 279 242.00000000000003 BIODEGRADABLE 0
281 228.00000000000003 368 228.00000000000003 368 292 281 292 BIODEGRADABLE 0
296 283 359 283 359 346 296 346 BIODEGRADABLE 0
250 294 304 294 304 357 250 357 BIODEGRADABLE 0
233 248 292 248 292 302 233 302 BIODEGRADABLE 0
231 194 287 194 287 244 231 244 BIODEGRADABLE 0
179 157 235 157 235 207 179 207 BIODEGRADABLE 0
218 125.99999999999999 300 125.99999999999999 300 194 218 194 BIODEGRADABLE 0
181 203 238.99999999999997 203 238.99999999999997 259 181 259 BIODEGRADABLE 0
194 291 248 291 248 359 194 359 BIODEGRADABLE 0
161 270 220 270 220 360 161 360 BIODEGRADABLE 0
156 246 241.00000000000003 246 241.00000000000003 336 156 336 BIODEGRADABLE 0
154 248 200 248 200 316 154 316 BIODEGRADABLE 0
131 245 189 245 189 333 131 333 BIODEGRADABLE 0
135 233 181 233 181 307 135 307 BIODEGRADABLE 0
100 208 188 208 188 274 100 274 BIODEGRADABLE 0
78 196 158 196 158 251.99999999999997 78 251.99999999999997 BIODEGRADABLE 0
133 224 179 224 179 285 133 285 BIODEGRADABLE 0
256 371 290 371 290 415 256 415 BIODEGRADABLE 0
315 354 350 354 350 396 315 396 BIODEGRADABLE 0
374 326 414 326 414 354 374 354 BIODEGRADABLE 0