354 2 416 2 416 167 354 167 BIODEGRADABLE 0
230 2 366 2 366 197 230 197 BIODEGRADABLE 0
185 3 309 3 309 71 185 71 BIODEGRADABLE 0
109 14.999999999999998 233 14.999999999999998 233 165 109 165 BIODEGRADABLE 0
88 3 244 3 244 140 88 140 BIODEGRADABLE 0
92 2 124 2 124 73 92 73 BIODEGRADABLE 0
2 2 106 2 106 178 2 178 BIODEGRADABLE 0
62.99999999999999 133 201 133 201 279 62.99999999999999 279 BIODEGRADABLE 0
5 180 93 180 93 317 5 317 BIODEGRADABLE 0
2 178 58 178 58 252.99999999999997 2 252.99999999999997 BIODEGRADABLE 0
87 257 123 257 123 307 87 307 BIODEGRADABLE 0
2 311 24 311 24 409 2 409 BIODEGRADABLE 0
18 298 78 298 78 369 18 369 BIODEGRADABLE 0
37 360 90 360 90 412 37 412 BIODEGRADABLE 0
74 273 159 273 159 380 74 380 BIODEGRADABLE 0
129 268 171 268 171 318 129 318 BIODEGRADABLE 0
167 277 220 277 220 365 167 365 BIODEGRADABLE 0
194 245 395 245 395 376 194 376 BIODEGRADABLE 0
238 223 276 223 276 268 238 268 BIODEGRADABLE 0
231 198 363 198 363 322 231 322 BIODEGRADABLE 0
202 230 230 230 230 264 202 264 BIODEGRADABLE 0
175 155 219 155 219 198 175 198 BIODEGRADABLE 0
178 266 204 266 204 286 178 286 BIODEGRADABLE 0
202 200 228.00000000000003 200 228.00000000000003 243 202 243 BIODEGRADABLE 0
278 163 373 163 373 229.00000000000003 278 229.00000000000003 BIODEGRADABLE 0
356 156 415 156 415 250 356 250 BIODEGRADABLE 0
382 245 415 245 415 314 382 314 BIODEGRADABLE 0