199 146 365 146 365 239.99999999999997 199 239.99999999999997 BIODEGRADABLE 0
215.00000000000003 183 403 183 403 220 215.00000000000003 220 BIODEGRADABLE 0
369 172 407 172 407 208 369 208 BIODEGRADABLE 0
387 152 409 152 409 180 387 180 BIODEGRADABLE 0
143 138 407 138 407 195 143 195 BIODEGRADABLE 0
269 121.00000000000001 403 121.00000000000001 403 155 269 155 BIODEGRADABLE 0
5 92 365 92 365 155 5 155 BIODEGRADABLE 0
229.00000000000003 66 273 66 273 98 229.00000000000003 98 BIODEGRADABLE 0
201 9 313 9 313 95 201 95 BIODEGRADABLE 0
29.999999999999996 31 318 31 318 85 29.999999999999996 85 BIODEGRADABLE 0
96 8 190 8 190 54.00000000000001 96 54.00000000000001 BIODEGRADABLE 0
25 57.00000000000001 204 57.00000000000001 204 106.99999999999999 25 106.99999999999999 BIODEGRADABLE 0
11 102 76 102 76 122 11 122 BIODEGRADABLE 0
195 28 247 28 247 92 195 92 BIODEGRADABLE 0
285 48 327 48 327 78 285 78 BIODEGRADABLE 0
273 71 373 71 373 93 273 93 BIODEGRADABLE 0
269 270 387 270 387 379 269 379 BIODEGRADABLE 0
293 267 371 267 371 341 293 341 BIODEGRADABLE 0
215.00000000000003 262 371 262 371 364 215.00000000000003 364 BIODEGRADABLE 0
302 247 372 247 372 295 302 295 BIODEGRADABLE 0
255.00000000000003 265 297 265 297 347 255.00000000000003 347 BIODEGRADABLE 0
206 292 280 292 280 361 206 361 BIODEGRADABLE 0
248 285 264 285 264 315 248 315 BIODEGRADABLE 0
58 186 257 186 257 300 58 300 BIODEGRADABLE 0
11 221 208 221 208 304 11 304 BIODEGRADABLE 0
164 289 231 289 231 349 164 349 BIODEGRADABLE 0
174 335 225.99999999999997 335 225.99999999999997 383 174 383 BIODEGRADABLE 0
155 361 184 361 184 389 155 389 BIODEGRADABLE 0
146 329 182 329 182 377 146 377 BIODEGRADABLE 0
108.00000000000001 287 166 287 166 355 108.00000000000001 355 BIODEGRADABLE 0
40 303 110 303 110 340 40 340 BIODEGRADABLE 0
62.99999999999999 273 115 273 115 310 62.99999999999999 310 BIODEGRADABLE 0
9 260 87 260 87 297 9 297 BIODEGRADABLE 0
9 197 56 197 56 220 9 220 BIODEGRADABLE 0
9 179 56 179 56 197 9 197 BIODEGRADABLE 0
9 156 62.99999999999999 156 62.99999999999999 186 9 186 BIODEGRADABLE 0
45 140 145 140 145 164 45 164 BIODEGRADABLE 0
132 146 199 146 199 178 132 178 BIODEGRADABLE 0
162 119.99999999999999 206 119.99999999999999 206 150 162 150 BIODEGRADABLE 0
277 230 407 230 407 266 277 266 BIODEGRADABLE 0
356 208 403 208 403 254.00000000000003 356 254.00000000000003 BIODEGRADABLE 0