51 173 131 173 131 337 51 337 BIODEGRADABLE 0
12 97 92 97 92 252.99999999999997 12 252.99999999999997 BIODEGRADABLE 0
39 112 78 112 78 186 39 186 BIODEGRADABLE 0
245 0 315 0 315 188 245 188 BIODEGRADABLE 0
242.00000000000003 87 280 87 280 233 242.00000000000003 233 BIODEGRADABLE 0
258 218 288 218 288 278 258 278 BIODEGRADABLE 0
291 179 339 179 339 273 291 273 BIODEGRADABLE 0
198 263 280 263 280 414 198 414 BIODEGRADABLE 0
184 255.00000000000003 212 255.00000000000003 212 374 184 374 BIODEGRADABLE 0
184 134 239.99999999999997 134 239.99999999999997 263 184 263 BIODEGRADABLE 0
184 42 242.00000000000003 42 242.00000000000003 171 184 171 BIODEGRADABLE 0
301 90 415 90 415 280 301 280 BIODEGRADABLE 0
288 270 381 270 381 382 288 382 BIODEGRADABLE 0
270 305 355 305 355 414 270 414 BIODEGRADABLE 0
378 198 415 198 415 415 378 415 BIODEGRADABLE 0
341 0 415 0 415 45 341 45 BIODEGRADABLE 0
235 0 347 0 347 75 235 75 BIODEGRADABLE 0
216.00000000000003 0 258 0 258 47 216.00000000000003 47 BIODEGRADABLE 0
350 29 415 29 415 91 350 91 BIODEGRADABLE 0