2 362 39 362 39 412 2 412 BIODEGRADABLE 0
10 330 38 330 38 360 10 360 BIODEGRADABLE 0
2 249 32 249 32 335 2 335 BIODEGRADABLE 0
14.999999999999998 234 49 234 49 292 14.999999999999998 292 BIODEGRADABLE 0
2 215.00000000000003 14.999999999999998 215.00000000000003 14.999999999999998 252.99999999999997 2 252.99999999999997 BIODEGRADABLE 0
44 219 73 219 73 252.99999999999997 44 252.99999999999997 BIODEGRADABLE 0
18 198 54.00000000000001 198 54.00000000000001 238 18 238 BIODEGRADABLE 0
2 178 20 178 20 213.99999999999997 2 213.99999999999997 BIODEGRADABLE 0
18 161 48 161 48 197 18 197 BIODEGRADABLE 0
2 140 26 140 26 176 2 176 BIODEGRADABLE 0
2 112 26 112 26 140 2 140 BIODEGRADABLE 0
2 58 52 58 52 119.99999999999999 2 119.99999999999999 BIODEGRADABLE 0
23 22 61 22 61 80 23 80 BIODEGRADABLE 0
2 20 20 20 20 67 2 67 BIODEGRADABLE 0
10 2 62 2 62 19 10 19 BIODEGRADABLE 0
2 256 32 256 32 322 2 322 BIODEGRADABLE 0
381 356 413 356 413 390 381 390 BIODEGRADABLE 0
406 317 415 317 415 361 406 361 BIODEGRADABLE 0
360 322 404 322 404 365 360 365 BIODEGRADABLE 0
365 365 379 365 379 378 365 378 BIODEGRADABLE 0
336 348 384 348 384 395 336 395 BIODEGRADABLE 0
278 386 340 386 340 415 278 415 BIODEGRADABLE 0
254.00000000000003 358 306 358 306 414 254.00000000000003 414 BIODEGRADABLE 0
238 384 262 384 262 412 238 412 BIODEGRADABLE 0
305 352 339 352 339 384 305 384 BIODEGRADABLE 0
278 319 323 319 323 369 278 369 BIODEGRADABLE 0
325 326 357 326 357 350 325 350 BIODEGRADABLE 0
349 296 371 296 371 330 349 330 BIODEGRADABLE 0
366 259 415 259 415 331 366 331 BIODEGRADABLE 0
326 243 366 243 366 301 326 301 BIODEGRADABLE 0
294 264 347 264 347 335 294 335 BIODEGRADABLE 0
368 202 408 202 408 266 368 266 BIODEGRADABLE 0
336 155 388 155 388 225.99999999999997 336 225.99999999999997 BIODEGRADABLE 0
301 197 357 197 357 249 301 249 BIODEGRADABLE 0
275 234 319 234 319 272 275 272 BIODEGRADABLE 0
271 260 299 260 299 307 271 307 BIODEGRADABLE 0
358 144 411 144 411 184 358 184 BIODEGRADABLE 0
344 94 390 94 390 144 344 144 BIODEGRADABLE 0
396 77 415 77 415 128 396 128 BIODEGRADABLE 0
379 27.000000000000004 415 27.000000000000004 415 97 379 97 BIODEGRADABLE 0
326 2 415 2 415 76 326 76 BIODEGRADABLE 0
303 28 381 28 381 125.99999999999999 303 125.99999999999999 BIODEGRADABLE 0
148 65 213.99999999999997 65 213.99999999999997 140 148 140 BIODEGRADABLE 0
175 2 243 2 243 56 175 56 BIODEGRADABLE 0
167 28 209 28 209 90 167 90 BIODEGRADABLE 0
137 21 171 21 171 73 137 73 BIODEGRADABLE 0
108.00000000000001 20 144 20 144 59.99999999999999 108.00000000000001 59.99999999999999 BIODEGRADABLE 0
98 2 119.99999999999999 2 119.99999999999999 32 98 32 BIODEGRADABLE 0
81 4 110 4 110 62 81 62 BIODEGRADABLE 0
129 2 161 2 161 28 129 28 BIODEGRADABLE 0
56 37 93 37 93 95 56 95 BIODEGRADABLE 0
53 80 81 80 81 127.00000000000001 53 127.00000000000001 BIODEGRADABLE 0
105 58 151 58 151 129 105 129 BIODEGRADABLE 0
92 93 108.00000000000001 93 108.00000000000001 110 92 110 BIODEGRADABLE 0
87 99 108.00000000000001 99 108.00000000000001 139 87 139 BIODEGRADABLE 0
106 129 122 129 122 146 106 146 BIODEGRADABLE 0
142 127.00000000000001 196 127.00000000000001 196 189 142 189 BIODEGRADABLE 0
122 125 154 125 154 170 122 170 BIODEGRADABLE 0
81 144 137 144 137 210 81 210 BIODEGRADABLE 0
130 165 148 165 148 193 130 193 BIODEGRADABLE 0
47 174 89 174 89 204 47 204 BIODEGRADABLE 0
21 122 65 122 65 174 21 174 BIODEGRADABLE 0
71 185 109 185 109 230 71 230 BIODEGRADABLE 0
108.00000000000001 208 150 208 150 258 108.00000000000001 258 BIODEGRADABLE 0
145 213.99999999999997 187 213.99999999999997 187 264 145 264 BIODEGRADABLE 0
76 234 105 234 105 264 76 264 BIODEGRADABLE 0
61 292 85 292 85 332 61 332 BIODEGRADABLE 0
36 331 84 331 84 363 36 363 BIODEGRADABLE 0
31 292 61 292 61 326 31 326 BIODEGRADABLE 0
31 256 55 256 55 292 31 292 BIODEGRADABLE 0
43 260 69 260 69 290 43 290 BIODEGRADABLE 0
55 260 91 260 91 296 55 296 BIODEGRADABLE 0
82 285 116 285 116 339 82 339 BIODEGRADABLE 0
44 379 98 379 98 415 44 415 BIODEGRADABLE 0
25 401 57.00000000000001 401 57.00000000000001 415 25 415 BIODEGRADABLE 0
52 352 86 352 86 382 52 382 BIODEGRADABLE 0
29 358 49 358 49 386 29 386 BIODEGRADABLE 0
85 356 101 356 101 386 85 386 BIODEGRADABLE 0
94 390 129 390 129 415 94 415 BIODEGRADABLE 0
130 397 146 397 146 412 130 412 BIODEGRADABLE 0
110 377 132 377 132 397 110 397 BIODEGRADABLE 0
108.00000000000001 352 142 352 142 378 108.00000000000001 378 BIODEGRADABLE 0
145 382 169 382 169 406 145 406 BIODEGRADABLE 0
165 372 193 372 193 410 165 410 BIODEGRADABLE 0
190 367 226.99999999999997 367 226.99999999999997 405 190 405 BIODEGRADABLE 0
199 399 207 399 207 412 199 412 BIODEGRADABLE 0
215.00000000000003 397 228.00000000000003 397 228.00000000000003 407 215.00000000000003 407 BIODEGRADABLE 0
230 380 241.00000000000003 380 241.00000000000003 393 230 393 BIODEGRADABLE 0
241.00000000000003 328 273 328 273 371 241.00000000000003 371 BIODEGRADABLE 0
233 360 252.99999999999997 360 252.99999999999997 388 233 388 BIODEGRADABLE 0
222 328 242.00000000000003 328 242.00000000000003 348 222 348 BIODEGRADABLE 0
201 341 229.00000000000003 341 229.00000000000003 369 201 369 BIODEGRADABLE 0
172 333 201 333 201 367 172 367 BIODEGRADABLE 0
196 320 222 320 222 350 196 350 BIODEGRADABLE 0
166 292 203 292 203 337 166 337 BIODEGRADABLE 0
146 332 174 332 174 382 146 382 BIODEGRADABLE 0
112.99999999999999 314 150 314 150 352 112.99999999999999 352 BIODEGRADABLE 0
114.00000000000001 279 151 279 151 317 114.00000000000001 317 BIODEGRADABLE 0
150 303 161 303 161 333 150 333 BIODEGRADABLE 0
246 2 290 2 290 49 246 49 BIODEGRADABLE 0
293 2 323 2 323 29.999999999999996 293 29.999999999999996 BIODEGRADABLE 0
243 34 293 34 293 90 243 90 BIODEGRADABLE 0
219 80 256 80 256 148 219 148 BIODEGRADABLE 0
221 50 243 50 243 82 221 82 BIODEGRADABLE 0
256 75 302 75 302 119.99999999999999 256 119.99999999999999 BIODEGRADABLE 0
251.99999999999997 103 334 103 334 204 251.99999999999997 204 BIODEGRADABLE 0
312 114.00000000000001 348 114.00000000000001 348 146 312 146 BIODEGRADABLE 0
233 148 278 148 278 219 233 219 BIODEGRADABLE 0
187 187 248 187 248 234 187 234 BIODEGRADABLE 0
198 226.99999999999997 232 226.99999999999997 232 255.00000000000003 198 255.00000000000003 BIODEGRADABLE 0
180 242.00000000000003 201 242.00000000000003 201 264 180 264 BIODEGRADABLE 0
235 210 288 210 288 252.99999999999997 235 252.99999999999997 BIODEGRADABLE 0
235 249 248 249 248 269 235 269 BIODEGRADABLE 0
234 255.00000000000003 270 255.00000000000003 270 305 234 305 BIODEGRADABLE 0
219 301 252.99999999999997 301 252.99999999999997 333 219 333 BIODEGRADABLE 0
191 279 225 279 225 315 191 315 BIODEGRADABLE 0
206 256 242.00000000000003 256 242.00000000000003 294 206 294 BIODEGRADABLE 0
166 262 200 262 200 294 166 294 BIODEGRADABLE 0
137 262 166 262 166 277 137 277 BIODEGRADABLE 0
1 1 415 1 415 415 1 415 BIODEGRADABLE 0