289 2 375 2 375 100 289 100 BIODEGRADABLE 0
177 2 293 2 293 45 177 45 BIODEGRADABLE 0
158 45 302 45 302 105 158 105 BIODEGRADABLE 0
136 87 164 87 164 105 136 105 BIODEGRADABLE 0
170 99 237 99 237 148 170 148 BIODEGRADABLE 0
218 110 298 110 298 164 218 164 BIODEGRADABLE 0
295 97 362 97 362 145 295 145 BIODEGRADABLE 0
212.99999999999997 134 375 134 375 196 212.99999999999997 196 BIODEGRADABLE 0
211 183 375 183 375 237 211 237 BIODEGRADABLE 0
196 229.00000000000003 330 229.00000000000003 330 294 196 294 BIODEGRADABLE 0
158 252.99999999999997 186 252.99999999999997 186 273 158 273 BIODEGRADABLE 0
136 229.00000000000003 160 229.00000000000003 160 248 136 248 BIODEGRADABLE 0
144 181 218 181 218 230 144 230 BIODEGRADABLE 0
251.99999999999997 254.00000000000003 375 254.00000000000003 375 308 251.99999999999997 308 BIODEGRADABLE 0
229.00000000000003 300 375 300 375 340 229.00000000000003 340 BIODEGRADABLE 0
302 327 376 327 376 394 302 394 BIODEGRADABLE 0
175 341 356 341 356 408 175 408 BIODEGRADABLE 0
198 373 263 373 263 415 198 415 BIODEGRADABLE 0
261 395 320 395 320 415 261 415 BIODEGRADABLE 0