248 172 414 172 414 331 248 331 BIODEGRADABLE 0
233 333 414 333 414 415 233 415 BIODEGRADABLE 0
44 250 299 250 299 394 44 394 BIODEGRADABLE 0
50 396 242.00000000000003 396 242.00000000000003 415 50 415 BIODEGRADABLE 0
0 320 100 320 100 415 0 415 BIODEGRADABLE 0
0 194 94 194 94 322 0 322 BIODEGRADABLE 0
61 124 133 124 133 246 61 246 BIODEGRADABLE 0
90 99 312 99 312 257 90 257 BIODEGRADABLE 0
231 2 414 2 414 168 231 168 BIODEGRADABLE 0
62.99999999999999 1 303 1 303 117 62.99999999999999 117 BIODEGRADABLE 0
0 70 103 70 103 193 0 193 BIODEGRADABLE 0
0 1 93 1 93 70 0 70 BIODEGRADABLE 0