43 278 169 278 169 354 43 354 BIODEGRADABLE 0
79 353 155 353 155 389 79 389 BIODEGRADABLE 0
124 361 184 361 184 406 124 406 BIODEGRADABLE 0
157 306 276 306 276 377 157 377 BIODEGRADABLE 0
3 246 67 246 67 323 3 323 BIODEGRADABLE 0
3 289 10 289 10 323 3 323 BIODEGRADABLE 0
55 145 225.99999999999997 145 225.99999999999997 245 55 245 BIODEGRADABLE 0
36 203 143 203 143 279 36 279 BIODEGRADABLE 0
136 226.99999999999997 274 226.99999999999997 274 312 136 312 BIODEGRADABLE 0
50 43 219 43 219 143 50 143 BIODEGRADABLE 0
195 79 383 79 383 175 195 175 BIODEGRADABLE 0
222 172 350 172 350 273 222 273 BIODEGRADABLE 0
276 225 404 225 404 322 276 322 BIODEGRADABLE 0
274 298 326 298 326 326 274 326 BIODEGRADABLE 0
347 197 415 197 415 251.99999999999997 347 251.99999999999997 BIODEGRADABLE 0
300 149 392 149 392 211 300 211 BIODEGRADABLE 0
281 57.00000000000001 400 57.00000000000001 400 122 281 122 BIODEGRADABLE 0
219 62 295 62 295 98 219 98 BIODEGRADABLE 0
115 18 181 18 181 41 115 41 BIODEGRADABLE 0
28 48 88 48 88 125.99999999999999 28 125.99999999999999 BIODEGRADABLE 0
3 86 48 86 48 178 3 178 BIODEGRADABLE 0
373 1 415 1 415 26 373 26 BIODEGRADABLE 0
388 122 416 122 416 203 388 203 BIODEGRADABLE 0