154 111 389 111 389 236 154 236 BIODEGRADABLE 0
3 190 196 190 196 310 3 310 BIODEGRADABLE 0
3 47 179 47 179 190 3 190 BIODEGRADABLE 0
40 2 320 2 320 103 40 103 BIODEGRADABLE 0
2 355 223 355 223 415 2 415 BIODEGRADABLE 0
185 206 415 206 415 290 185 290 BIODEGRADABLE 0
156 262 349 262 349 352 156 352 BIODEGRADABLE 0
220 402 288 402 288 415 220 415 BIODEGRADABLE 0
270 20 404 20 404 110 270 110 BIODEGRADABLE 0
307 2 409 2 409 27.000000000000004 307 27.000000000000004 BIODEGRADABLE 0
393 4 415 4 415 71 393 71 BIODEGRADABLE 0
302 70 415 70 415 160 302 160 BIODEGRADABLE 0
372 140 416 140 416 228.00000000000003 372 228.00000000000003 BIODEGRADABLE 0
346 224 415 224 415 319 346 319 BIODEGRADABLE 0