390 45 415 45 415 147 390 147 BIODEGRADABLE 0
404 37 415 37 415 55 404 55 BIODEGRADABLE 0
395 3 415 3 415 40 395 40 BIODEGRADABLE 0
364 18 400 18 400 82 364 82 BIODEGRADABLE 0
330 2 390 2 390 62 330 62 BIODEGRADABLE 0
351 82 403 82 403 171 351 171 BIODEGRADABLE 0
323 25 359 25 359 117 323 117 BIODEGRADABLE 0
11 2 65 2 65 62 11 62 BIODEGRADABLE 0
141 129 197 129 197 201 141 201 BIODEGRADABLE 0
186 106.99999999999999 225 106.99999999999999 225 159 186 159 BIODEGRADABLE 0
222 29.999999999999996 265 29.999999999999996 265 122 222 122 BIODEGRADABLE 0
239.99999999999997 3 285 3 285 57.00000000000001 239.99999999999997 57.00000000000001 BIODEGRADABLE 0
262 40 291 40 291 82 262 82 BIODEGRADABLE 0
246 70 304 70 304 144 246 144 BIODEGRADABLE 0
211 3 238.99999999999997 3 238.99999999999997 37 211 37 BIODEGRADABLE 0
192 14.999999999999998 222 14.999999999999998 222 75 192 75 BIODEGRADABLE 0
150 33 181 33 181 106.99999999999999 150 106.99999999999999 BIODEGRADABLE 0
177 59.99999999999999 211 59.99999999999999 211 117 177 117 BIODEGRADABLE 0
54.00000000000001 131 115 131 115 206 54.00000000000001 206 BIODEGRADABLE 0
54.00000000000001 116 83 116 83 156 54.00000000000001 156 BIODEGRADABLE 0
112.99999999999999 122 142 122 142 189 112.99999999999999 189 BIODEGRADABLE 0
129 104 149 104 149 134 129 134 BIODEGRADABLE 0
83 206 115 206 115 252.99999999999997 83 252.99999999999997 BIODEGRADABLE 0
114.00000000000001 183 154 183 154 260 114.00000000000001 260 BIODEGRADABLE 0
150 203 193 203 193 277 150 277 BIODEGRADABLE 0
165 184 215.00000000000003 184 215.00000000000003 270 165 270 BIODEGRADABLE 0
204 131 238 131 238 183 204 183 BIODEGRADABLE 0
219 156 257 156 257 212.99999999999997 219 212.99999999999997 BIODEGRADABLE 0
235 131 271 131 271 183 235 183 BIODEGRADABLE 0
279 119 313 119 313 173 279 173 BIODEGRADABLE 0
291 166 327 166 327 228.00000000000003 291 228.00000000000003 BIODEGRADABLE 0
299 220 329 220 329 260 299 260 BIODEGRADABLE 0
315 233 337 233 337 278 315 278 BIODEGRADABLE 0
318 265 340 265 340 319 318 319 BIODEGRADABLE 0
313 292 351 292 351 354 313 354 BIODEGRADABLE 0
289 260 321 260 321 324 289 324 BIODEGRADABLE 0
293 320 313 320 313 357 293 357 BIODEGRADABLE 0
264 322 296 322 296 376 264 376 BIODEGRADABLE 0
247 263 287 263 287 335 247 335 BIODEGRADABLE 0
251 215.00000000000003 294 215.00000000000003 294 285 251 285 BIODEGRADABLE 0
115 252.99999999999997 154 252.99999999999997 154 320 115 320 BIODEGRADABLE 0
106 241.00000000000003 124 241.00000000000003 124 285 106 285 BIODEGRADABLE 0
154 272 186 272 186 312 154 312 BIODEGRADABLE 0
182 255.00000000000003 211 255.00000000000003 211 329 182 329 BIODEGRADABLE 0
203 255.00000000000003 246 255.00000000000003 246 322 203 322 BIODEGRADABLE 0
215.00000000000003 315 251 315 251 367 215.00000000000003 367 BIODEGRADABLE 0
237 337 266 337 266 397 237 397 BIODEGRADABLE 0
215.00000000000003 364 244 364 244 411 215.00000000000003 411 BIODEGRADABLE 0
189 342 215.00000000000003 342 215.00000000000003 382 189 382 BIODEGRADABLE 0
199 325 217 325 217 350 199 350 BIODEGRADABLE 0
164 310 195 310 195 360 164 360 BIODEGRADABLE 0
145 337 175 337 175 381 145 381 BIODEGRADABLE 0
158 360 205 360 205 404 158 404 BIODEGRADABLE 0
135 303 164 303 164 337 135 337 BIODEGRADABLE 0