218 242.00000000000003 364 242.00000000000003 364 334 218 334 BIODEGRADABLE 0
44 284 156 284 156 358 44 358 BIODEGRADABLE 0
3 213.99999999999997 103 213.99999999999997 103 328 3 328 BIODEGRADABLE 0
71 263 101 263 101 281 71 281 BIODEGRADABLE 0
32 41 160 41 160 219 32 219 BIODEGRADABLE 0
46 191 186 191 186 353 46 353 BIODEGRADABLE 0
5 69 81 69 81 203 5 203 BIODEGRADABLE 0
3 84 53 84 53 198 3 198 BIODEGRADABLE 0
2 0 128 0 128 72 2 72 BIODEGRADABLE 0
98 122 174 122 174 174 98 174 BIODEGRADABLE 0
112 62 192 62 192 122 112 122 BIODEGRADABLE 0
163 137 268 137 268 203 163 203 BIODEGRADABLE 0
187 203 343 203 343 248 187 248 BIODEGRADABLE 0
286 202 354 202 354 241.00000000000003 286 241.00000000000003 BIODEGRADABLE 0
238 179 293 179 293 230 238 230 BIODEGRADABLE 0
87 161 217 161 217 272 87 272 BIODEGRADABLE 0
85 179 188 179 188 283 85 283 BIODEGRADABLE 0
197 272 257 272 257 388 197 388 BIODEGRADABLE 0
174 281 229.00000000000003 281 229.00000000000003 389 174 389 BIODEGRADABLE 0
162 389 208 389 208 415 162 415 BIODEGRADABLE 0
138 383 174 383 174 401 138 401 BIODEGRADABLE 0
140 403 160 403 160 415 140 415 BIODEGRADABLE 0
94 400 135 400 135 415 94 415 BIODEGRADABLE 0
302 382 348 382 348 406 302 406 BIODEGRADABLE 0
316 389 366 389 366 413 316 413 BIODEGRADABLE 0
302 326 346 326 346 356 302 356 BIODEGRADABLE 0
238 356 298 356 298 382 238 382 BIODEGRADABLE 0
87 327 415 327 415 415 87 415 BIODEGRADABLE 0
94 360 192 360 192 377 94 377 BIODEGRADABLE 0
3 352 151 352 151 415 3 415 BIODEGRADABLE 0
3 371 117 371 117 415 3 415 BIODEGRADABLE 0
2 339 158 339 158 368 2 368 BIODEGRADABLE 0
21 346 81 346 81 415 21 415 BIODEGRADABLE 0
348 211 416 211 416 361 348 361 BIODEGRADABLE 0
220 17 348 17 348 122 220 122 BIODEGRADABLE 0
179 0 277 0 277 69 179 69 BIODEGRADABLE 0
274 119 336 119 336 165 274 165 BIODEGRADABLE 0
304 153 359 153 359 192 304 192 BIODEGRADABLE 0
323 153 355 153 355 171 323 171 BIODEGRADABLE 0
373 143 405 143 405 169 373 169 BIODEGRADABLE 0
357 167 375 167 375 179 357 179 BIODEGRADABLE 0
341 182 359 182 359 204 341 204 BIODEGRADABLE 0
377 192 415 192 415 220 377 220 BIODEGRADABLE 0
359 182 395 182 395 197 359 197 BIODEGRADABLE 0
372 154 415 154 415 194 372 194 BIODEGRADABLE 0
388 99 415 99 415 164 388 164 BIODEGRADABLE 0
372 52 415 52 415 156 372 156 BIODEGRADABLE 0
381 0 415 0 415 98 381 98 BIODEGRADABLE 0
366 0 407 0 407 110 366 110 BIODEGRADABLE 0
343 0 377 0 377 165 343 165 BIODEGRADABLE 0