18 389 77 389 77 415 18 415 BIODEGRADABLE 0
3 388 21 388 21 415 3 415 BIODEGRADABLE 0
23 354 75 354 75 389 23 389 BIODEGRADABLE 0
3 353 25 353 25 389 3 389 BIODEGRADABLE 0
3 324 57.00000000000001 324 57.00000000000001 356 3 356 BIODEGRADABLE 0
53 287 189 287 189 377 53 377 BIODEGRADABLE 0
82 371 216.00000000000003 371 216.00000000000003 415 82 415 BIODEGRADABLE 0
3 250 75 250 75 324 3 324 BIODEGRADABLE 0
2 185 66 185 66 251 2 251 BIODEGRADABLE 0
52 105 216.00000000000003 105 216.00000000000003 205 52 205 BIODEGRADABLE 0
3 117 171 117 171 185 3 185 BIODEGRADABLE 0
2 92 166 92 166 162 2 162 BIODEGRADABLE 0
2 83 166 83 166 124 2 124 BIODEGRADABLE 0
189 27.000000000000004 252.99999999999997 27.000000000000004 252.99999999999997 67 189 67 BIODEGRADABLE 0
175 47 250 47 250 82 175 82 BIODEGRADABLE 0
141 12 198 12 198 59 141 59 BIODEGRADABLE 0
125 54.00000000000001 171 54.00000000000001 171 82 125 82 BIODEGRADABLE 0
80 23 146 23 146 81 80 81 BIODEGRADABLE 0
71 64 109 64 109 92 71 92 BIODEGRADABLE 0
5 62 80 62 80 100 5 100 BIODEGRADABLE 0
25 28 84 28 84 64 25 64 BIODEGRADABLE 0
3 38 28 38 28 68 3 68 BIODEGRADABLE 0
4 0 66 0 66 26 4 26 BIODEGRADABLE 0
64 0 144 0 144 26 64 26 BIODEGRADABLE 0
139 1 187 1 187 11 139 11 BIODEGRADABLE 0
194 0 248 0 248 27.000000000000004 194 27.000000000000004 BIODEGRADABLE 0
246 1 264 1 264 17 246 17 BIODEGRADABLE 0
236 20 266 20 266 52 236 52 BIODEGRADABLE 0
82 144 194 144 194 256 82 256 BIODEGRADABLE 0
175 123 234 123 234 217 175 217 BIODEGRADABLE 0
205 103 264 103 264 237 205 237 BIODEGRADABLE 0
196 152 300 152 300 291 196 291 BIODEGRADABLE 0
125 169 266 169 266 283 125 283 BIODEGRADABLE 0
78 189 228.00000000000003 189 228.00000000000003 289 78 289 BIODEGRADABLE 0
62 203 264 203 264 330 62 330 BIODEGRADABLE 0
23 247 116 247 116 279 23 279 BIODEGRADABLE 0
189 327 293 327 293 399 189 399 BIODEGRADABLE 0
210 394 296 394 296 415 210 415 BIODEGRADABLE 0
279 347 415 347 415 416 279 416 BIODEGRADABLE 0
234 277 316 277 316 330 234 330 BIODEGRADABLE 0
293 291 334 291 334 317 293 317 BIODEGRADABLE 0
312 323 348 323 348 350 312 350 BIODEGRADABLE 0
316 316 352 316 352 336 316 336 BIODEGRADABLE 0
337 295 362 295 362 310 337 310 BIODEGRADABLE 0
310 269 353 269 353 301 310 301 BIODEGRADABLE 0
344 323 382 323 382 350 344 350 BIODEGRADABLE 0
362 303 403 303 403 324 362 324 BIODEGRADABLE 0
382 319 398 319 398 334 382 334 BIODEGRADABLE 0
366 288 407 288 407 306 366 306 BIODEGRADABLE 0
355 268 391 268 391 294 355 294 BIODEGRADABLE 0
163 0 415 0 415 118 163 118 BIODEGRADABLE 0
268 80 375 80 375 150 268 150 BIODEGRADABLE 0
245 146 357 146 357 217 245 217 BIODEGRADABLE 0
280 208 387 208 387 274 280 274 BIODEGRADABLE 0
366 261 402 261 402 282 366 282 BIODEGRADABLE 0
388 278 415 278 415 310 388 310 BIODEGRADABLE 0
404 267 415 267 415 292 404 292 BIODEGRADABLE 0
409 290 415 290 415 311 409 311 BIODEGRADABLE 0
394 250 416 250 416 276 394 276 BIODEGRADABLE 0
377 246 405 246 405 262 377 262 BIODEGRADABLE 0
382 262 398 262 398 280 382 280 BIODEGRADABLE 0
375 184 415 184 415 250 375 250 BIODEGRADABLE 0
357 118 415 118 415 184 357 184 BIODEGRADABLE 0