232 103 374 103 374 396 232 396 BIODEGRADABLE 0
261 346 415 346 415 414 261 414 BIODEGRADABLE 0
223 335 388 335 388 405 223 405 BIODEGRADABLE 0
347 209 415 209 415 339 347 339 BIODEGRADABLE 0
356 200 412 200 412 257 356 257 BIODEGRADABLE 0
351 116 415 116 415 212 351 212 BIODEGRADABLE 0
375 62 415 62 415 212 375 212 BIODEGRADABLE 0
342 2 414 2 414 193 342 193 BIODEGRADABLE 0
356 23 415 23 415 148 356 148 BIODEGRADABLE 0
292 23 366 23 366 151 292 151 BIODEGRADABLE 0
336 0 374 0 374 29.999999999999996 336 29.999999999999996 BIODEGRADABLE 0
284 0 317 0 317 112 284 112 BIODEGRADABLE 0
236 0 324 0 324 80 236 80 BIODEGRADABLE 0
236 43 283 43 283 125 236 125 BIODEGRADABLE 0
216.00000000000003 125.99999999999999 257 125.99999999999999 257 196 216.00000000000003 196 BIODEGRADABLE 0
216.00000000000003 200 280 200 280 278 216.00000000000003 278 BIODEGRADABLE 0
217 271 297 271 297 378 217 378 BIODEGRADABLE 0
158 205 220 205 220 301 158 301 BIODEGRADABLE 0
205 178 229.00000000000003 178 229.00000000000003 230 205 230 BIODEGRADABLE 0
130 118 201 118 201 216.00000000000003 130 216.00000000000003 BIODEGRADABLE 0
133 18 201 18 201 118 133 118 BIODEGRADABLE 0
142 0 236 0 236 157 142 157 BIODEGRADABLE 0
71 71 136 71 136 164 71 164 BIODEGRADABLE 0
82 0 141 0 141 75 82 75 BIODEGRADABLE 0
74 182 142 182 142 273 74 273 BIODEGRADABLE 0
92 262 218 262 218 382 92 382 BIODEGRADABLE 0
109 289 167 289 167 380 109 380 BIODEGRADABLE 0
77 316 117 316 117 373 77 373 BIODEGRADABLE 0
66 323 100 323 100 382 66 382 BIODEGRADABLE 0
3 213.99999999999997 94 213.99999999999997 94 352 3 352 BIODEGRADABLE 0
1 105 85 105 85 289 1 289 BIODEGRADABLE 0
0 31 31 31 31 205 0 205 BIODEGRADABLE 0
0 0 94 0 94 134 0 134 BIODEGRADABLE 0