2 2 42 2 42 77 2 77 BIODEGRADABLE 0
14 2 121.00000000000001 2 121.00000000000001 70 14 70 BIODEGRADABLE 0
3 49 293 49 293 163 3 163 BIODEGRADABLE 0
100 2 235 2 235 55 100 55 BIODEGRADABLE 0
158 21 351 21 351 112.99999999999999 158 112.99999999999999 BIODEGRADABLE 0
239.99999999999997 2 416 2 416 58 239.99999999999997 58 BIODEGRADABLE 0
354 14.999999999999998 416 14.999999999999998 416 142 354 142 BIODEGRADABLE 0
360 100 415 100 415 154 360 154 BIODEGRADABLE 0
154 98 416 98 416 213.99999999999997 154 213.99999999999997 BIODEGRADABLE 0
125.99999999999999 157 416 157 416 328 125.99999999999999 328 BIODEGRADABLE 0
3 147 207 147 207 329 3 329 BIODEGRADABLE 0
2 136 158 136 158 300 2 300 BIODEGRADABLE 0
2 304 251 304 251 415 2 415 BIODEGRADABLE 0
293 322 416 322 416 415 293 415 BIODEGRADABLE 0
230 295 401 295 401 415 230 415 BIODEGRADABLE 0
191 326 284 326 284 385 191 385 BIODEGRADABLE 0