161 196 226.99999999999997 196 226.99999999999997 246 161 246 BIODEGRADABLE 0
58 168 96 168 96 255.00000000000003 58 255.00000000000003 BIODEGRADABLE 0
209 2 283 2 283 93 209 93 BIODEGRADABLE 0
150 2 216.00000000000003 2 216.00000000000003 68 150 68 BIODEGRADABLE 0
280 59 356 59 356 198 280 198 BIODEGRADABLE 0
276 27.000000000000004 306 27.000000000000004 306 68 276 68 BIODEGRADABLE 0
206 111 266 111 266 173 206 173 BIODEGRADABLE 0
150 105 212 105 212 153 150 153 BIODEGRADABLE 0
144 75 188 75 188 123 144 123 BIODEGRADABLE 0
96 87 170 87 170 155 96 155 BIODEGRADABLE 0
77 36 160 36 160 116 77 116 BIODEGRADABLE 0
57.00000000000001 89 106 89 106 212 57.00000000000001 212 BIODEGRADABLE 0
52 232 131 232 131 341 52 341 BIODEGRADABLE 0
119.99999999999999 312 144 312 144 344 119.99999999999999 344 BIODEGRADABLE 0
119.99999999999999 309 202 309 202 359 119.99999999999999 359 BIODEGRADABLE 0
181 321 226.99999999999997 321 226.99999999999997 403 181 403 BIODEGRADABLE 0
212 300 288 300 288 407 212 407 BIODEGRADABLE 0
282 307 329 307 329 393 282 393 BIODEGRADABLE 0
265 211 341 211 341 323 265 323 BIODEGRADABLE 0
262 280 300 280 300 312 262 312 BIODEGRADABLE 0
288 187 371 187 371 296 288 296 BIODEGRADABLE 0
338 171 385 171 385 235 338 235 BIODEGRADABLE 0
57.00000000000001 2 388 2 388 415 57.00000000000001 415 BIODEGRADABLE 0
2 212 199 212 199 416 2 416 METAL 0