261 174 347 174 347 295 261 295 BIODEGRADABLE 0
296 87 376 87 376 212.99999999999997 296 212.99999999999997 BIODEGRADABLE 0
228.00000000000003 7 317 7 317 181 228.00000000000003 181 BIODEGRADABLE 0
228.00000000000003 199 266 199 266 251 228.00000000000003 251 BIODEGRADABLE 0
246 257 278 257 278 309 246 309 BIODEGRADABLE 0
211 263 244 263 244 323 211 323 BIODEGRADABLE 0
196 217 228.00000000000003 217 228.00000000000003 277 196 277 BIODEGRADABLE 0
187 37 238 37 238 105 187 105 BIODEGRADABLE 0
95 7 229.00000000000003 7 229.00000000000003 117 95 117 BIODEGRADABLE 0
97 92 189 92 189 186 97 186 BIODEGRADABLE 0
95 167 197 167 197 224 95 224 BIODEGRADABLE 0
91 206 210 206 210 396 91 396 BIODEGRADABLE 0
18 87 112.99999999999999 87 112.99999999999999 261 18 261 BIODEGRADABLE 0
181 144 191 144 191 158 181 158 BIODEGRADABLE 0
191 162 205 162 205 185 191 185 BIODEGRADABLE 0
207 188 219 188 219 208 207 208 BIODEGRADABLE 0
219 183 238.99999999999997 183 238.99999999999997 203 219 203 BIODEGRADABLE 0
210 165 230 165 230 190 210 190 BIODEGRADABLE 0
203 146 211 146 211 176 203 176 BIODEGRADABLE 0
212.99999999999997 135 228.00000000000003 135 228.00000000000003 169 212.99999999999997 169 BIODEGRADABLE 0
205 119 223 119 223 137 205 137 BIODEGRADABLE 0
192 128 207 128 207 144 192 144 BIODEGRADABLE 0
193 144 208 144 208 167 193 167 BIODEGRADABLE 0