123 196 238.99999999999997 196 238.99999999999997 282 123 282 BIODEGRADABLE 0
104 254.00000000000003 138 254.00000000000003 138 294 104 294 BIODEGRADABLE 0
134 281 208 281 208 325 134 325 BIODEGRADABLE 0
216.00000000000003 284 300 284 300 342 216.00000000000003 342 BIODEGRADABLE 0
225.99999999999997 337 274 337 274 361 225.99999999999997 361 BIODEGRADABLE 0
315 289 391 289 391 342 315 342 BIODEGRADABLE 0
283 255.00000000000003 343 255.00000000000003 343 301 283 301 BIODEGRADABLE 0
255.00000000000003 222 322 222 322 265 255.00000000000003 265 BIODEGRADABLE 0
339 244 406 244 406 290 339 290 BIODEGRADABLE 0
366 201 414 201 414 252.99999999999997 366 252.99999999999997 BIODEGRADABLE 0
274 159 371 159 371 231 274 231 BIODEGRADABLE 0
207 156 276 156 276 207 207 207 BIODEGRADABLE 0
239.99999999999997 99 330 99 330 166 239.99999999999997 166 BIODEGRADABLE 0
7 34 179 34 179 222 7 222 BIODEGRADABLE 0