330 32 396 32 396 180 330 180 BIODEGRADABLE 0
350 3 403 3 403 56 350 56 BIODEGRADABLE 0
290 3 372 3 372 128 290 128 BIODEGRADABLE 0
197 3 308 3 308 157 197 157 BIODEGRADABLE 0
194 114.00000000000001 248 114.00000000000001 248 220 194 220 BIODEGRADABLE 0
166 8 232 8 232 154 166 154 BIODEGRADABLE 0
132 3 189 3 189 51 132 51 BIODEGRADABLE 0
145 29 175 29 175 74 145 74 BIODEGRADABLE 0
132 8 166 8 166 90 132 90 BIODEGRADABLE 0
95 3 135 3 135 45 95 45 BIODEGRADABLE 0
79 3 95 3 95 24 79 24 BIODEGRADABLE 0
58 3 97 3 97 104 58 104 BIODEGRADABLE 0
96 27.000000000000004 132 27.000000000000004 132 85 96 85 BIODEGRADABLE 0
97 72 132 72 132 154 97 154 BIODEGRADABLE 0
131 77 158 77 158 146 131 146 BIODEGRADABLE 0
147 114.00000000000001 181 114.00000000000001 181 180 147 180 BIODEGRADABLE 0
141 191 179 191 179 260 141 260 BIODEGRADABLE 0
184 231 210 231 210 313 184 313 BIODEGRADABLE 0
119 140 150 140 150 204 119 204 BIODEGRADABLE 0
103 144 123 144 123 170 103 170 BIODEGRADABLE 0
86 164 125.99999999999999 164 125.99999999999999 244 86 244 BIODEGRADABLE 0
66 109 104 109 104 183 66 183 BIODEGRADABLE 0
36 45 79 45 79 135 36 135 BIODEGRADABLE 0
9 3 58 3 58 69 9 69 BIODEGRADABLE 0
3 114.00000000000001 48 114.00000000000001 48 196 3 196 BIODEGRADABLE 0
3 13 39 13 39 117 3 117 BIODEGRADABLE 0
1 2 13 2 13 77 1 77 BIODEGRADABLE 0
1 79 5 79 5 136 1 136 BIODEGRADABLE 0
1 182 35 182 35 268 1 268 BIODEGRADABLE 0
40 194 79 194 79 265 40 265 BIODEGRADABLE 0
75 238.99999999999997 108.00000000000001 238.99999999999997 108.00000000000001 321 75 321 BIODEGRADABLE 0
78 308 119.99999999999999 308 119.99999999999999 382 78 382 BIODEGRADABLE 0
41 281 79 281 79 355 41 355 BIODEGRADABLE 0
14.999999999999998 249 51 249 51 323 14.999999999999998 323 BIODEGRADABLE 0
40 236 62 236 62 278 40 278 BIODEGRADABLE 0
0 268 21 268 21 305 0 305 BIODEGRADABLE 0
1 298 29 298 29 377 1 377 BIODEGRADABLE 0
25 323 59 323 59 411 25 411 BIODEGRADABLE 0
41 357 79 357 79 415 41 415 BIODEGRADABLE 0
76 384 112 384 112 415 76 415 BIODEGRADABLE 0
74 361 88 361 88 382 74 382 BIODEGRADABLE 0
1 388 34 388 34 415 1 415 BIODEGRADABLE 0
1 374 25 374 25 392 1 392 BIODEGRADABLE 0
258 48 314 48 314 258 258 258 BIODEGRADABLE 0