144 166 271 166 271 380 144 380 BIODEGRADABLE 0
47 87 144 87 144 246 47 246 BIODEGRADABLE 0
147 39 259 39 259 191 147 191 BIODEGRADABLE 0
244 112 370 112 370 303 244 303 BIODEGRADABLE 0
68 159 130 159 130 234 68 234 BIODEGRADABLE 0
112 200 152 200 152 296 112 296 BIODEGRADABLE 0
112 311 165 311 165 357 112 357 BIODEGRADABLE 0
94 342 135 342 135 414 94 414 BIODEGRADABLE 0
62.99999999999999 344 91 344 91 382 62.99999999999999 382 BIODEGRADABLE 0
50 259 109 259 109 334 50 334 BIODEGRADABLE 0
27.000000000000004 50 415 50 415 415 27.000000000000004 415 PAPER 0