167 2 375 2 375 59 167 59 BIODEGRADABLE 0
72 2 180 2 180 45 72 45 BIODEGRADABLE 0
28 2 72 2 72 26 28 26 BIODEGRADABLE 0
32 17 102 17 102 59 32 59 BIODEGRADABLE 0
0 13 39 13 39 77 0 77 BIODEGRADABLE 0
9 54.00000000000001 95 54.00000000000001 95 143 9 143 BIODEGRADABLE 0
91 34 184 34 184 134 91 134 BIODEGRADABLE 0
167 56 252.99999999999997 56 252.99999999999997 124 167 124 BIODEGRADABLE 0
238 48 366 48 366 121.00000000000001 238 121.00000000000001 BIODEGRADABLE 0
245 95 375 95 375 197 245 197 BIODEGRADABLE 0
367 59 375 59 375 103 367 103 BIODEGRADABLE 0
358 137 373 137 373 186 358 186 BIODEGRADABLE 0
198 127.00000000000001 306 127.00000000000001 306 221 198 221 BIODEGRADABLE 0
115 109 223 109 223 237 115 237 BIODEGRADABLE 0
65 130 121.00000000000001 130 121.00000000000001 173 65 173 BIODEGRADABLE 0
11 135 119 135 119 191 11 191 BIODEGRADABLE 0
0 73 18 73 18 132 0 132 BIODEGRADABLE 0
0 124 14.999999999999998 124 14.999999999999998 194 0 194 BIODEGRADABLE 0
1 183 61 183 61 273 1 273 BIODEGRADABLE 0
46 189 150 189 150 279 46 279 BIODEGRADABLE 0
137 238 249 238 249 326 137 326 BIODEGRADABLE 0
247 210 375 210 375 290 247 290 BIODEGRADABLE 0
319 173 377 173 377 211 319 211 BIODEGRADABLE 0
256 292 358 292 358 365 256 365 BIODEGRADABLE 0
295 234 375 234 375 312 295 312 BIODEGRADABLE 0
345 292 373 292 373 353 345 353 BIODEGRADABLE 0
323 347 375 347 375 415 323 415 BIODEGRADABLE 0
232 338 343 338 343 415 232 415 BIODEGRADABLE 0
260 321 308 321 308 365 260 365 BIODEGRADABLE 0
141 376 285 376 285 415 141 415 BIODEGRADABLE 0
43 271 244 271 244 415 43 415 BIODEGRADABLE 0
20 264 258 264 258 353 20 353 BIODEGRADABLE 0
69 354 148 354 148 415 69 415 BIODEGRADABLE 0
0 308 73 308 73 415 0 415 BIODEGRADABLE 0
39 376 94 376 94 415 39 415 BIODEGRADABLE 0
0 291 85 291 85 357 0 357 BIODEGRADABLE 0
9 265 35 265 35 292 9 292 BIODEGRADABLE 0
0 1 374 1 374 415 0 415 BIODEGRADABLE 0