165 202 197 202 197 230 165 230 BIODEGRADABLE 0
136 153 162 153 162 162 136 162 BIODEGRADABLE 0
160 155 174 155 174 169 160 169 BIODEGRADABLE 0
171 150 181 150 181 166 171 166 BIODEGRADABLE 0
176 159 188 159 188 173 176 173 BIODEGRADABLE 0
185 164 201 164 201 184 185 184 BIODEGRADABLE 0
192 153 210 153 210 162 192 162 BIODEGRADABLE 0
204 152 218 152 218 166 204 166 BIODEGRADABLE 0
205 161 217 161 217 173 205 173 BIODEGRADABLE 0
183 150 195 150 195 162 183 162 BIODEGRADABLE 0
220 155 230 155 230 167 220 167 BIODEGRADABLE 0
225.99999999999997 157 238 157 238 169 225.99999999999997 169 BIODEGRADABLE 0
238.99999999999997 159 252.99999999999997 159 252.99999999999997 168 238.99999999999997 168 BIODEGRADABLE 0
102 189 202 189 202 238.99999999999997 102 238.99999999999997 METAL 0