125 248 238.99999999999997 248 238.99999999999997 364 125 364 BIODEGRADABLE 0
84 351 191 351 191 415 84 415 BIODEGRADABLE 0
38 249 118 249 118 403 38 403 BIODEGRADABLE 0
67 149 195 149 195 278 67 278 BIODEGRADABLE 0
38 14.999999999999998 115 14.999999999999998 115 181 38 181 BIODEGRADABLE 0
81 12 199 12 199 102 81 102 BIODEGRADABLE 0
145 87 249 87 249 193 145 193 BIODEGRADABLE 0
190 178 284 178 284 272 190 272 BIODEGRADABLE 0
238 243 324 243 324 329 238 329 BIODEGRADABLE 0
270 312 347 312 347 393 270 393 BIODEGRADABLE 0
300 256 356 256 356 324 300 324 BIODEGRADABLE 0
324 202 370 202 370 268 324 268 BIODEGRADABLE 0
304 146 354 146 354 213.99999999999997 304 213.99999999999997 BIODEGRADABLE 0
273 197 329 197 329 272 273 272 BIODEGRADABLE 0
241.00000000000003 128 314 128 314 218 241.00000000000003 218 BIODEGRADABLE 0
272 89 334 89 334 162 272 162 BIODEGRADABLE 0
212.99999999999997 37 288 37 288 137 212.99999999999997 137 BIODEGRADABLE 0
241.00000000000003 12 318 12 318 89 241.00000000000003 89 BIODEGRADABLE 0
188 10 236 10 236 50 188 50 BIODEGRADABLE 0