11 50 181 50 181 180 11 180 BIODEGRADABLE 0
264 51 415 51 415 127.00000000000001 264 127.00000000000001 BIODEGRADABLE 0
264 16 415 16 415 87 264 87 BIODEGRADABLE 0
300 212 348 212 348 250 300 250 BIODEGRADABLE 0
295 173 343 173 343 207 295 207 BIODEGRADABLE 0
322 153 364 153 364 189 322 189 BIODEGRADABLE 0
343 140 381 140 381 170 343 170 BIODEGRADABLE 0
366 151 399 151 399 179 366 179 BIODEGRADABLE 0
361 177 407 177 407 209 361 209 BIODEGRADABLE 0
392 192 414 192 414 216.00000000000003 392 216.00000000000003 BIODEGRADABLE 0
362 209 390 209 390 231 362 231 BIODEGRADABLE 0
337 193 370 193 370 223 337 223 BIODEGRADABLE 0
251 258 415 258 415 387 251 387 BIODEGRADABLE 0
3 235 223 235 223 393 3 393 BIODEGRADABLE 0
5 176 117 176 117 256 5 256 BIODEGRADABLE 0
112 173 218 173 218 251 112 251 BIODEGRADABLE 0
201 112 295 112 295 206 201 206 BIODEGRADABLE 0
218 147 262 147 262 200 218 200 BIODEGRADABLE 0
168 111 262 111 262 231 168 231 BIODEGRADABLE 0
152 145 226.99999999999997 145 226.99999999999997 241.00000000000003 152 241.00000000000003 BIODEGRADABLE 0
137 162 194 162 194 254.00000000000003 137 254.00000000000003 BIODEGRADABLE 0