396 0 415 0 415 19 396 19 BIODEGRADABLE 0
367 0 409 0 409 37 367 37 BIODEGRADABLE 0
330 0 368 0 368 43 330 43 BIODEGRADABLE 0
296 0 329 0 329 34 296 34 BIODEGRADABLE 0
281 0 302 0 302 29.999999999999996 281 29.999999999999996 BIODEGRADABLE 0
251.99999999999997 0 280 0 280 14 251.99999999999997 14 BIODEGRADABLE 0
230 0 257 0 257 53 230 53 BIODEGRADABLE 0
212.99999999999997 0 257 0 257 82 212.99999999999997 82 BIODEGRADABLE 0
184 9 224 9 224 111 184 111 BIODEGRADABLE 0
130 118 174 118 174 180 130 180 BIODEGRADABLE 0
368 27.000000000000004 415 27.000000000000004 415 64 368 64 BIODEGRADABLE 0
341 46 386 46 386 94 341 94 BIODEGRADABLE 0
299 32 347 32 347 66 299 66 BIODEGRADABLE 0
297 45 330 45 330 91 297 91 BIODEGRADABLE 0
284 68 318 68 318 118 284 118 BIODEGRADABLE 0
388 93 416 93 416 143 388 143 BIODEGRADABLE 0
364 84 398 84 398 118 364 118 BIODEGRADABLE 0
391 59 412 59 412 91 391 91 BIODEGRADABLE 0
407 57.00000000000001 415 57.00000000000001 415 99 407 99 BIODEGRADABLE 0
320 98 359 98 359 155 320 155 BIODEGRADABLE 0
276 118 315 118 315 175 276 175 BIODEGRADABLE 0
246 155 280 155 280 203 246 203 BIODEGRADABLE 0
241.00000000000003 114.00000000000001 273 114.00000000000001 273 160 241.00000000000003 160 BIODEGRADABLE 0
250 93 288 93 288 150 250 150 BIODEGRADABLE 0
258 66 286 66 286 94 258 94 BIODEGRADABLE 0
353 100 368 100 368 134 353 134 BIODEGRADABLE 0
395 139 415 139 415 158 395 158 BIODEGRADABLE 0
377 125 401 125 401 155 377 155 BIODEGRADABLE 0
342 139 392 139 392 201 342 201 BIODEGRADABLE 0
388 155 416 155 416 209 388 209 BIODEGRADABLE 0
308 150 346 150 346 209 308 209 BIODEGRADABLE 0
278 170 317 170 317 232 278 232 BIODEGRADABLE 0
212.99999999999997 148 246 148 246 202 212.99999999999997 202 BIODEGRADABLE 0
198 121.00000000000001 234 121.00000000000001 234 155 198 155 BIODEGRADABLE 0
209 82 255.00000000000003 82 255.00000000000003 128 209 128 BIODEGRADABLE 0
167 116 199 116 199 168 167 168 BIODEGRADABLE 0
183 155 212.99999999999997 155 212.99999999999997 201 183 201 BIODEGRADABLE 0
172 171 192 171 192 201 172 201 BIODEGRADABLE 0
171 198 195 198 195 234 171 234 BIODEGRADABLE 0
183 200 211 200 211 250 183 250 BIODEGRADABLE 0
169 241.00000000000003 199 241.00000000000003 199 284 169 284 BIODEGRADABLE 0
163 226.99999999999997 179 226.99999999999997 179 257 163 257 BIODEGRADABLE 0
184 273 208 273 208 316 184 316 BIODEGRADABLE 0
198 238.99999999999997 222 238.99999999999997 222 296 198 296 BIODEGRADABLE 0
205 285 238 285 238 339 205 339 BIODEGRADABLE 0
217 238.99999999999997 249 238.99999999999997 249 291 217 291 BIODEGRADABLE 0
212 203 234 203 234 244 212 244 BIODEGRADABLE 0
231 196 271 196 271 252.99999999999997 231 252.99999999999997 BIODEGRADABLE 0
246 243 279 243 279 309 246 309 BIODEGRADABLE 0
239.99999999999997 289 267 289 267 339 239.99999999999997 339 BIODEGRADABLE 0
266 280 308 280 308 358 266 358 BIODEGRADABLE 0
272 221 305 221 305 285 272 285 BIODEGRADABLE 0
303 238.99999999999997 335 238.99999999999997 335 298 303 298 BIODEGRADABLE 0
306 213.99999999999997 360 213.99999999999997 360 276 306 276 BIODEGRADABLE 0
335 196 395 196 395 260 335 260 BIODEGRADABLE 0
392 204 415 204 415 260 392 260 BIODEGRADABLE 0
366 241.00000000000003 415 241.00000000000003 415 306 366 306 BIODEGRADABLE 0
336 268 374 268 374 309 336 309 BIODEGRADABLE 0
307 289 353 289 353 337 307 337 BIODEGRADABLE 0
342 296 398 296 398 337 342 337 BIODEGRADABLE 0