129 31 204 31 204 119 129 119 BIODEGRADABLE 0
219 22 261 22 261 208 219 208 BIODEGRADABLE 0
272 29 382 29 382 122 272 122 BIODEGRADABLE 0
316 136 380 136 380 199 316 199 BIODEGRADABLE 0
201 225 322 225 322 309 201 309 BIODEGRADABLE 0
215.00000000000003 325 307 325 307 397 215.00000000000003 397 BIODEGRADABLE 0
318 207 393 207 393 395 318 395 BIODEGRADABLE 0
80 145 190 145 190 312 80 312 BIODEGRADABLE 0
18 31 110 31 110 146 18 146 BIODEGRADABLE 0
21 173 117 173 117 271 21 271 BIODEGRADABLE 0
27.000000000000004 314 94 314 94 391 27.000000000000004 391 BIODEGRADABLE 0
119 323 197 323 197 395 119 395 BIODEGRADABLE 0