89 27.000000000000004 223 27.000000000000004 223 122 89 122 BIODEGRADABLE 0
208 182 325 182 325 272 208 272 BIODEGRADABLE 0
123 306 247 306 247 402 123 402 BIODEGRADABLE 0
28 2 156 2 156 12 28 12 BIODEGRADABLE 0
46 2 414 2 414 24 46 24 BIODEGRADABLE 0
52 11 370 11 370 46 52 46 BIODEGRADABLE 0
50 38 414 38 414 71 50 71 BIODEGRADABLE 0
2 62.99999999999999 386 62.99999999999999 386 90 2 90 BIODEGRADABLE 0
42 98 414 98 414 130 42 130 BIODEGRADABLE 0
219 84 393 84 393 104 219 104 BIODEGRADABLE 0
44 128 414 128 414 150 44 150 BIODEGRADABLE 0
22 148 378 148 378 184 22 184 BIODEGRADABLE 0
32 171 390 171 390 209 32 209 BIODEGRADABLE 0
39 206 353 206 353 234 39 234 BIODEGRADABLE 0
37 230 388 230 388 249 37 249 BIODEGRADABLE 0
46 247 371 247 371 271 46 271 BIODEGRADABLE 0
59 266 375 266 375 288 59 288 BIODEGRADABLE 0
50 285 364 285 364 322 50 322 BIODEGRADABLE 0
62.99999999999999 305 388 305 388 342 62.99999999999999 342 BIODEGRADABLE 0
24 343 414 343 414 370 24 370 BIODEGRADABLE 0
29 359 347 359 347 372 29 372 BIODEGRADABLE 0
57.00000000000001 366 401 366 401 393 57.00000000000001 393 BIODEGRADABLE 0
62.99999999999999 391 379 391 379 410 62.99999999999999 410 BIODEGRADABLE 0