48 195 82 195 82 238.99999999999997 48 238.99999999999997 BIODEGRADABLE 0
46 242.00000000000003 74 242.00000000000003 74 273 46 273 BIODEGRADABLE 0
86 159 136 159 136 238 86 238 BIODEGRADABLE 0
87 237 133 237 133 315 87 315 BIODEGRADABLE 0
144 170 188 170 188 239.99999999999997 144 239.99999999999997 BIODEGRADABLE 0
145 242.00000000000003 189 242.00000000000003 189 307 145 307 BIODEGRADABLE 0
196 170 244 170 244 237 196 237 BIODEGRADABLE 0
196 237 239.99999999999997 237 239.99999999999997 302 196 302 BIODEGRADABLE 0
252.99999999999997 168 301 168 301 238 252.99999999999997 238 BIODEGRADABLE 0
252.99999999999997 235 299 235 299 307 252.99999999999997 307 BIODEGRADABLE 0
308 141 368 141 368 235 308 235 BIODEGRADABLE 0
305 237 368 237 368 329 305 329 BIODEGRADABLE 0