315 2 348 2 348 16 315 16 BIODEGRADABLE 0
302 44 324 44 324 62.99999999999999 302 62.99999999999999 BIODEGRADABLE 0
300 66 337 66 337 91 300 91 BIODEGRADABLE 0
285 102 311 102 311 122 285 122 BIODEGRADABLE 0
289 132 317 132 317 152 289 152 BIODEGRADABLE 0
328 131 346 131 346 142 328 142 BIODEGRADABLE 0
351 177 373 177 373 193 351 193 BIODEGRADABLE 0
237 110 270 110 270 136 237 136 BIODEGRADABLE 0
250 97 278 97 278 112.99999999999999 250 112.99999999999999 BIODEGRADABLE 0
243 68 259 68 259 84 243 84 BIODEGRADABLE 0
238.99999999999997 37 263 37 263 62.99999999999999 238.99999999999997 62.99999999999999 BIODEGRADABLE 0
224 29.999999999999996 246 29.999999999999996 246 52 224 52 BIODEGRADABLE 0
219 2 247 2 247 26 219 26 BIODEGRADABLE 0
206 14 228.00000000000003 14 228.00000000000003 39 206 39 BIODEGRADABLE 0
204 47 228.00000000000003 47 228.00000000000003 72 204 72 BIODEGRADABLE 0
212.99999999999997 41 225.99999999999997 41 225.99999999999997 52 212.99999999999997 52 BIODEGRADABLE 0
195 32 219 32 219 52 195 52 BIODEGRADABLE 0
225.99999999999997 57.00000000000001 246 57.00000000000001 246 76 225.99999999999997 76 BIODEGRADABLE 0
219 77 241.00000000000003 77 241.00000000000003 96 219 96 BIODEGRADABLE 0
210 101 228.00000000000003 101 228.00000000000003 123 210 123 BIODEGRADABLE 0
193 86 209 86 209 104 193 104 BIODEGRADABLE 0
134 19 156 19 156 47 134 47 BIODEGRADABLE 0
154 2 182 2 182 28 154 28 BIODEGRADABLE 0
92 16 118 16 118 35 92 35 BIODEGRADABLE 0
112 1 138 1 138 19 112 19 BIODEGRADABLE 0
106.99999999999999 40 125 40 125 59.99999999999999 106.99999999999999 59.99999999999999 BIODEGRADABLE 0
129 38 149 38 149 52 129 52 BIODEGRADABLE 0
134 21 152 21 152 43 134 43 BIODEGRADABLE 0
116 85 142 85 142 103 116 103 BIODEGRADABLE 0
68 52 90 52 90 68 68 68 BIODEGRADABLE 0
46 13 86 13 86 43 46 43 BIODEGRADABLE 0
53 54.00000000000001 73 54.00000000000001 73 68 53 68 BIODEGRADABLE 0
31 29.999999999999996 51 29.999999999999996 51 55 31 55 BIODEGRADABLE 0
46 69 64 69 64 91 46 91 BIODEGRADABLE 0
62 66 86 66 86 88 62 88 BIODEGRADABLE 0
42 87 77 87 77 106.99999999999999 42 106.99999999999999 BIODEGRADABLE 0
33 82 46 82 46 94 33 94 BIODEGRADABLE 0
31 109 55 109 55 131 31 131 BIODEGRADABLE 0
13 92 33 92 33 112 13 112 BIODEGRADABLE 0
1 74 9 74 9 97 1 97 BIODEGRADABLE 0
81 138 106.99999999999999 138 106.99999999999999 152 81 152 BIODEGRADABLE 0
94 119 116 119 116 138 94 138 BIODEGRADABLE 0
110 129 136 129 136 149 110 149 BIODEGRADABLE 0
101 99 117 99 117 117 101 117 BIODEGRADABLE 0
112 112 123 112 123 128 112 128 BIODEGRADABLE 0
130 132 167 132 167 160 130 160 BIODEGRADABLE 0
118 151 134 151 134 165 118 165 BIODEGRADABLE 0
109 167 127.00000000000001 167 127.00000000000001 186 109 186 BIODEGRADABLE 0
127.00000000000001 163 153 163 153 182 127.00000000000001 182 BIODEGRADABLE 0
158 151 178 151 178 171 158 171 BIODEGRADABLE 0
171 127.00000000000001 193 127.00000000000001 193 159 171 159 BIODEGRADABLE 0
158 106.99999999999999 188 106.99999999999999 188 129 158 129 BIODEGRADABLE 0
195 128 215.00000000000003 128 215.00000000000003 148 195 148 BIODEGRADABLE 0
215.00000000000003 127.00000000000001 243 127.00000000000001 243 160 215.00000000000003 160 BIODEGRADABLE 0
195 153 221 153 221 173 195 173 BIODEGRADABLE 0
178 162 208 162 208 180 178 180 BIODEGRADABLE 0
188 176 208 176 208 196 188 196 BIODEGRADABLE 0
182 195 212 195 212 221 182 221 BIODEGRADABLE 0
215.00000000000003 187 238.99999999999997 187 238.99999999999997 205 215.00000000000003 205 BIODEGRADABLE 0
208 165 236 165 236 193 208 193 BIODEGRADABLE 0
234 176 256 176 256 194 234 194 BIODEGRADABLE 0
241.00000000000003 166 267 166 267 184 241.00000000000003 184 BIODEGRADABLE 0
245 192 265 192 265 208 245 208 BIODEGRADABLE 0
263 195 285 195 285 213.99999999999997 263 213.99999999999997 BIODEGRADABLE 0
259 213.99999999999997 281 213.99999999999997 281 230 259 230 BIODEGRADABLE 0
195 220 215.00000000000003 220 215.00000000000003 236 195 236 BIODEGRADABLE 0
180 231 200 231 200 243 180 243 BIODEGRADABLE 0
191 243 202 243 202 252.99999999999997 191 252.99999999999997 BIODEGRADABLE 0
160 225 184 225 184 245 160 245 BIODEGRADABLE 0
162 209 186 209 186 225 162 225 BIODEGRADABLE 0
184 198 210 198 210 220 184 220 BIODEGRADABLE 0
134 212 154 212 154 232 134 232 BIODEGRADABLE 0
112 209 132 209 132 231 112 231 BIODEGRADABLE 0
125 193 149 193 149 212 125 212 BIODEGRADABLE 0
109 193 125 193 125 209 109 209 BIODEGRADABLE 0
84 209 110 209 110 228.00000000000003 84 228.00000000000003 BIODEGRADABLE 0
86 189 110 189 110 208 86 208 BIODEGRADABLE 0
62 151 86 151 86 165 62 165 BIODEGRADABLE 0
27.000000000000004 173 55 173 55 192 27.000000000000004 192 BIODEGRADABLE 0
7 151 27.000000000000004 151 27.000000000000004 171 7 171 BIODEGRADABLE 0
1 134 13 134 13 164 1 164 BIODEGRADABLE 0
2 170 24 170 24 190 2 190 BIODEGRADABLE 0
53 225.99999999999997 79 225.99999999999997 79 244 53 244 BIODEGRADABLE 0
59 220 68 220 68 225.99999999999997 59 225.99999999999997 BIODEGRADABLE 0
66 239.99999999999997 94 239.99999999999997 94 264 66 264 BIODEGRADABLE 0
61 263 79 263 79 283 61 283 BIODEGRADABLE 0
81 297 94 297 94 310 81 310 BIODEGRADABLE 0
46 296 64 296 64 316 46 316 BIODEGRADABLE 0
44 284 59.99999999999999 284 59.99999999999999 298 44 298 BIODEGRADABLE 0
37 299 48 299 48 311 37 311 BIODEGRADABLE 0
22 248 35 248 35 264 22 264 BIODEGRADABLE 0
20 234 38 234 38 248 20 248 BIODEGRADABLE 0
31 217 44 217 44 236 31 236 BIODEGRADABLE 0
1 232 16 232 16 251 1 251 BIODEGRADABLE 0
1 220 13 220 13 235 1 235 BIODEGRADABLE 0
1 254.00000000000003 11 254.00000000000003 11 274 1 274 BIODEGRADABLE 0
1 254.00000000000003 22 254.00000000000003 22 275 1 275 BIODEGRADABLE 0
20 312 36 312 36 322 20 322 BIODEGRADABLE 0
9 298 27.000000000000004 298 27.000000000000004 316 9 316 BIODEGRADABLE 0
1 293 22 293 22 307 1 307 BIODEGRADABLE 0
0 311 20 311 20 325 0 325 BIODEGRADABLE 0
9 321 27.000000000000004 321 27.000000000000004 335 9 335 BIODEGRADABLE 0
1 324 5 324 5 340 1 340 BIODEGRADABLE 0
1 332 16 332 16 347 1 347 BIODEGRADABLE 0
24 356 50 356 50 374 24 374 BIODEGRADABLE 0
57.00000000000001 358 85 358 85 376 57.00000000000001 376 BIODEGRADABLE 0
72 364 94 364 94 380 72 380 BIODEGRADABLE 0
88 371 108.00000000000001 371 108.00000000000001 393 88 393 BIODEGRADABLE 0
86 393 108.00000000000001 393 108.00000000000001 415 86 415 BIODEGRADABLE 0
68 411 97 411 97 415 68 415 BIODEGRADABLE 0
195 303 228.00000000000003 303 228.00000000000003 323 195 323 BIODEGRADABLE 0
235 274 263 274 263 294 235 294 BIODEGRADABLE 0
250 288 276 288 276 302 250 302 BIODEGRADABLE 0
228.00000000000003 298 263 298 263 322 228.00000000000003 322 BIODEGRADABLE 0
251.99999999999997 321 274 321 274 333 251.99999999999997 333 BIODEGRADABLE 0
265 300 285 300 285 324 265 324 BIODEGRADABLE 0
208 319 234 319 234 335 208 335 BIODEGRADABLE 0
193 322 212.99999999999997 322 212.99999999999997 346 193 346 BIODEGRADABLE 0
202 346 224 346 224 365 202 365 BIODEGRADABLE 0
215.00000000000003 335 238.99999999999997 335 238.99999999999997 354 215.00000000000003 354 BIODEGRADABLE 0
235 339 263 339 263 361 235 361 BIODEGRADABLE 0
222 353 248 353 248 369 222 369 BIODEGRADABLE 0
201 365 217 365 217 379 201 379 BIODEGRADABLE 0
188 372 208 372 208 390 188 390 BIODEGRADABLE 0
189 361 202 361 202 375 189 375 BIODEGRADABLE 0
167 357 191 357 191 376 167 376 BIODEGRADABLE 0
164 341 184 341 184 357 164 357 BIODEGRADABLE 0
149 354 165 354 165 368 149 368 BIODEGRADABLE 0
134 363 160 363 160 379 134 379 BIODEGRADABLE 0
112 380 136 380 136 398 112 398 BIODEGRADABLE 0
116 399 132 399 132 409 116 409 BIODEGRADABLE 0
132 388 156 388 156 410 132 410 BIODEGRADABLE 0
99 406 132 406 132 415 99 415 BIODEGRADABLE 0
142 408 154 408 154 415 142 415 BIODEGRADABLE 0
156 380 167 380 167 395 156 395 BIODEGRADABLE 0
169 378 189 378 189 397 169 397 BIODEGRADABLE 0
205 398 244 398 244 415 205 415 BIODEGRADABLE 0
237 382 263 382 263 401 237 401 BIODEGRADABLE 0
246 355 270 355 270 382 246 382 BIODEGRADABLE 0
265 360 287 360 287 385 265 385 BIODEGRADABLE 0
263 334 285 334 285 358 263 358 BIODEGRADABLE 0
285 316 313 316 313 340 285 340 BIODEGRADABLE 0
276 300 298 300 298 326 276 326 BIODEGRADABLE 0
307 339 335 339 335 360 307 360 BIODEGRADABLE 0
304 363 322 363 322 379 304 379 BIODEGRADABLE 0
340 332 362 332 362 355 340 355 BIODEGRADABLE 0
324 371 359 371 359 396 324 396 BIODEGRADABLE 0
324 392 353 392 353 415 324 415 BIODEGRADABLE 0
361 231 383 231 383 251 361 251 BIODEGRADABLE 0
346 245 374 245 374 263 346 263 BIODEGRADABLE 0
320 250 355 250 355 276 320 276 BIODEGRADABLE 0
346 263 366 263 366 283 346 283 BIODEGRADABLE 0
366 252.99999999999997 384 252.99999999999997 384 278 366 278 BIODEGRADABLE 0
361 283 381 283 381 310 361 310 BIODEGRADABLE 0
335 283 363 283 363 308 335 308 BIODEGRADABLE 0
309 278 333 278 333 296 309 296 BIODEGRADABLE 0
307 264 327 264 327 278 307 278 BIODEGRADABLE 0
293 267 311 267 311 289 293 289 BIODEGRADABLE 0
307 294 327 294 327 313 307 313 BIODEGRADABLE 0
322 306 352 306 352 331 322 331 BIODEGRADABLE 0