278 224 326 224 326 263 278 263 BIODEGRADABLE 0
230 244 302 244 302 307 230 307 BIODEGRADABLE 0
220 294 288 294 288 366 220 366 BIODEGRADABLE 0
187 288 226.99999999999997 288 226.99999999999997 346 187 346 BIODEGRADABLE 0
176 335 220 335 220 377 176 377 BIODEGRADABLE 0
153 294 187 294 187 344 153 344 BIODEGRADABLE 0
89 281 150 281 150 344 89 344 BIODEGRADABLE 0
112.99999999999999 241.00000000000003 171 241.00000000000003 171 305 112.99999999999999 305 BIODEGRADABLE 0
91 237 121.00000000000001 237 121.00000000000001 285 91 285 BIODEGRADABLE 0
96 194 135 194 135 229.00000000000003 96 229.00000000000003 BIODEGRADABLE 0
137 211 176 211 176 241.00000000000003 137 241.00000000000003 BIODEGRADABLE 0
171 235 238.99999999999997 235 238.99999999999997 291 171 291 BIODEGRADABLE 0
212.99999999999997 176 272 176 272 246 212.99999999999997 246 BIODEGRADABLE 0
266 183 318 183 318 231 266 231 BIODEGRADABLE 0
193 100 263 100 263 185 193 185 BIODEGRADABLE 0
143 161 215.00000000000003 161 215.00000000000003 231 143 231 BIODEGRADABLE 0
125.99999999999999 154 172 154 172 200 125.99999999999999 200 BIODEGRADABLE 0
86 146 125.99999999999999 146 125.99999999999999 192 86 192 BIODEGRADABLE 0
150 104 200 104 200 160 150 160 BIODEGRADABLE 0