290 377 414 377 414 415 290 415 BIODEGRADABLE 0
343 325 414 325 414 383 343 383 BIODEGRADABLE 0
286 262 391 262 391 330 286 330 BIODEGRADABLE 0
352 243 414 243 414 323 352 323 BIODEGRADABLE 0
300 190 389 190 389 262 300 262 BIODEGRADABLE 0
265 247 343 247 343 314 265 314 BIODEGRADABLE 0
343 175 414 175 414 245 343 245 BIODEGRADABLE 0
398 163 414 163 414 197 398 197 BIODEGRADABLE 0
140 264 272 264 272 360 140 360 BIODEGRADABLE 0
57.00000000000001 353 245 353 245 415 57.00000000000001 415 BIODEGRADABLE 0
239.99999999999997 320 354 320 354 415 239.99999999999997 415 BIODEGRADABLE 0
149 157 309 157 309 265 149 265 BIODEGRADABLE 0
101 246 197 246 197 354 101 354 BIODEGRADABLE 0
245 91 393 91 393 198 245 198 BIODEGRADABLE 0
330 45 414 45 414 149 330 149 BIODEGRADABLE 0
1 0 178 0 178 415 1 415 BIODEGRADABLE 0
53 97 105 97 105 135 53 135 BIODEGRADABLE 0
96 133 121.00000000000001 133 121.00000000000001 163 96 163 BIODEGRADABLE 0
112 134 167 134 167 172 112 172 BIODEGRADABLE 0
128 128 183 128 183 160 128 160 BIODEGRADABLE 0
174 148 202 148 202 164 174 164 BIODEGRADABLE 0
144 169 176 169 176 197 144 197 BIODEGRADABLE 0
181 115 247 115 247 153 181 153 BIODEGRADABLE 0
194 66 256 66 256 122 194 122 BIODEGRADABLE 0
238 54.00000000000001 298 54.00000000000001 298 92 238 92 BIODEGRADABLE 0
259 83 307 83 307 103 259 103 BIODEGRADABLE 0
274 36 334 36 334 86 274 86 BIODEGRADABLE 0
313 17 377 17 377 39 313 39 BIODEGRADABLE 0
336 0 393 0 393 20 336 20 BIODEGRADABLE 0
394 0 414 0 414 18 394 18 BIODEGRADABLE 0
300 0 336 0 336 18 300 18 BIODEGRADABLE 0
251.99999999999997 0 316 0 316 45 251.99999999999997 45 BIODEGRADABLE 0
225.99999999999997 17 272 17 272 56 225.99999999999997 56 BIODEGRADABLE 0
211 0 279 0 279 14.999999999999998 211 14.999999999999998 BIODEGRADABLE 0
160 2 222 2 222 40 160 40 BIODEGRADABLE 0
162 31 233 31 233 79 162 79 BIODEGRADABLE 0
144 82 204 82 204 124 144 124 BIODEGRADABLE 0
99 103 149 103 149 135 99 135 BIODEGRADABLE 0
106 59 156 59 156 104 106 104 BIODEGRADABLE 0
101 89 115 89 115 101 101 101 BIODEGRADABLE 0
147 62 172 62 172 78 147 78 BIODEGRADABLE 0
55 56 105 56 105 89 55 89 BIODEGRADABLE 0
73 83 112 83 112 98 73 98 BIODEGRADABLE 0
87 27.000000000000004 125.99999999999999 27.000000000000004 125.99999999999999 62.99999999999999 87 62.99999999999999 BIODEGRADABLE 0
124 20 163 20 163 62 124 62 BIODEGRADABLE 0
137 1 181 1 181 23 137 23 BIODEGRADABLE 0
1 0 415 0 415 415 1 415 BIODEGRADABLE 0