305 94 353 94 353 169 305 169 BIODEGRADABLE 0
324 215.00000000000003 356 215.00000000000003 356 290 324 290 BIODEGRADABLE 0
259 169 323 169 323 295 259 295 BIODEGRADABLE 0
248 92 301 92 301 196 248 196 BIODEGRADABLE 0
270 37 331 37 331 125.99999999999999 270 125.99999999999999 BIODEGRADABLE 0
173 221 243 221 243 337 173 337 BIODEGRADABLE 0
122 174 206 174 206 278 122 278 BIODEGRADABLE 0
111 233 178 233 178 325 111 325 BIODEGRADABLE 0
163 319 222 319 222 411 163 411 BIODEGRADABLE 0
79 270 127.00000000000001 270 127.00000000000001 340 79 340 BIODEGRADABLE 0
59.99999999999999 322 130 322 130 404 59.99999999999999 404 BIODEGRADABLE 0