2 122 45 122 45 201 2 201 BIODEGRADABLE 0
2 199 45 199 45 252.99999999999997 2 252.99999999999997 BIODEGRADABLE 0
1 252.99999999999997 43 252.99999999999997 43 315 1 315 BIODEGRADABLE 0
2 325 49 325 49 414 2 414 BIODEGRADABLE 0
29.999999999999996 364 143 364 143 414 29.999999999999996 414 BIODEGRADABLE 0
91 235 125 235 125 305 91 305 BIODEGRADABLE 0
104 275 128 275 128 322 104 322 BIODEGRADABLE 0
59.99999999999999 277 105 277 105 327 59.99999999999999 327 BIODEGRADABLE 0
34 302 62.99999999999999 302 62.99999999999999 322 34 322 BIODEGRADABLE 0
27.000000000000004 134 110 134 110 305 27.000000000000004 305 BIODEGRADABLE 0
2 87 74 87 74 159 2 159 BIODEGRADABLE 0
44 109 118 109 118 169 44 169 BIODEGRADABLE 0
9 1 76 1 76 112 9 112 BIODEGRADABLE 0
2 62 86 62 86 116 2 116 BIODEGRADABLE 0
81 1 175 1 175 119 81 119 BIODEGRADABLE 0
111 99 161 99 161 228.00000000000003 111 228.00000000000003 BIODEGRADABLE 0
110 116 160 116 160 218 110 218 BIODEGRADABLE 0
123 225 161 225 161 297 123 297 BIODEGRADABLE 0
142 235 186 235 186 305 142 305 BIODEGRADABLE 0
136 290 170 290 170 340 136 340 BIODEGRADABLE 0
182 186 220 186 220 265 182 265 BIODEGRADABLE 0
212.99999999999997 189 247 189 247 252.99999999999997 212.99999999999997 252.99999999999997 BIODEGRADABLE 0
247 206 279 206 279 273 247 273 BIODEGRADABLE 0
251 252.99999999999997 337 252.99999999999997 337 300 251 300 BIODEGRADABLE 0
264 235 311 235 311 347 264 347 BIODEGRADABLE 0
290 218 319 218 319 260 290 260 BIODEGRADABLE 0
286 201 312 201 312 235 286 235 BIODEGRADABLE 0
319 181 347 181 347 228.00000000000003 319 228.00000000000003 BIODEGRADABLE 0
319 223 344 223 344 260 319 260 BIODEGRADABLE 0
222 280 266 280 266 344 222 344 BIODEGRADABLE 0
201 300 223 300 223 342 201 342 BIODEGRADABLE 0
192 243 252.99999999999997 243 252.99999999999997 300 192 300 BIODEGRADABLE 0
172 275 200 275 200 337 172 337 BIODEGRADABLE 0
300 203 392 203 392 352 300 352 BIODEGRADABLE 0
358 193 405 193 405 282 358 282 BIODEGRADABLE 0
359 116 415 116 415 233 359 233 BIODEGRADABLE 0
289 89 373 89 373 218 289 218 BIODEGRADABLE 0
133 125.99999999999999 294 125.99999999999999 294 228.00000000000003 133 228.00000000000003 BIODEGRADABLE 0
171 89 220 89 220 136 171 136 BIODEGRADABLE 0
222 105 278 105 278 139 222 139 BIODEGRADABLE 0
273 94 323 94 323 144 273 144 BIODEGRADABLE 0