85 164 226.99999999999997 164 226.99999999999997 254.00000000000003 85 254.00000000000003 BIODEGRADABLE 0
59.99999999999999 299 200 299 200 385 59.99999999999999 385 BIODEGRADABLE 0
172 273 249 273 249 337 172 337 BIODEGRADABLE 0
254.00000000000003 274 406 274 406 356 254.00000000000003 356 BIODEGRADABLE 0
304 215.00000000000003 414 215.00000000000003 414 291 304 291 BIODEGRADABLE 0
226.99999999999997 160 359 160 359 247 226.99999999999997 247 BIODEGRADABLE 0
185 228.00000000000003 289 228.00000000000003 289 276 185 276 BIODEGRADABLE 0
50 232 180 232 180 298 50 298 BIODEGRADABLE 0
1 153 87 153 87 260 1 260 BIODEGRADABLE 0
75 162 152 162 152 210 75 210 BIODEGRADABLE 0
72 81 192 81 192 161 72 161 BIODEGRADABLE 0
175 124 307 124 307 198 175 198 BIODEGRADABLE 0
259 65 406 65 406 153 259 153 BIODEGRADABLE 0
314 143 414 143 414 211 314 211 BIODEGRADABLE 0