384 349 415 349 415 372 384 372 BIODEGRADABLE 0
108.00000000000001 383 146 383 146 405 108.00000000000001 405 BIODEGRADABLE 0
108.00000000000001 178 264 178 264 387 108.00000000000001 387 BIODEGRADABLE 0
54.00000000000001 226.99999999999997 114.00000000000001 226.99999999999997 114.00000000000001 391 54.00000000000001 391 BIODEGRADABLE 0
2 300 71 300 71 392 2 392 BIODEGRADABLE 0
266 194 339 194 339 384 266 384 BIODEGRADABLE 0
328 293 390 293 390 381 328 381 BIODEGRADABLE 0
148 118 208 118 208 172 148 172 BIODEGRADABLE 0
124 137 148 137 148 174 124 174 BIODEGRADABLE 0
212.99999999999997 135 247 135 247 167 212.99999999999997 167 BIODEGRADABLE 0
153 105 200 105 200 118 153 118 BIODEGRADABLE 0