0 287 40 287 40 395 0 395 BIODEGRADABLE 0
35 210 117 210 117 412 35 412 BIODEGRADABLE 0
86 345 128 345 128 401 86 401 BIODEGRADABLE 0
123 229.00000000000003 212.99999999999997 229.00000000000003 212.99999999999997 377 123 377 BIODEGRADABLE 0
162 259 204 259 204 289 162 289 BIODEGRADABLE 0
130 261 186 261 186 367 130 367 BIODEGRADABLE 0
132 261 202 261 202 403 132 403 BIODEGRADABLE 0
168 205 281 205 281 415 168 415 BIODEGRADABLE 0
159 136 248 136 248 289 159 289 BIODEGRADABLE 0
263 185 297 185 297 235 263 235 BIODEGRADABLE 0
219 300 330 300 330 356 219 356 BIODEGRADABLE 0
283 306 335 306 335 390 283 390 BIODEGRADABLE 0
242.00000000000003 348 288 348 288 384 242.00000000000003 384 BIODEGRADABLE 0
241.00000000000003 314 415 314 415 416 241.00000000000003 416 BIODEGRADABLE 0
343 274 415 274 415 350 343 350 BIODEGRADABLE 0
340 233 388 233 388 321 340 321 BIODEGRADABLE 0
381 250 408 250 408 296 381 296 BIODEGRADABLE 0
296 170 415 170 415 244 296 244 BIODEGRADABLE 0
262 85 414 85 414 203 262 203 BIODEGRADABLE 0
331 69 415 69 415 127.00000000000001 331 127.00000000000001 BIODEGRADABLE 0
339 37 415 37 415 112.99999999999999 339 112.99999999999999 BIODEGRADABLE 0
340 39 404 39 404 73 340 73 BIODEGRADABLE 0
310 48 342 48 342 106 310 106 BIODEGRADABLE 0
294 43 320 43 320 69 294 69 BIODEGRADABLE 0
278 56 318 56 318 106 278 106 BIODEGRADABLE 0
264 43 291 43 291 97 264 97 BIODEGRADABLE 0
211 41 276 41 276 177 211 177 BIODEGRADABLE 0
245 93 319 93 319 190 245 190 BIODEGRADABLE 0
269 80 415 80 415 200 269 200 BIODEGRADABLE 0
204 44 242.00000000000003 44 242.00000000000003 162 204 162 BIODEGRADABLE 0
170 61 212 61 212 171 170 171 BIODEGRADABLE 0
186 149 222 149 222 190 186 190 BIODEGRADABLE 0
202 190 256 190 256 216.00000000000003 202 216.00000000000003 BIODEGRADABLE 0
182 177 256 177 256 287 182 287 BIODEGRADABLE 0
186 207 275 207 275 403 186 403 BIODEGRADABLE 0
8 149 170 149 170 197 8 197 BIODEGRADABLE 0
1 56 83 56 83 188 1 188 BIODEGRADABLE 0
0 50 51 50 51 119 0 119 BIODEGRADABLE 0
0 40 42 40 42 89 0 89 BIODEGRADABLE 0
92 41 192 41 192 95 92 95 BIODEGRADABLE 0
88 43 196 43 196 145 88 145 BIODEGRADABLE 0
159 71 197 71 197 140 159 140 BIODEGRADABLE 0
177 65 215.00000000000003 65 215.00000000000003 171 177 171 BIODEGRADABLE 0
140 123 164 123 164 159 140 159 BIODEGRADABLE 0
92 195 157 195 157 259 92 259 BIODEGRADABLE 0
74 190 110 190 110 246 74 246 BIODEGRADABLE 0
56 243 166 243 166 289 56 289 BIODEGRADABLE 0
27.000000000000004 291 207 291 207 319 27.000000000000004 319 BIODEGRADABLE 0
16 233 48 233 48 295 16 295 BIODEGRADABLE 0
0 201 38 201 38 261 0 261 BIODEGRADABLE 0
244 319 413 319 413 415 244 415 BIODEGRADABLE 0
343 388 394 388 394 414 343 414 BIODEGRADABLE 0
0 40 415 40 415 416 0 416 BIODEGRADABLE 0