324 2 414 2 414 266 324 266 BIODEGRADABLE 0
305 229.00000000000003 412 229.00000000000003 412 415 305 415 BIODEGRADABLE 0
366 340 415 340 415 415 366 415 BIODEGRADABLE 0
230 85 380 85 380 381 230 381 BIODEGRADABLE 0
251 2 356 2 356 92 251 92 BIODEGRADABLE 0
161 2 322 2 322 164 161 164 BIODEGRADABLE 0
210 47 322 47 322 206 210 206 BIODEGRADABLE 0
189 102 245 102 245 174 189 174 BIODEGRADABLE 0
105 89 195 89 195 166 105 166 BIODEGRADABLE 0
17 116 105 116 105 158 17 158 BIODEGRADABLE 0
0 5 202 5 202 139 0 139 BIODEGRADABLE 0
1 2 99 2 99 64 1 64 BIODEGRADABLE 0
1 105 22 105 22 147 1 147 BIODEGRADABLE 0
1 145 39 145 39 177 1 177 BIODEGRADABLE 0
24 156 119.99999999999999 156 119.99999999999999 201 24 201 BIODEGRADABLE 0
0 179 24 179 24 216.00000000000003 0 216.00000000000003 BIODEGRADABLE 0
1 162 210 162 210 259 1 259 BIODEGRADABLE 0
1 225 176 225 176 316 1 316 BIODEGRADABLE 0
47 217 281 217 281 333 47 333 BIODEGRADABLE 0
152 164 300 164 300 272 152 272 BIODEGRADABLE 0
116 299 239.99999999999997 299 239.99999999999997 351 116 351 BIODEGRADABLE 0
363 143 399 143 399 251 363 251 BIODEGRADABLE 0
274 376 318 376 318 415 274 415 BIODEGRADABLE 0
199 369 275 369 275 415 199 415 BIODEGRADABLE 0
111 316 243 316 243 415 111 415 BIODEGRADABLE 0
27.000000000000004 360 131 360 131 415 27.000000000000004 415 BIODEGRADABLE 0
1 348 46 348 46 415 1 415 BIODEGRADABLE 0
1 303 301 303 301 415 1 415 BIODEGRADABLE 0
1 1 415 1 415 415 1 415 BIODEGRADABLE 0