202 16 349 16 349 336 202 336 BIODEGRADABLE 0
345 26 415 26 415 178 345 178 BIODEGRADABLE 0
347 119 415 119 415 212.99999999999997 347 212.99999999999997 BIODEGRADABLE 0
391 68 415 68 415 168 391 168 BIODEGRADABLE 0
257 187 399 187 399 365 257 365 BIODEGRADABLE 0
277 261 387 261 387 413 277 413 BIODEGRADABLE 0
358 325 416 325 416 415 358 415 BIODEGRADABLE 0
333 235 415 235 415 415 333 415 BIODEGRADABLE 0
230 371 282 371 282 415 230 415 BIODEGRADABLE 0
192 290 254.00000000000003 290 254.00000000000003 410 192 410 BIODEGRADABLE 0
122 119 208 119 208 371 122 371 BIODEGRADABLE 0
136 351 188 351 188 413 136 413 BIODEGRADABLE 0
62 258 134 258 134 415 62 415 BIODEGRADABLE 0
76 65 133 65 133 265 76 265 BIODEGRADABLE 0
18 17 89 17 89 255.00000000000003 18 255.00000000000003 BIODEGRADABLE 0
1 116 61 116 61 355 1 355 BIODEGRADABLE 0
1 343 52 343 52 415 1 415 BIODEGRADABLE 0