273 2 355 2 355 48 273 48 BIODEGRADABLE 0
223 2 277 2 277 37 223 37 BIODEGRADABLE 0
180 2 224 2 224 26 180 26 BIODEGRADABLE 0
165 19 237 19 237 65 165 65 BIODEGRADABLE 0
143 20 184 20 184 64 143 64 BIODEGRADABLE 0
112.99999999999999 43 143 43 143 83 112.99999999999999 83 BIODEGRADABLE 0
110 73 156 73 156 121.00000000000001 110 121.00000000000001 BIODEGRADABLE 0
143 67 187 67 187 105 143 105 BIODEGRADABLE 0
182 59 256 59 256 121.00000000000001 182 121.00000000000001 BIODEGRADABLE 0
238.99999999999997 31 295 31 295 89 238.99999999999997 89 BIODEGRADABLE 0
284 51 342 51 342 119 284 119 BIODEGRADABLE 0
332 53 408 53 408 127.00000000000001 332 127.00000000000001 BIODEGRADABLE 0
235 110 321 110 321 178 235 178 BIODEGRADABLE 0
135 106.99999999999999 224 106.99999999999999 224 158 135 158 BIODEGRADABLE 0
165 146 249 146 249 208 165 208 BIODEGRADABLE 0
87 143 167 143 167 200 87 200 BIODEGRADABLE 0
87 135 139 135 139 153 87 153 BIODEGRADABLE 0
104 112.99999999999999 134 112.99999999999999 134 135 104 135 BIODEGRADABLE 0
137 199 197 199 197 234 137 234 BIODEGRADABLE 0
79 196 139 196 139 234 79 234 BIODEGRADABLE 0
65 180 93 180 93 212 65 212 BIODEGRADABLE 0
111 250 133 250 133 272 111 272 BIODEGRADABLE 0
125.99999999999999 237 180 237 180 291 125.99999999999999 291 BIODEGRADABLE 0
167 218 234 218 234 282 167 282 BIODEGRADABLE 0
201 173 273 173 273 230 201 230 BIODEGRADABLE 0
225.99999999999997 225 280 225 280 267 225.99999999999997 267 BIODEGRADABLE 0
247 181 331 181 331 243 247 243 BIODEGRADABLE 0
323 186 367 186 367 228.00000000000003 323 228.00000000000003 BIODEGRADABLE 0
340 135 414 135 414 208 340 208 BIODEGRADABLE 0
319 112.99999999999999 395 112.99999999999999 395 167 319 167 BIODEGRADABLE 0
321 210 414 210 414 276 321 276 BIODEGRADABLE 0
267 244 334 244 334 297 267 297 BIODEGRADABLE 0
327 265 392 265 392 299 327 299 BIODEGRADABLE 0
291 299 380 299 380 356 291 356 BIODEGRADABLE 0
234 267 304 267 304 318 234 318 BIODEGRADABLE 0
200 286 278 286 278 328 200 328 BIODEGRADABLE 0
221 318 310 318 310 377 221 377 BIODEGRADABLE 0
245 366 325 366 325 415 245 415 BIODEGRADABLE 0
174 332 234 332 234 381 174 381 BIODEGRADABLE 0
205 386 263 386 263 415 205 415 BIODEGRADABLE 0
188 378 225.99999999999997 378 225.99999999999997 415 188 415 BIODEGRADABLE 0
150 305 191 305 191 331 150 331 BIODEGRADABLE 0
159 283 200 283 200 311 159 311 BIODEGRADABLE 0