2 318 31 318 31 414 2 414 BIODEGRADABLE 0
14.999999999999998 368 85 368 85 414 14.999999999999998 414 BIODEGRADABLE 0
24 342 65 342 65 380 24 380 BIODEGRADABLE 0
2 234 25 234 25 318 2 318 BIODEGRADABLE 0
70 330 131 330 131 414 70 414 BIODEGRADABLE 0
47 307 100 307 100 375 47 375 BIODEGRADABLE 0
20 259 81 259 81 343 20 343 BIODEGRADABLE 0
1 210 35 210 35 262 1 262 BIODEGRADABLE 0
32 166 118 166 118 266 32 266 BIODEGRADABLE 0
18 152 83 152 83 213.99999999999997 18 213.99999999999997 BIODEGRADABLE 0
2 177 26 177 26 223 2 223 BIODEGRADABLE 0
2 112 40 112 40 178 2 178 BIODEGRADABLE 0
1 91 38 91 38 132 1 132 BIODEGRADABLE 0
2 53 22 53 22 91 2 91 BIODEGRADABLE 0
36 89 80 89 80 151 36 151 BIODEGRADABLE 0
20 44 69 44 69 98 20 98 BIODEGRADABLE 0
2 9 37 9 37 77 2 77 BIODEGRADABLE 0
1 1 26 1 26 18 1 18 BIODEGRADABLE 0
24 0 47 0 47 14 24 14 BIODEGRADABLE 0
34 1 78 1 78 43 34 43 BIODEGRADABLE 0
62 41 100 41 100 121.00000000000001 62 121.00000000000001 BIODEGRADABLE 0
88 93 140 93 140 159 88 159 BIODEGRADABLE 0
136 362 198 362 198 414 136 414 BIODEGRADABLE 0
119 392 141 392 141 414 119 414 BIODEGRADABLE 0
98 287 191 287 191 394 98 394 BIODEGRADABLE 0
80 241.00000000000003 132 241.00000000000003 132 321 80 321 BIODEGRADABLE 0
138 266 165 266 165 298 138 298 BIODEGRADABLE 0
106 221 152 221 152 278 106 278 BIODEGRADABLE 0
100 148 158 148 158 216.00000000000003 100 216.00000000000003 BIODEGRADABLE 0
130 96 192 96 192 171 130 171 BIODEGRADABLE 0
97 37 147 37 147 103 97 103 BIODEGRADABLE 0
122 36 165 36 165 98 122 98 BIODEGRADABLE 0
103 23 137 23 137 53 103 53 BIODEGRADABLE 0
73 1 108.00000000000001 1 108.00000000000001 46 73 46 BIODEGRADABLE 0
110 0 138 0 138 29.999999999999996 110 29.999999999999996 BIODEGRADABLE 0
135 1 180 1 180 43 135 43 BIODEGRADABLE 0
156 25 202 25 202 82 156 82 BIODEGRADABLE 0
178 66 221 66 221 141 178 141 BIODEGRADABLE 0
191 125 233 125 233 173 191 173 BIODEGRADABLE 0
176 162 212 162 212 187 176 187 BIODEGRADABLE 0
162 171 177 171 177 187 162 187 BIODEGRADABLE 0
141 178 205 178 205 248 141 248 BIODEGRADABLE 0
155 230 241.00000000000003 230 241.00000000000003 300 155 300 BIODEGRADABLE 0
188 307 270 307 270 414 188 414 BIODEGRADABLE 0
221 278 279 278 279 369 221 369 BIODEGRADABLE 0
260 348 298 348 298 414 260 414 BIODEGRADABLE 0
197 398 268 398 268 414 197 414 BIODEGRADABLE 0
275 282 351 282 351 362 275 362 BIODEGRADABLE 0
234 191 324 191 324 284 234 284 BIODEGRADABLE 0
218 151 270 151 270 205 218 205 BIODEGRADABLE 0
236 100 284 100 284 166 236 166 BIODEGRADABLE 0
224 84 273 84 273 148 224 148 BIODEGRADABLE 0
209 25 255.00000000000003 25 255.00000000000003 106.99999999999999 209 106.99999999999999 BIODEGRADABLE 0
194 1 247 1 247 53 194 53 BIODEGRADABLE 0
166 1 199 1 199 21 166 21 BIODEGRADABLE 0
245 1 291 1 291 43 245 43 BIODEGRADABLE 0
258 7 324 7 324 87 258 87 BIODEGRADABLE 0
289 348 357 348 357 414 289 414 BIODEGRADABLE 0
357 361 415 361 415 414 357 414 BIODEGRADABLE 0
392 343 415 343 415 362 392 362 BIODEGRADABLE 0
344 341 398 341 398 393 344 393 BIODEGRADABLE 0
347 264 409 264 409 346 347 346 BIODEGRADABLE 0
312 243 353 243 353 296 312 296 BIODEGRADABLE 0
316 184 368 184 368 243 316 243 BIODEGRADABLE 0
341 198 394 198 394 264 341 264 BIODEGRADABLE 0
394 225 416 225 416 282 394 282 BIODEGRADABLE 0
408 261 415 261 415 340 408 340 BIODEGRADABLE 0
372 165 415 165 415 228.00000000000003 372 228.00000000000003 BIODEGRADABLE 0
328 127.00000000000001 378 127.00000000000001 378 189 328 189 BIODEGRADABLE 0
300 136 336 136 336 191 300 191 BIODEGRADABLE 0
263 169 315 169 315 207 263 207 BIODEGRADABLE 0
274 128 314 128 314 169 274 169 BIODEGRADABLE 0
274 54.00000000000001 315 54.00000000000001 315 132 274 132 BIODEGRADABLE 0
306 37 372 37 372 137 306 137 BIODEGRADABLE 0
314 1 359 1 359 43 314 43 BIODEGRADABLE 0
289 0 329 0 329 14 289 14 BIODEGRADABLE 0
321 1 387 1 387 41 321 41 BIODEGRADABLE 0
369 13 415 13 415 112 369 112 BIODEGRADABLE 0
369 77 393 77 393 125 369 125 BIODEGRADABLE 0
359 114.00000000000001 391 114.00000000000001 391 164 359 164 BIODEGRADABLE 0
389 136 415 136 415 178 389 178 BIODEGRADABLE 0
389 100 415 100 415 147 389 147 BIODEGRADABLE 0
387 1 415 1 415 19 387 19 BIODEGRADABLE 0