355 3 415 3 415 127.00000000000001 355 127.00000000000001 BIODEGRADABLE 0
347 3 397 3 397 29.999999999999996 347 29.999999999999996 BIODEGRADABLE 0
399 3 415 3 415 14.999999999999998 399 14.999999999999998 BIODEGRADABLE 0
252.99999999999997 14.999999999999998 371 14.999999999999998 371 255.00000000000003 252.99999999999997 255.00000000000003 BIODEGRADABLE 0
201 134 387 134 387 347 201 347 BIODEGRADABLE 0
379 196 407 196 407 233 379 233 BIODEGRADABLE 0
349 228.00000000000003 387 228.00000000000003 387 290 349 290 BIODEGRADABLE 0
382 223 404 223 404 278 382 278 BIODEGRADABLE 0
399 198 415 198 415 245 399 245 BIODEGRADABLE 0
333 270 390 270 390 342 333 342 BIODEGRADABLE 0
391 248 415 248 415 313 391 313 BIODEGRADABLE 0
372 295 415 295 415 372 372 372 BIODEGRADABLE 0
317 334 375 334 375 415 317 415 BIODEGRADABLE 0
364 361 416 361 416 415 364 415 BIODEGRADABLE 0
395 401 416 401 416 415 395 415 BIODEGRADABLE 0
312 307 336 307 336 339 312 339 BIODEGRADABLE 0
307 295 332 295 332 325 307 325 BIODEGRADABLE 0
293 315 311 315 311 335 293 335 BIODEGRADABLE 0
311 332 323 332 323 357 311 357 BIODEGRADABLE 0
297 335 313 335 313 362 297 362 BIODEGRADABLE 0
307 359 318 359 318 379 307 379 BIODEGRADABLE 0
285 322 296 322 296 342 285 342 BIODEGRADABLE 0
248 166 284 166 284 236 248 236 BIODEGRADABLE 0
218 225 260 225 260 285 218 285 BIODEGRADABLE 0
219 174 252.99999999999997 174 252.99999999999997 225.99999999999997 219 225.99999999999997 BIODEGRADABLE 0
199 181 221 181 221 221 199 221 BIODEGRADABLE 0
176 218 219 218 219 297 176 297 BIODEGRADABLE 0
158 290 201 290 201 372 158 372 BIODEGRADABLE 0
167 233 178 233 178 285 167 285 BIODEGRADABLE 0
155 191 194 191 194 241.00000000000003 155 241.00000000000003 BIODEGRADABLE 0
110 201 164 201 164 278 110 278 BIODEGRADABLE 0
138 260 172 260 172 310 138 310 BIODEGRADABLE 0
144 297 161 297 161 339 144 339 BIODEGRADABLE 0
117 273 144 273 144 317 117 317 BIODEGRADABLE 0
200 332 254.00000000000003 332 254.00000000000003 376 200 376 BIODEGRADABLE 0
255.00000000000003 332 277 332 277 352 255.00000000000003 352 BIODEGRADABLE 0
229.00000000000003 347 262 347 262 401 229.00000000000003 401 BIODEGRADABLE 0
261 330 301 330 301 414 261 414 BIODEGRADABLE 0
285 361 318 361 318 415 285 415 BIODEGRADABLE 0
219 366 263 366 263 415 219 415 BIODEGRADABLE 0
209 369 228.00000000000003 369 228.00000000000003 415 209 415 BIODEGRADABLE 0
161 359 210 359 210 415 161 415 BIODEGRADABLE 0
264 3 328 3 328 112 264 112 BIODEGRADABLE 0
294 2 326 2 326 25 294 25 BIODEGRADABLE 0
73 317 167 317 167 415 73 415 BIODEGRADABLE 0
1 357 82 357 82 415 1 415 BIODEGRADABLE 0
0 319 35 319 35 411 0 411 BIODEGRADABLE 0
36 349 74 349 74 379 36 379 BIODEGRADABLE 0
50 310 74 310 74 360 50 360 BIODEGRADABLE 0
70 312 119.99999999999999 312 119.99999999999999 384 70 384 BIODEGRADABLE 0
59.99999999999999 255.00000000000003 114.00000000000001 255.00000000000003 114.00000000000001 334 59.99999999999999 334 BIODEGRADABLE 0
72 174 118 174 118 252.99999999999997 72 252.99999999999997 BIODEGRADABLE 0
42 169 91 169 91 268 42 268 BIODEGRADABLE 0
46 248 68 248 68 277 46 277 BIODEGRADABLE 0
17 277 66 277 66 354 17 354 BIODEGRADABLE 0
0 302 17 302 17 327 0 327 BIODEGRADABLE 0
0 223 28 223 28 302 0 302 BIODEGRADABLE 0
1 167 45 167 45 223 1 223 BIODEGRADABLE 0
28 216.00000000000003 48 216.00000000000003 48 278 28 278 BIODEGRADABLE 0
90 144 122 144 122 196 90 196 BIODEGRADABLE 0
116 166 146 166 146 220 116 220 BIODEGRADABLE 0
147 154 171 154 171 211 147 211 BIODEGRADABLE 0
164 156 194 156 194 206 164 206 BIODEGRADABLE 0
194 129 236 129 236 181 194 181 BIODEGRADABLE 0
236 129 265 129 265 171 236 171 BIODEGRADABLE 0
242.00000000000003 82 282 82 282 152 242.00000000000003 152 BIODEGRADABLE 0
213.99999999999997 7 254.00000000000003 7 254.00000000000003 99 213.99999999999997 99 BIODEGRADABLE 0
233 35 264 35 264 102 233 102 BIODEGRADABLE 0
238.99999999999997 3 275 3 275 33 238.99999999999997 33 BIODEGRADABLE 0
188 3 228.00000000000003 3 228.00000000000003 50 188 50 BIODEGRADABLE 0
172 3 197 3 197 29.999999999999996 172 29.999999999999996 BIODEGRADABLE 0
136 5 184 5 184 75 136 75 BIODEGRADABLE 0
175 32 204 32 204 94 175 94 BIODEGRADABLE 0
1 116 90 116 90 174 1 174 BIODEGRADABLE 0
0 77 35 77 35 127.00000000000001 0 127.00000000000001 BIODEGRADABLE 0
0 18 17 18 17 92 0 92 BIODEGRADABLE 0
0 3 42 3 42 89 0 89 BIODEGRADABLE 0
22 2 75 2 75 72 22 72 BIODEGRADABLE 0
56 29.999999999999996 102 29.999999999999996 102 112 56 112 BIODEGRADABLE 0
28 84 85 84 85 154 28 154 BIODEGRADABLE 0
69 114.00000000000001 85 114.00000000000001 85 144 69 144 BIODEGRADABLE 0
79 2 125.99999999999999 2 125.99999999999999 77 79 77 BIODEGRADABLE 0
110 3 152 3 152 43 110 43 BIODEGRADABLE 0
115 55 153 55 153 127.00000000000001 115 127.00000000000001 BIODEGRADABLE 0
144 47 176 47 176 119 144 119 BIODEGRADABLE 0
167 85 199 85 199 149 167 149 BIODEGRADABLE 0
154 109 178 109 178 159 154 159 BIODEGRADABLE 0
123 117 161 117 161 174 123 174 BIODEGRADABLE 0
89 94 129 94 129 154 89 154 BIODEGRADABLE 0