84 114.00000000000001 236 114.00000000000001 236 318 84 318 BIODEGRADABLE 0
37 272 155 272 155 414 37 414 BIODEGRADABLE 0
2 234 50 234 50 376 2 376 BIODEGRADABLE 0
1 356 45 356 45 414 1 414 BIODEGRADABLE 0
2 69 95 69 95 241.00000000000003 2 241.00000000000003 BIODEGRADABLE 0
1 0 84 0 84 74 1 74 BIODEGRADABLE 0
81 0 209 0 209 78 81 78 BIODEGRADABLE 0
81 69 194 69 194 163 81 163 BIODEGRADABLE 0
132 354 213.99999999999997 354 213.99999999999997 414 132 414 BIODEGRADABLE 0
147 303 215.00000000000003 303 215.00000000000003 361 147 361 BIODEGRADABLE 0
190 223 255.00000000000003 223 255.00000000000003 323 190 323 BIODEGRADABLE 0
192 78 282 78 282 194 192 194 BIODEGRADABLE 0
179 0 273 0 273 123 179 123 BIODEGRADABLE 0
260 0 324 0 324 58 260 58 BIODEGRADABLE 0
296 18 368 18 368 132 296 132 BIODEGRADABLE 0
268 54.00000000000001 296 54.00000000000001 296 98 268 98 BIODEGRADABLE 0
301 136 339 136 339 205 301 205 BIODEGRADABLE 0
263 105 303 105 303 185 263 185 BIODEGRADABLE 0
254.00000000000003 185 316 185 316 279 254.00000000000003 279 BIODEGRADABLE 0
285 282 309 282 309 336 285 336 BIODEGRADABLE 0
237 280 285 280 285 334 237 334 BIODEGRADABLE 0
200 316 266 316 266 400 200 400 BIODEGRADABLE 0
181 398 246 398 246 414 181 414 BIODEGRADABLE 0
293 249 339 249 339 307 293 307 BIODEGRADABLE 0
328 199 364 199 364 245 328 245 BIODEGRADABLE 0
339 118 384 118 384 196 339 196 BIODEGRADABLE 0
364 176 406 176 406 242.00000000000003 364 242.00000000000003 BIODEGRADABLE 0
371 75 415 75 415 152 371 152 BIODEGRADABLE 0
379 11 411 11 411 71 379 71 BIODEGRADABLE 0
334 5 379 5 379 69 334 69 BIODEGRADABLE 0
322 0 346 0 346 18 322 18 BIODEGRADABLE 0
348 0 402 0 402 20 348 20 BIODEGRADABLE 0
48 147 108.00000000000001 147 108.00000000000001 173 48 173 BIODEGRADABLE 0