337 318 415 318 415 414 337 414 BIODEGRADABLE 0
379 200 415 200 415 346 379 346 BIODEGRADABLE 0
394 130 415 130 415 205 394 205 BIODEGRADABLE 0
370 194 409 194 409 262 370 262 BIODEGRADABLE 0
340 106.99999999999999 394 106.99999999999999 394 241.00000000000003 340 241.00000000000003 BIODEGRADABLE 0
351 77 415 77 415 157 351 157 BIODEGRADABLE 0
353 43 407 43 407 100 353 100 BIODEGRADABLE 0
373 0 415 0 415 50 373 50 BIODEGRADABLE 0
404 44 414 44 414 87 404 87 BIODEGRADABLE 0
322 78 356 78 356 128 322 128 BIODEGRADABLE 0
295 0 367 0 367 87 295 87 BIODEGRADABLE 0
357 0 373 0 373 46 357 46 BIODEGRADABLE 0
284 39 306 39 306 89 284 89 BIODEGRADABLE 0
279 0 309 0 309 34 279 34 BIODEGRADABLE 0
222 0 293 0 293 82 222 82 BIODEGRADABLE 0
238.99999999999997 68 287 68 287 143 238.99999999999997 143 BIODEGRADABLE 0
243 82 333 82 333 213.99999999999997 243 213.99999999999997 BIODEGRADABLE 0
286 185 350 185 350 257 286 257 BIODEGRADABLE 0
326 152 340 152 340 184 326 184 BIODEGRADABLE 0
238 168 264 168 264 213.99999999999997 238 213.99999999999997 BIODEGRADABLE 0
180 196 270 196 270 319 180 319 BIODEGRADABLE 0
178 250 347 250 347 412 178 412 BIODEGRADABLE 0
205 357 279 357 279 407 205 407 BIODEGRADABLE 0
212.99999999999997 357 305 357 305 395 212.99999999999997 395 BIODEGRADABLE 0
216.00000000000003 386 299 386 299 414 216.00000000000003 414 BIODEGRADABLE 0
292 355 398 355 398 414 292 414 BIODEGRADABLE 0
122 273 181 273 181 323 122 323 BIODEGRADABLE 0
174 309 204 309 204 368 174 368 BIODEGRADABLE 0
170 141 244 141 244 241.00000000000003 170 241.00000000000003 BIODEGRADABLE 0
210 62 239.99999999999997 62 239.99999999999997 155 210 155 BIODEGRADABLE 0
171 37 222 37 222 157 171 157 BIODEGRADABLE 0
168 100 195 100 195 148 168 148 BIODEGRADABLE 0
128 0 193 0 193 80 128 80 BIODEGRADABLE 0
178 0 225.99999999999997 0 225.99999999999997 43 178 43 BIODEGRADABLE 0
215.00000000000003 0 239.99999999999997 0 239.99999999999997 21 215.00000000000003 21 BIODEGRADABLE 0
85 21 131 21 131 93 85 93 BIODEGRADABLE 0
103 50 183 50 183 284 103 284 BIODEGRADABLE 0
62 128 134 128 134 228.00000000000003 62 228.00000000000003 BIODEGRADABLE 0
54.00000000000001 225 149 225 149 309 54.00000000000001 309 BIODEGRADABLE 0
1 300 109 300 109 398 1 398 BIODEGRADABLE 0
100 291 190 291 190 414 100 414 BIODEGRADABLE 0
101 389 160 389 160 414 101 414 BIODEGRADABLE 0
4 328 80 328 80 414 4 414 BIODEGRADABLE 0
61 350 106.99999999999999 350 106.99999999999999 414 61 414 BIODEGRADABLE 0
0 291 59 291 59 319 0 319 BIODEGRADABLE 0
0 190 55 190 55 296 0 296 BIODEGRADABLE 0
44 175 76 175 76 243 44 243 BIODEGRADABLE 0
0 91 71 91 71 193 0 193 BIODEGRADABLE 0
62.99999999999999 106.99999999999999 89 106.99999999999999 89 145 62.99999999999999 145 BIODEGRADABLE 0
78 68 104 68 104 127.00000000000001 78 127.00000000000001 BIODEGRADABLE 0
0 36 80 36 80 134 0 134 BIODEGRADABLE 0
32 23 78 23 78 69 32 69 BIODEGRADABLE 0
0 0 33 0 33 48 0 48 BIODEGRADABLE 0
21 0 133 0 133 50 21 50 BIODEGRADABLE 0
0 0 415 0 415 414 0 414 BIODEGRADABLE 0