272 294 362 294 362 414 272 414 BIODEGRADABLE 0
359 205 415 205 415 414 359 414 BIODEGRADABLE 0
341 284 389 284 389 414 341 414 BIODEGRADABLE 0
274 159 365 159 365 296 274 296 BIODEGRADABLE 0
309 100 415 100 415 212 309 212 BIODEGRADABLE 0
315 18 415 18 415 109 315 109 BIODEGRADABLE 0
228.00000000000003 21 333 21 333 189 228.00000000000003 189 BIODEGRADABLE 0
210 137 274 137 274 252.99999999999997 210 252.99999999999997 BIODEGRADABLE 0
177 182 263 182 263 286 177 286 BIODEGRADABLE 0
181 276 271 276 271 414 181 414 BIODEGRADABLE 0
244 270 286 270 286 348 244 348 BIODEGRADABLE 0
85 246 190 246 190 403 85 403 BIODEGRADABLE 0
48 139 194 139 194 251 48 251 BIODEGRADABLE 0
147 16 235 16 235 186 147 186 BIODEGRADABLE 0
91 78 158 78 158 153 91 153 BIODEGRADABLE 0
115 16 168 16 168 82 115 82 BIODEGRADABLE 0
1 1 119 1 119 96 1 96 BIODEGRADABLE 0
1 67 102 67 102 180 1 180 BIODEGRADABLE 0
0 29.999999999999996 23 29.999999999999996 23 66 0 66 BIODEGRADABLE 0
1 178 52 178 52 301 1 301 BIODEGRADABLE 0
6 235 102 235 102 387 6 387 BIODEGRADABLE 0
73 350 152 350 152 414 73 414 BIODEGRADABLE 0
148 348 198 348 198 414 148 414 BIODEGRADABLE 0
1 297 71 297 71 414 1 414 BIODEGRADABLE 0