182 298 282 298 282 376 182 376 BIODEGRADABLE 0
179 276 288 276 288 328 179 328 BIODEGRADABLE 0
148 89 216.00000000000003 89 216.00000000000003 252.99999999999997 148 252.99999999999997 BIODEGRADABLE 0
137 204 237 204 237 286 137 286 BIODEGRADABLE 0
237 153 275 153 275 256 237 256 BIODEGRADABLE 0
213.99999999999997 206 254.00000000000003 206 254.00000000000003 243 213.99999999999997 243 BIODEGRADABLE 0
201 243 238.99999999999997 243 238.99999999999997 283 201 283 BIODEGRADABLE 0
271 219 286 219 286 252.99999999999997 271 252.99999999999997 BIODEGRADABLE 0
216.00000000000003 159 256 159 256 209 216.00000000000003 209 BIODEGRADABLE 0
216.00000000000003 122 250 122 250 167 216.00000000000003 167 BIODEGRADABLE 0
250 110 284 110 284 166 250 166 BIODEGRADABLE 0
180 34 248 34 248 119.99999999999999 180 119.99999999999999 BIODEGRADABLE 0
251.99999999999997 66 292 66 292 125.99999999999999 251.99999999999997 125.99999999999999 BIODEGRADABLE 0
237 249 397 249 397 279 237 279 PLASTIC 0
77 18 305 18 305 380 77 380 PLASTIC 0