233 2 373 2 373 94 233 94 BIODEGRADABLE 0
222 29 256 29 256 57.00000000000001 222 57.00000000000001 BIODEGRADABLE 0
188 56 256 56 256 94 188 94 BIODEGRADABLE 0
124 14.999999999999998 204 14.999999999999998 204 59.99999999999999 124 59.99999999999999 BIODEGRADABLE 0
80 29 151 29 151 75 80 75 BIODEGRADABLE 0
59.99999999999999 68 133 68 133 121.00000000000001 59.99999999999999 121.00000000000001 BIODEGRADABLE 0
119 51 192 51 192 101 119 101 BIODEGRADABLE 0
133 98 211 98 211 143 133 143 BIODEGRADABLE 0
185 91 245 91 245 147 185 147 BIODEGRADABLE 0
139 143 199 143 199 175 139 175 BIODEGRADABLE 0
55 118 149 118 149 184 55 184 BIODEGRADABLE 0
96 165 188 165 188 212.99999999999997 96 212.99999999999997 BIODEGRADABLE 0
241.00000000000003 65 405 65 405 208 241.00000000000003 208 BIODEGRADABLE 0
329 112.99999999999999 415 112.99999999999999 415 213.99999999999997 329 213.99999999999997 BIODEGRADABLE 0
334 271 391 271 391 332 334 332 BIODEGRADABLE 0
321 212.99999999999997 389 212.99999999999997 389 273 321 273 BIODEGRADABLE 0
382 237 405 237 405 288 382 288 BIODEGRADABLE 0
359 293 403 293 403 339 359 339 BIODEGRADABLE 0
304 326 350 326 350 370 304 370 BIODEGRADABLE 0
302 281 332 281 332 332 302 332 BIODEGRADABLE 0
242.00000000000003 303 309 303 309 415 242.00000000000003 415 BIODEGRADABLE 0
218 243 364 243 364 407 218 407 BIODEGRADABLE 0
183 244 347 244 347 401 183 401 BIODEGRADABLE 0
153 212.99999999999997 384 212.99999999999997 384 373 153 373 BIODEGRADABLE 0
268 219 320 219 320 267 268 267 BIODEGRADABLE 0
267 192 327 192 327 237 267 237 BIODEGRADABLE 0
186 184 270 184 270 292 186 292 BIODEGRADABLE 0
206 156 250 156 250 266 206 266 BIODEGRADABLE 0
147 292 211 292 211 330 147 330 BIODEGRADABLE 0
128 317 172 317 172 349 128 349 BIODEGRADABLE 0
92 289 149 289 149 318 92 318 BIODEGRADABLE 0
101 261 149 261 149 291 101 291 BIODEGRADABLE 0
64 246 112 246 112 288 64 288 BIODEGRADABLE 0
66 217 206 217 206 277 66 277 BIODEGRADABLE 0
59.99999999999999 177 229.00000000000003 177 229.00000000000003 242.00000000000003 59.99999999999999 242.00000000000003 BIODEGRADABLE 0
80 195 114.00000000000001 195 114.00000000000001 225 80 225 BIODEGRADABLE 0
57.00000000000001 186 89 186 89 225.99999999999997 57.00000000000001 225.99999999999997 BIODEGRADABLE 0
199 162 224 162 224 180 199 180 BIODEGRADABLE 0