267 110 373 110 373 248 267 248 BIODEGRADABLE 0
225 237 373 237 373 348 225 348 BIODEGRADABLE 0
271 319 373 319 373 415 271 415 BIODEGRADABLE 0
65 277 323 277 323 415 65 415 BIODEGRADABLE 0
163 276 269 276 269 332 163 332 BIODEGRADABLE 0
174 186 284 186 284 274 174 274 BIODEGRADABLE 0
292 1 375 1 375 103 292 103 BIODEGRADABLE 0
315 75 347 75 347 106.99999999999999 315 106.99999999999999 BIODEGRADABLE 0
349 86 375 86 375 106 349 106 BIODEGRADABLE 0
284 99 321 99 321 129 284 129 BIODEGRADABLE 0
177 1 297 1 297 49 177 49 BIODEGRADABLE 0
182 13 327 13 327 145 182 145 BIODEGRADABLE 0
103 1 225.99999999999997 1 225.99999999999997 70 103 70 BIODEGRADABLE 0
33 0 185 0 185 86 33 86 BIODEGRADABLE 0
158 1 323 1 323 170 158 170 BIODEGRADABLE 0
0 1 105 1 105 100 0 100 BIODEGRADABLE 0
0 104 44 104 44 174 0 174 BIODEGRADABLE 0
0 149 122 149 122 220 0 220 BIODEGRADABLE 0
0 203 93 203 93 265 0 265 BIODEGRADABLE 0
33 238.99999999999997 150 238.99999999999997 150 315 33 315 BIODEGRADABLE 0
28 311 117 311 117 402 28 402 BIODEGRADABLE 0
96 192 208 192 208 324 96 324 BIODEGRADABLE 0
0 394 98 394 98 415 0 415 BIODEGRADABLE 0
0 331 44 331 44 415 0 415 BIODEGRADABLE 0
0 256 46 256 46 339 0 339 BIODEGRADABLE 0
223 146 267 146 267 180 223 180 BIODEGRADABLE 0
209 170 243 170 243 198 209 198 BIODEGRADABLE 0
178 151 222 151 222 181 178 181 BIODEGRADABLE 0
163 168 204 168 204 194 163 194 BIODEGRADABLE 0
199 121.00000000000001 243 121.00000000000001 243 156 199 156 BIODEGRADABLE 0
156 106.99999999999999 202 106.99999999999999 202 137 156 137 BIODEGRADABLE 0
152 132 189 132 189 160 152 160 BIODEGRADABLE 0
139 154 171 154 171 178 139 178 BIODEGRADABLE 0
176 99 212.99999999999997 99 212.99999999999997 123 176 123 BIODEGRADABLE 0
143 88 171 88 171 102 143 102 BIODEGRADABLE 0
122 94 163 94 163 128 122 128 BIODEGRADABLE 0
104 125.99999999999999 152 125.99999999999999 152 156 104 156 BIODEGRADABLE 0
105 151 139 151 139 177 105 177 BIODEGRADABLE 0
67 151 106 151 106 177 67 177 BIODEGRADABLE 0
61 125.99999999999999 105 125.99999999999999 105 154 61 154 BIODEGRADABLE 0
50 131 65 131 65 153 50 153 BIODEGRADABLE 0
33 118 65 118 65 146 33 146 BIODEGRADABLE 0
48 93 89 93 89 129 48 129 BIODEGRADABLE 0
83 84 119.99999999999999 84 119.99999999999999 116 83 116 BIODEGRADABLE 0
59 73 91 73 91 97 59 97 BIODEGRADABLE 0
93 59.99999999999999 130 59.99999999999999 130 94 93 94 BIODEGRADABLE 0
5 43 33 43 33 70 5 70 BIODEGRADABLE 0
11 72 29 72 29 94 11 94 BIODEGRADABLE 0
31 78 57.00000000000001 78 57.00000000000001 106 31 106 BIODEGRADABLE 0
0 1 377 1 377 415 0 415 BIODEGRADABLE 0