1 2 91 2 91 88 1 88 BIODEGRADABLE 0
102 1 200 1 200 89 102 89 BIODEGRADABLE 0
206 2 301 2 301 88 206 88 BIODEGRADABLE 0
312 2 414 2 414 77 312 77 BIODEGRADABLE 0
204 91 306 91 306 211 204 211 BIODEGRADABLE 0
97 89 197 89 197 207 97 207 BIODEGRADABLE 0
25 137 71 137 71 190 25 190 BIODEGRADABLE 0
0 143 25 143 25 201 0 201 BIODEGRADABLE 0
0 106.99999999999999 38 106.99999999999999 38 153 0 153 BIODEGRADABLE 0
22 95 62 95 62 137 22 137 BIODEGRADABLE 0
33 175 64 175 64 209 33 209 BIODEGRADABLE 0
62 189 84 189 84 207 62 207 BIODEGRADABLE 0
65 148 89 148 89 193 65 193 BIODEGRADABLE 0
59.99999999999999 123 89 123 89 151 59.99999999999999 151 BIODEGRADABLE 0
42 91 84 91 84 125 42 125 BIODEGRADABLE 0
348 153 370 153 370 192 348 192 BIODEGRADABLE 0
359 119 385 119 385 155 359 155 BIODEGRADABLE 0
332 88 376 88 376 105 332 105 BIODEGRADABLE 0
334 103 385 103 385 127.00000000000001 334 127.00000000000001 BIODEGRADABLE 0
388 91 414 91 414 116 388 116 BIODEGRADABLE 0
381 111 414 111 414 147 381 147 BIODEGRADABLE 0
361 183 397 183 397 209 361 209 BIODEGRADABLE 0
314 86 414 86 414 208 314 208 BIODEGRADABLE 0
314 209 414 209 414 331 314 331 BIODEGRADABLE 0
0 335 91 335 91 415 0 415 BIODEGRADABLE 0
1 210 89 210 89 321 1 321 BIODEGRADABLE 0
129 211 180 211 180 225 129 225 BIODEGRADABLE 0
102 210 128 210 128 234 102 234 BIODEGRADABLE 0
105 290 131 290 131 324 105 324 BIODEGRADABLE 0
146 304 199 304 199 329 146 329 BIODEGRADABLE 0
166 212 199 212 199 246 166 246 BIODEGRADABLE 0
122 243 168 243 168 267 122 267 BIODEGRADABLE 0
133 272 171 272 171 298 133 298 BIODEGRADABLE 0
125.99999999999999 260 159 260 159 276 125.99999999999999 276 BIODEGRADABLE 0
166 252.99999999999997 199 252.99999999999997 199 271 166 271 BIODEGRADABLE 0
102 212 197 212 197 328 102 328 BIODEGRADABLE 0
219 262 250 262 250 282 219 282 BIODEGRADABLE 0
208 247 230 247 230 265 208 265 BIODEGRADABLE 0
210 220 238.99999999999997 220 238.99999999999997 248 210 248 BIODEGRADABLE 0
242.00000000000003 212 268 212 268 225.99999999999997 242.00000000000003 225.99999999999997 BIODEGRADABLE 0
210 212 248 212 248 220 210 220 BIODEGRADABLE 0
239.99999999999997 226.99999999999997 266 226.99999999999997 266 245 239.99999999999997 245 BIODEGRADABLE 0
224 235 242.00000000000003 235 242.00000000000003 251 224 251 BIODEGRADABLE 0
239.99999999999997 243 266 243 266 268 239.99999999999997 268 BIODEGRADABLE 0
262 243 286 243 286 267 262 267 BIODEGRADABLE 0
283 242.00000000000003 299 242.00000000000003 299 270 283 270 BIODEGRADABLE 0
275 222 301 222 301 238.99999999999997 275 238.99999999999997 BIODEGRADABLE 0
266 209 299 209 299 226.99999999999997 266 226.99999999999997 BIODEGRADABLE 0
238.99999999999997 263 270 263 270 285 238.99999999999997 285 BIODEGRADABLE 0
208 304 232 304 232 320 208 320 BIODEGRADABLE 0
217 293 246 293 246 309 217 309 BIODEGRADABLE 0
206 276 232 276 232 294 206 294 BIODEGRADABLE 0
235 284 264 284 264 301 235 301 BIODEGRADABLE 0
244 265 268 265 268 285 244 285 BIODEGRADABLE 0
242.00000000000003 295 266 295 266 320 242.00000000000003 320 BIODEGRADABLE 0
259 301 281 301 281 321 259 321 BIODEGRADABLE 0
277 301 301 301 301 325 277 325 BIODEGRADABLE 0
270 292 303 292 303 306 270 306 BIODEGRADABLE 0
266 278 299 278 299 295 266 295 BIODEGRADABLE 0
101 336 201 336 201 415 101 415 BIODEGRADABLE 0
203 327 310 327 310 415 203 415 BIODEGRADABLE 0
314 336 415 336 415 415 314 415 BIODEGRADABLE 0