367 266 407 266 407 328 367 328 BIODEGRADABLE 0
397 298 415 298 415 352 397 352 BIODEGRADABLE 0
275 262 309 262 309 318 275 318 BIODEGRADABLE 0
215.00000000000003 243 276 243 276 335 215.00000000000003 335 BIODEGRADABLE 0
226.99999999999997 172 291 172 291 256 226.99999999999997 256 BIODEGRADABLE 0
176 195 238 195 238 275 176 275 BIODEGRADABLE 0
173 140 225 140 225 196 173 196 BIODEGRADABLE 0
131 148 185 148 185 242.00000000000003 131 242.00000000000003 BIODEGRADABLE 0
112.99999999999999 238 163 238 163 309 112.99999999999999 309 BIODEGRADABLE 0
135 279 196 279 196 359 135 359 BIODEGRADABLE 0
179 324 241.00000000000003 324 241.00000000000003 388 179 388 BIODEGRADABLE 0
196 362 308 362 308 414 196 414 BIODEGRADABLE 0
242.00000000000003 309 368 309 368 414 242.00000000000003 414 BIODEGRADABLE 0
304 239.99999999999997 415 239.99999999999997 415 414 304 414 BIODEGRADABLE 0
293 174 415 174 415 326 293 326 BIODEGRADABLE 0
248 99 415 99 415 279 248 279 BIODEGRADABLE 0
306 43 368 43 368 129 306 129 BIODEGRADABLE 0
363 69 415 69 415 144 363 144 BIODEGRADABLE 0
360 0 414 0 414 71 360 71 BIODEGRADABLE 0
346 0 375 0 375 14.999999999999998 346 14.999999999999998 BIODEGRADABLE 0
34 258 79 258 79 324 34 324 BIODEGRADABLE 0
61 283 95 283 95 315 61 315 BIODEGRADABLE 0
1 270 39 270 39 354 1 354 BIODEGRADABLE 0
14.999999999999998 331 61 331 61 371 14.999999999999998 371 BIODEGRADABLE 0
55 208 201 208 201 414 55 414 BIODEGRADABLE 0
39 156 131 156 131 236 39 236 BIODEGRADABLE 0
135 125 191 125 191 161 135 161 BIODEGRADABLE 0
90 46 212 46 212 142 90 142 BIODEGRADABLE 0
141 0 347 0 347 165 141 165 BIODEGRADABLE 0
58 17 98 17 98 88 58 88 BIODEGRADABLE 0
77 80 129 80 129 142 77 142 BIODEGRADABLE 0
48 125 92 125 92 168 48 168 BIODEGRADABLE 0
0 215.00000000000003 29 215.00000000000003 29 271 0 271 BIODEGRADABLE 0
26 204 55 204 55 275 26 275 BIODEGRADABLE 0
1 151 47 151 47 219 1 219 BIODEGRADABLE 0
45 119.99999999999999 90 119.99999999999999 90 174 45 174 BIODEGRADABLE 0
7 101 37 101 37 146 7 146 BIODEGRADABLE 0
32 77 80 77 80 150 32 150 BIODEGRADABLE 0
37 0 89 0 89 62 37 62 BIODEGRADABLE 0
74 0 144 0 144 29.999999999999996 74 29.999999999999996 BIODEGRADABLE 0
97 23 150 23 150 73 97 73 BIODEGRADABLE 0
0 0 415 0 415 415 0 415 BIODEGRADABLE 0