55 300 229.00000000000003 300 229.00000000000003 414 55 414 BIODEGRADABLE 0
2 212 134 212 134 410 2 410 BIODEGRADABLE 0
2 298 128 298 128 414 2 414 BIODEGRADABLE 0
111 204 238 204 238 332 111 332 BIODEGRADABLE 0
125.99999999999999 226.99999999999997 150 226.99999999999997 150 255.00000000000003 125.99999999999999 255.00000000000003 BIODEGRADABLE 0
135 121.00000000000001 237 121.00000000000001 237 238.99999999999997 135 238.99999999999997 BIODEGRADABLE 0
92 102 195 102 195 234 92 234 BIODEGRADABLE 0
2 182 94 182 94 257 2 257 BIODEGRADABLE 0
2 255.00000000000003 62 255.00000000000003 62 317 2 317 BIODEGRADABLE 0
2 127.00000000000001 93 127.00000000000001 93 191 2 191 BIODEGRADABLE 0
31 71 158 71 158 175 31 175 BIODEGRADABLE 0
1 0 47 0 47 132 1 132 BIODEGRADABLE 0
46 5 164 5 164 87 46 87 BIODEGRADABLE 0
53 0 109 0 109 29.999999999999996 53 29.999999999999996 BIODEGRADABLE 0
33 0 67 0 67 34 33 34 BIODEGRADABLE 0
116 0 194 0 194 80 116 80 BIODEGRADABLE 0
167 0 245 0 245 53 167 53 BIODEGRADABLE 0
209 25 292 25 292 145 209 145 BIODEGRADABLE 0
226.99999999999997 180 295 180 295 414 226.99999999999997 414 BIODEGRADABLE 0
220 221 353 221 353 414 220 414 BIODEGRADABLE 0
271 155 391 155 391 414 271 414 BIODEGRADABLE 0
303 175 403 175 403 266 303 266 BIODEGRADABLE 0
364 243 412 243 412 359 364 359 BIODEGRADABLE 0
340 256 415 256 415 355 340 355 BIODEGRADABLE 0
388 343 416 343 416 409 388 409 BIODEGRADABLE 0
400 193 416 193 416 268 400 268 BIODEGRADABLE 0
292 64 413 64 413 192 292 192 BIODEGRADABLE 0
413 122 415 122 415 196 413 196 BIODEGRADABLE 0
289 29.999999999999996 360 29.999999999999996 360 118 289 118 BIODEGRADABLE 0
318 1 384 1 384 55 318 55 BIODEGRADABLE 0
247 0 324 0 324 57.00000000000001 247 57.00000000000001 BIODEGRADABLE 0
384 0 415 0 415 48 384 48 BIODEGRADABLE 0
367 41 415 41 415 115 367 115 BIODEGRADABLE 0
1 0 415 0 415 415 1 415 BIODEGRADABLE 0