351 3 415 3 415 191 351 191 BIODEGRADABLE 0
387 186 415 186 415 357 387 357 BIODEGRADABLE 0
344 320 415 320 415 416 344 416 BIODEGRADABLE 0
327 320 361 320 361 406 327 406 BIODEGRADABLE 0
292 2 388 2 388 332 292 332 BIODEGRADABLE 0
297 3 354 3 354 35 297 35 BIODEGRADABLE 0
266 42 346 42 346 376 266 376 BIODEGRADABLE 0
267 351 330 351 330 415 267 415 BIODEGRADABLE 0
226.99999999999997 270 295 270 295 394 226.99999999999997 394 BIODEGRADABLE 0
242.00000000000003 223 294 223 294 325 242.00000000000003 325 BIODEGRADABLE 0
198 193 270 193 270 265 198 265 BIODEGRADABLE 0
202 97 273 97 273 228.00000000000003 202 228.00000000000003 BIODEGRADABLE 0
138 3 291 3 291 171 138 171 BIODEGRADABLE 0
117 169 197 169 197 305 117 305 BIODEGRADABLE 0
129 275 266 275 266 415 129 415 BIODEGRADABLE 0
59 270 144 270 144 415 59 415 BIODEGRADABLE 0
43 364 82 364 82 415 43 415 BIODEGRADABLE 0
13 339 62 339 62 401 13 401 BIODEGRADABLE 0
0 364 18 364 18 415 0 415 BIODEGRADABLE 0
14.999999999999998 386 47 386 47 415 14.999999999999998 415 BIODEGRADABLE 0
1 138 82 138 82 362 1 362 BIODEGRADABLE 0
92 159 131 159 131 238 92 238 BIODEGRADABLE 0
89 231 117 231 117 265 89 265 BIODEGRADABLE 0
78 102 124 102 124 184 78 184 BIODEGRADABLE 0
92 2 141 2 141 109 92 109 BIODEGRADABLE 0
128 3 166 3 166 33 128 33 BIODEGRADABLE 0
58 3 92 3 92 50 58 50 BIODEGRADABLE 0
134 35 158 35 158 89 134 89 BIODEGRADABLE 0
49 45 88 45 88 112 49 112 BIODEGRADABLE 0
35 89 73 89 73 149 35 149 BIODEGRADABLE 0
59.99999999999999 146 74 146 74 166 59.99999999999999 166 BIODEGRADABLE 0
7 90 41 90 41 134 7 134 BIODEGRADABLE 0
124 112 149 112 149 176 124 176 BIODEGRADABLE 0
103 161 129 161 129 188 103 188 BIODEGRADABLE 0
1 3 59.99999999999999 3 59.99999999999999 80 1 80 BIODEGRADABLE 0
1 2 18 2 18 33 1 33 BIODEGRADABLE 0
1 59 3 59 3 134 1 134 BIODEGRADABLE 0
0 2 415 2 415 415 0 415 BIODEGRADABLE 0