299 29.999999999999996 414 29.999999999999996 414 148 299 148 BIODEGRADABLE 0
352 135 394 135 394 185 352 185 BIODEGRADABLE 0
286 196 312 196 312 216.00000000000003 286 216.00000000000003 BIODEGRADABLE 0
233 212.99999999999997 242.00000000000003 212.99999999999997 242.00000000000003 221 233 221 BIODEGRADABLE 0
192 186 206 186 206 197 192 197 BIODEGRADABLE 0
211 169 244 169 244 191 211 191 BIODEGRADABLE 0
250 154 283 154 283 174 250 174 BIODEGRADABLE 0
274 137 310 137 310 157 274 157 BIODEGRADABLE 0
319 129 339 129 339 141 319 141 BIODEGRADABLE 0
308 104 337 104 337 121.00000000000001 308 121.00000000000001 BIODEGRADABLE 0
266 89 319 89 319 115 266 115 BIODEGRADABLE 0
255.00000000000003 114.00000000000001 315 114.00000000000001 315 140 255.00000000000003 140 BIODEGRADABLE 0
229.00000000000003 130 277 130 277 168 229.00000000000003 168 BIODEGRADABLE 0
235 87 261 87 261 137 235 137 BIODEGRADABLE 0
248 61 281 61 281 81 248 81 BIODEGRADABLE 0
248 73 270 73 270 89 248 89 BIODEGRADABLE 0
235 53 261 53 261 85 235 85 BIODEGRADABLE 0
87 42 235 42 235 102 87 102 BIODEGRADABLE 0
122 98 186 98 186 116 122 116 BIODEGRADABLE 0
189 158 212.99999999999997 158 212.99999999999997 182 189 182 BIODEGRADABLE 0
175 109 223 109 223 160 175 160 BIODEGRADABLE 0
189 97 212.99999999999997 97 212.99999999999997 109 189 109 BIODEGRADABLE 0
140 115 180 115 180 141 140 141 BIODEGRADABLE 0
124 124 162 124 162 149 124 149 BIODEGRADABLE 0
137 145 173 145 173 171 137 171 BIODEGRADABLE 0
160 170 191 170 191 182 160 182 BIODEGRADABLE 0
112.99999999999999 179 155 179 155 211 112.99999999999999 211 BIODEGRADABLE 0
91 210 135 210 135 241.00000000000003 91 241.00000000000003 BIODEGRADABLE 0
89 188 109 188 109 208 89 208 BIODEGRADABLE 0
73 221 93 221 93 235 73 235 BIODEGRADABLE 0
78 146 122 146 122 171 78 171 BIODEGRADABLE 0
47 106.99999999999999 109 106.99999999999999 109 145 47 145 BIODEGRADABLE 0
199 130 356 130 356 222 199 222 METAL 0