9 78 262 78 262 304 9 304 BIODEGRADABLE 0
122 235 204 235 204 288 122 288 BIODEGRADABLE 0
172 177 260 177 260 249 172 249 BIODEGRADABLE 0
215.00000000000003 138 283 138 283 178 215.00000000000003 178 BIODEGRADABLE 0
206 58 292 58 292 144 206 144 BIODEGRADABLE 0
289 92 341 92 341 154 289 154 BIODEGRADABLE 0
315 83 415 83 415 171 315 171 BIODEGRADABLE 0
349 166 415 166 415 212 349 212 BIODEGRADABLE 0
354 189 415 189 415 283 354 283 BIODEGRADABLE 0
288 283 416 283 416 415 288 415 BIODEGRADABLE 0
217 259 335 259 335 391 217 391 BIODEGRADABLE 0
155 336 212.99999999999997 336 212.99999999999997 382 155 382 BIODEGRADABLE 0
2 397 47 397 47 415 2 415 BIODEGRADABLE 0
266 202 373 202 373 286 266 286 BIODEGRADABLE 0