28 29.999999999999996 142 29.999999999999996 142 178 28 178 BIODEGRADABLE 0
57.00000000000001 161 134 161 134 245 57.00000000000001 245 BIODEGRADABLE 0
14.999999999999998 217 89 217 89 307 14.999999999999998 307 BIODEGRADABLE 0
87 215.00000000000003 151 215.00000000000003 151 292 87 292 BIODEGRADABLE 0
125 93 217 93 217 215.00000000000003 125 215.00000000000003 BIODEGRADABLE 0
212 114.00000000000001 294 114.00000000000001 294 230 212 230 BIODEGRADABLE 0
153 189 229.00000000000003 189 229.00000000000003 257 153 257 BIODEGRADABLE 0
150 242.00000000000003 212 242.00000000000003 212 313 150 313 BIODEGRADABLE 0
207 225.99999999999997 273 225.99999999999997 273 292 207 292 BIODEGRADABLE 0
208 282 262 282 262 322 208 322 BIODEGRADABLE 0
271 178 339 178 339 258 271 258 BIODEGRADABLE 0
299 93 391 93 391 219 299 219 BIODEGRADABLE 0
259 277 313 277 313 335 259 335 BIODEGRADABLE 0
268 241.00000000000003 342 241.00000000000003 342 309 268 309 BIODEGRADABLE 0
313 264 379 264 379 341 313 341 BIODEGRADABLE 0
336 172 414 172 414 266 336 266 BIODEGRADABLE 0
138 2 415 2 415 95 138 95 CARDBOARD 0
45 2 141 2 141 32 45 32 CARDBOARD 0
390 92 415 92 415 177 390 177 CARDBOARD 0
382 96 392 96 392 118 382 118 CARDBOARD 0
372 92 386 92 386 105 372 105 CARDBOARD 0
204 78 307 78 307 114.00000000000001 204 114.00000000000001 CARDBOARD 0
379 255.00000000000003 415 255.00000000000003 415 346 379 346 CARDBOARD 0
36 159 58 159 58 217 36 217 CARDBOARD 0