326 56 377 56 377 116 326 116 BIODEGRADABLE 0
287 7 359 7 359 73 287 73 BIODEGRADABLE 0
275 2 320 2 320 17 275 17 BIODEGRADABLE 0
228.00000000000003 3 294 3 294 67 228.00000000000003 67 BIODEGRADABLE 0
197 2 261 2 261 22 197 22 BIODEGRADABLE 0
136 7 224 7 224 81 136 81 BIODEGRADABLE 0
140 2 185 2 185 8 140 8 BIODEGRADABLE 0
66 2 146 2 146 44 66 44 BIODEGRADABLE 0
1 1 76 1 76 71 1 71 BIODEGRADABLE 0
62 44 136 44 136 106 62 106 BIODEGRADABLE 0
0 73 72 73 72 131 0 131 BIODEGRADABLE 0
51 108.00000000000001 115 108.00000000000001 115 160 51 160 BIODEGRADABLE 0
109 82 193 82 193 156 109 156 BIODEGRADABLE 0
181 59 263 59 263 135 181 135 BIODEGRADABLE 0
258 76 334 76 334 148 258 148 BIODEGRADABLE 0
322 121.00000000000001 380 121.00000000000001 380 187 322 187 BIODEGRADABLE 0
293 146 330 146 330 184 293 184 BIODEGRADABLE 0
232 134 292 134 292 190 232 190 BIODEGRADABLE 0
184 133 238 133 238 175 184 175 BIODEGRADABLE 0
129 153 203 153 203 217 129 217 BIODEGRADABLE 0
59.99999999999999 169 136 169 136 235 59.99999999999999 235 BIODEGRADABLE 0
0 140 68 140 68 202 0 202 BIODEGRADABLE 0
1 201 74 201 74 269 1 269 BIODEGRADABLE 0
1 249 6 249 6 279 1 279 BIODEGRADABLE 0
18 274 76 274 76 316 18 316 BIODEGRADABLE 0
66 237 125.99999999999999 237 125.99999999999999 291 66 291 BIODEGRADABLE 0
121.00000000000001 216.00000000000003 197 216.00000000000003 197 282 121.00000000000001 282 BIODEGRADABLE 0
183 181 273 181 273 248 183 248 BIODEGRADABLE 0
199 238 277 238 277 300 199 300 BIODEGRADABLE 0
273 185 337 185 337 249 273 249 BIODEGRADABLE 0
330 185 377 185 377 242.00000000000003 330 242.00000000000003 BIODEGRADABLE 0
308 239.99999999999997 380 239.99999999999997 380 304 308 304 BIODEGRADABLE 0
254.00000000000003 245 324 245 324 312 254.00000000000003 312 BIODEGRADABLE 0
172 260 256 260 256 326 172 326 BIODEGRADABLE 0
109 282 183 282 183 340 109 340 BIODEGRADABLE 0
51 307 123 307 123 366 51 366 BIODEGRADABLE 0
7 355 83 355 83 415 7 415 BIODEGRADABLE 0
88 363 148 363 148 411 88 411 BIODEGRADABLE 0
131 384 199 384 199 415 131 415 BIODEGRADABLE 0
154 327 228.00000000000003 327 228.00000000000003 389 154 389 BIODEGRADABLE 0
217 315 291 315 291 376 217 376 BIODEGRADABLE 0
281 301 363 301 363 368 281 368 BIODEGRADABLE 0
342 339 379 339 379 406 342 406 BIODEGRADABLE 0
269 365 365 365 365 415 269 415 BIODEGRADABLE 0
202 377 273 377 273 415 202 415 BIODEGRADABLE 0