324 171 394 171 394 287 324 287 BIODEGRADABLE 0
261 12 303 12 303 100 261 100 BIODEGRADABLE 0
299 70 315 70 315 100 299 100 BIODEGRADABLE 0
297 62 323 62 323 128 297 128 BIODEGRADABLE 0
302 119 342 119 342 157 302 157 BIODEGRADABLE 0
320 121.00000000000001 360 121.00000000000001 360 173 320 173 BIODEGRADABLE 0
320 145 359 145 359 191 320 191 BIODEGRADABLE 0
288 191 333 191 333 277 288 277 BIODEGRADABLE 0
305 241.00000000000003 329 241.00000000000003 329 277 305 277 BIODEGRADABLE 0
293 266 308 266 308 298 293 298 BIODEGRADABLE 0
210 182 299 182 299 230 210 230 BIODEGRADABLE 0
255.00000000000003 132 319 132 319 182 255.00000000000003 182 BIODEGRADABLE 0
277 98 315 98 315 150 277 150 BIODEGRADABLE 0
95 59 288 59 288 175 95 175 BIODEGRADABLE 0
122 35 264 35 264 105 122 105 BIODEGRADABLE 0
62 62 148 62 148 171 62 171 BIODEGRADABLE 0
95 159 119 159 119 205 95 205 BIODEGRADABLE 0
95 207 109 207 109 241.00000000000003 95 241.00000000000003 BIODEGRADABLE 0
51 182 95 182 95 244 51 244 BIODEGRADABLE 0
37 232 83 232 83 298 37 298 BIODEGRADABLE 0
9 220 41 220 41 266 9 266 BIODEGRADABLE 0
75 246 112.99999999999999 246 112.99999999999999 305 75 305 BIODEGRADABLE 0
98 220 119 220 119 266 98 266 BIODEGRADABLE 0
112 250 140 250 140 309 112 309 BIODEGRADABLE 0
128 309 192 309 192 350 128 350 BIODEGRADABLE 0
127.00000000000001 259 177 259 177 327 127.00000000000001 327 BIODEGRADABLE 0
220 273 265 273 265 371 220 371 BIODEGRADABLE 0
204 292 224 292 224 346 204 346 BIODEGRADABLE 0
243 278 273 278 273 346 243 346 BIODEGRADABLE 0
258 282 260 282 260 284 258 284 BIODEGRADABLE 0
264 282 292 282 292 304 264 304 BIODEGRADABLE 0
286 180 330 180 330 294 286 294 BIODEGRADABLE 0
244 203 294 203 294 303 244 303 BIODEGRADABLE 0
177 229.00000000000003 257 229.00000000000003 257 307 177 307 BIODEGRADABLE 0
168 205 210 205 210 251 168 251 BIODEGRADABLE 0
163 141 221 141 221 203 163 203 BIODEGRADABLE 0
212.99999999999997 139 237 139 237 180 212.99999999999997 180 BIODEGRADABLE 0
235 157 267 157 267 185 235 185 BIODEGRADABLE 0
121.00000000000001 180 167 180 167 255.00000000000003 121.00000000000001 255.00000000000003 BIODEGRADABLE 0
99 171 145 171 145 219 99 219 BIODEGRADABLE 0