0 0 114.00000000000001 0 114.00000000000001 212 0 212 BIODEGRADABLE 0
14.999999999999998 0 204 0 204 257 14.999999999999998 257 BIODEGRADABLE 0
310 111 393 111 393 223 310 223 BIODEGRADABLE 0
267 93 345 93 345 266 267 266 BIODEGRADABLE 0
224 96 306 96 306 312 224 312 BIODEGRADABLE 0
154 137 262 137 262 262 154 262 BIODEGRADABLE 0
132 187 223 187 223 310 132 310 BIODEGRADABLE 0
179 244 300 244 300 328 179 328 BIODEGRADABLE 0
192 302 274 302 274 382 192 382 BIODEGRADABLE 0
136 255.00000000000003 219 255.00000000000003 219 371 136 371 BIODEGRADABLE 0
116 271 174 271 174 355 116 355 BIODEGRADABLE 0
121.00000000000001 327 171 327 171 375 121.00000000000001 375 BIODEGRADABLE 0