115 312 185 312 185 380 115 380 BIODEGRADABLE 0
176 323 243 323 243 373 176 373 BIODEGRADABLE 0
165 301 256 301 256 337 165 337 BIODEGRADABLE 0
156 282 173 282 173 346 156 346 BIODEGRADABLE 0
168 259 233 259 233 325 168 325 BIODEGRADABLE 0
246 277 286 277 286 323 246 323 BIODEGRADABLE 0
280 209 330 209 330 305 280 305 BIODEGRADABLE 0
332 191 368 191 368 245 332 245 BIODEGRADABLE 0
349 148 413 148 413 223 349 223 BIODEGRADABLE 0
368 50 414 50 414 164 368 164 BIODEGRADABLE 0
280 121.00000000000001 320 121.00000000000001 320 187 280 187 BIODEGRADABLE 0
274 180 316 180 316 242.00000000000003 274 242.00000000000003 BIODEGRADABLE 0
307 127.00000000000001 365 127.00000000000001 365 230 307 230 BIODEGRADABLE 0
313 82 334 82 334 166 313 166 BIODEGRADABLE 0
348 52 374 52 374 148 348 148 BIODEGRADABLE 0
347 16 389 16 389 98 347 98 BIODEGRADABLE 0
379 64 403 64 403 132 379 132 BIODEGRADABLE 0
226.99999999999997 2 336 2 336 34 226.99999999999997 34 BIODEGRADABLE 0
211 16 232 16 232 154 211 154 BIODEGRADABLE 0
226.99999999999997 62 245 62 245 148 226.99999999999997 148 BIODEGRADABLE 0
242.00000000000003 77 269 77 269 184 242.00000000000003 184 BIODEGRADABLE 0
261 2 289 2 289 125 261 125 BIODEGRADABLE 0
153 2 206 2 206 84 153 84 BIODEGRADABLE 0
65 3 151 3 151 103 65 103 BIODEGRADABLE 0
65 64 124 64 124 221 65 221 BIODEGRADABLE 0
61 175 133 175 133 241.00000000000003 61 241.00000000000003 BIODEGRADABLE 0
40 160 90 160 90 280 40 280 BIODEGRADABLE 0
70 273 117 273 117 319 70 319 BIODEGRADABLE 0
73 223 143 223 143 282 73 282 BIODEGRADABLE 0
117 248 153 248 153 282 117 282 BIODEGRADABLE 0
158 213.99999999999997 264 213.99999999999997 264 260 158 260 BIODEGRADABLE 0
182 119 212 119 212 221 182 221 BIODEGRADABLE 0
129 153 199 153 199 175 129 175 BIODEGRADABLE 0
109 130 156 130 156 162 109 162 BIODEGRADABLE 0
194 166 212 166 212 184 194 184 BIODEGRADABLE 0
226.99999999999997 155 280 155 280 219 226.99999999999997 219 BIODEGRADABLE 0
1 135 40 135 40 212 1 212 BIODEGRADABLE 0
1 74 43 74 43 196 1 196 BIODEGRADABLE 0
1 1 65 1 65 93 1 93 BIODEGRADABLE 0
46 28 81 28 81 78 46 78 BIODEGRADABLE 0
24 52 71 52 71 100 24 100 BIODEGRADABLE 0
89 84 209 84 209 134 89 134 BIODEGRADABLE 0
76 130 140 130 140 180 76 180 BIODEGRADABLE 0
1 2 413 2 413 382 1 382 BIODEGRADABLE 0