195 2 322 2 322 103 195 103 BIODEGRADABLE 0
10 314 114.00000000000001 314 114.00000000000001 412 10 412 BIODEGRADABLE 0
183 283 301 283 301 403 183 403 BIODEGRADABLE 0
118 294 190 294 190 390 118 390 BIODEGRADABLE 0
217 146 297 146 297 264 217 264 BIODEGRADABLE 0
134 148 224 148 224 242.00000000000003 134 242.00000000000003 BIODEGRADABLE 0
285 221 415 221 415 317 285 317 BIODEGRADABLE 0
283 157 413 157 413 232 283 232 BIODEGRADABLE 0
360 90 415 90 415 149 360 149 BIODEGRADABLE 0
288 101 358 101 358 161 288 161 BIODEGRADABLE 0
50 99 170 99 170 167 50 167 BIODEGRADABLE 0
151 2 195 2 195 77 151 77 BIODEGRADABLE 0
42 2 158 2 158 114.00000000000001 42 114.00000000000001 BIODEGRADABLE 0
69 2 105 2 105 24 69 24 BIODEGRADABLE 0
1 304 119.99999999999999 304 119.99999999999999 415 1 415 PLASTIC 0
2 193 130 193 130 311 2 311 PLASTIC 0
105 136 297 136 297 324 105 324 PLASTIC 0
90 266 304 266 304 415 90 415 PLASTIC 0
302 330 415 330 415 402 302 402 PLASTIC 0
266 203 415 203 415 330 266 330 PLASTIC 0
264 131 416 131 416 245 264 245 PLASTIC 0
273 83 415 83 415 166 273 166 PLASTIC 0
13 2 219 2 219 193 13 193 PLASTIC 0
303 1 415 1 415 48 303 48 PLASTIC 0