55 230 204 230 204 415 55 415 BIODEGRADABLE 0
51 58 127.00000000000001 58 127.00000000000001 308 51 308 BIODEGRADABLE 0
79 59.99999999999999 192 59.99999999999999 192 292 79 292 BIODEGRADABLE 0
141 85 241.00000000000003 85 241.00000000000003 302 141 302 BIODEGRADABLE 0
111 278 185 278 185 354 111 354 BIODEGRADABLE 0
179 298 259 298 259 415 179 415 BIODEGRADABLE 0
236 232 338 232 338 391 236 391 BIODEGRADABLE 0
328 330 415 330 415 357 328 357 BIODEGRADABLE 0
328 203 415 203 415 334 328 334 BIODEGRADABLE 0
314 141 409 141 409 300 314 300 BIODEGRADABLE 0
261 79 381 79 381 278 261 278 BIODEGRADABLE 0
162 46 324 46 324 242.00000000000003 162 242.00000000000003 BIODEGRADABLE 0