28 2 102 2 102 70 28 70 BIODEGRADABLE 0
2 28 58 28 58 137 2 137 BIODEGRADABLE 0
2 3 27.000000000000004 3 27.000000000000004 38 2 38 BIODEGRADABLE 0
8 124 98 124 98 233 8 233 BIODEGRADABLE 0
83 37 142 37 142 137 83 137 BIODEGRADABLE 0
47 65 90 65 90 137 47 137 BIODEGRADABLE 0
2 133 24 133 24 189 2 189 BIODEGRADABLE 0
2 200 33 200 33 339 2 339 BIODEGRADABLE 0
10 334 68 334 68 415 10 415 BIODEGRADABLE 0
2 125.99999999999999 125.99999999999999 125.99999999999999 125.99999999999999 416 2 416 BIODEGRADABLE 0
133 28 163 28 163 74 133 74 BIODEGRADABLE 0
135 12 157 12 157 42 135 42 BIODEGRADABLE 0
111 3 139 3 139 31 111 31 BIODEGRADABLE 0
102 5 124 5 124 45 102 45 BIODEGRADABLE 0
142 3 166 3 166 24 142 24 BIODEGRADABLE 0
158 24 177 24 177 61 158 61 BIODEGRADABLE 0
165 3 189 3 189 40 165 40 BIODEGRADABLE 0
177 26 199 26 199 61 177 61 BIODEGRADABLE 0
191 3 210 3 210 31 191 31 BIODEGRADABLE 0
206 5 238 5 238 49 206 49 BIODEGRADABLE 0
199 28 226.99999999999997 28 226.99999999999997 65 199 65 BIODEGRADABLE 0
204 62.99999999999999 235 62.99999999999999 235 105 204 105 BIODEGRADABLE 0
179 103 259 103 259 221 179 221 BIODEGRADABLE 0
124 135 183 135 183 228.00000000000003 124 228.00000000000003 BIODEGRADABLE 0
139 58 207 58 207 167 139 167 BIODEGRADABLE 0
104 207 176 207 176 323 104 323 BIODEGRADABLE 0
65 289 124 289 124 379 65 379 BIODEGRADABLE 0
59 381 146 381 146 415 59 415 BIODEGRADABLE 0
118 319 179 319 179 412 118 412 BIODEGRADABLE 0
141 372 212.99999999999997 372 212.99999999999997 415 141 415 BIODEGRADABLE 0
173 318 220 318 220 372 173 372 BIODEGRADABLE 0
170 221 252.99999999999997 221 252.99999999999997 349 170 349 BIODEGRADABLE 0
233 200 270 200 270 274 233 274 BIODEGRADABLE 0
236 277 283 277 283 365 236 365 BIODEGRADABLE 0
263 261 285 261 285 291 263 291 BIODEGRADABLE 0
206 351 276 351 276 415 206 415 BIODEGRADABLE 0
266 302 319 302 319 400 266 400 BIODEGRADABLE 0
279 374 328 374 328 415 279 415 BIODEGRADABLE 0
259 174 353 174 353 415 259 415 BIODEGRADABLE 0
258 123 289 123 289 172 258 172 BIODEGRADABLE 0
242.00000000000003 88 275 88 275 130 242.00000000000003 130 BIODEGRADABLE 0
226.99999999999997 61 245 61 245 110 226.99999999999997 110 BIODEGRADABLE 0
239.99999999999997 42 276 42 276 98 239.99999999999997 98 BIODEGRADABLE 0
226.99999999999997 16 255.00000000000003 16 255.00000000000003 58 226.99999999999997 58 BIODEGRADABLE 0
230 3 258 3 258 17 230 17 BIODEGRADABLE 0
251.99999999999997 3 279 3 279 54.00000000000001 251.99999999999997 54.00000000000001 BIODEGRADABLE 0
274 3 316 3 316 68 274 68 BIODEGRADABLE 0
274 3 320 3 320 21 274 21 BIODEGRADABLE 0
274 68 304 68 304 117 274 117 BIODEGRADABLE 0
301 62.99999999999999 339 62.99999999999999 339 121.00000000000001 301 121.00000000000001 BIODEGRADABLE 0
301 105 319 105 319 125.99999999999999 301 125.99999999999999 BIODEGRADABLE 0
277 112 301 112 301 133 277 133 BIODEGRADABLE 0
273 54.00000000000001 282 54.00000000000001 282 75 273 75 BIODEGRADABLE 0
315 3 363 3 363 61 315 61 BIODEGRADABLE 0
338 42 375 42 375 102 338 102 BIODEGRADABLE 0
369 29.999999999999996 411 29.999999999999996 411 95 369 95 BIODEGRADABLE 0
366 3 400 3 400 47 366 47 BIODEGRADABLE 0
398 4 415 4 415 31 398 31 BIODEGRADABLE 0
402 29.999999999999996 415 29.999999999999996 415 101 402 101 BIODEGRADABLE 0
335 95 355 95 355 135 335 135 BIODEGRADABLE 0
335 133 357 133 357 163 335 163 BIODEGRADABLE 0
339 160 357 160 357 200 339 200 BIODEGRADABLE 0
295 188 310 188 310 216.00000000000003 295 216.00000000000003 BIODEGRADABLE 0
281 165 301 165 301 191 281 191 BIODEGRADABLE 0
291 144 301 144 301 170 291 170 BIODEGRADABLE 0
311 268 376 268 376 416 311 416 BIODEGRADABLE 0
284 183 400 183 400 415 284 415 BIODEGRADABLE 0
335 246 391 246 391 400 335 400 BIODEGRADABLE 0
310 200 352 200 352 321 310 321 BIODEGRADABLE 0
293 129 415 129 415 415 293 415 BIODEGRADABLE 0
310 128 344 128 344 235 310 235 BIODEGRADABLE 0
316 121.00000000000001 368 121.00000000000001 368 270 316 270 BIODEGRADABLE 0
365 252.99999999999997 384 252.99999999999997 384 286 365 286 BIODEGRADABLE 0
376 283 385 283 385 293 376 293 BIODEGRADABLE 0
384 277 399 277 399 300 384 300 BIODEGRADABLE 0
388 298 410 298 410 321 388 321 BIODEGRADABLE 0
393 314 415 314 415 342 393 342 BIODEGRADABLE 0
402 332 415 332 415 359 402 359 BIODEGRADABLE 0
397 283 415 283 415 310 397 310 BIODEGRADABLE 0
391 270 410 270 410 291 391 291 BIODEGRADABLE 0
355 130 381 130 381 156 355 156 BIODEGRADABLE 0
354 158 378 158 378 186 354 186 BIODEGRADABLE 0
366 177 382 177 382 207 366 207 BIODEGRADABLE 0
354 196 376 196 376 219 354 219 BIODEGRADABLE 0
366 221 385 221 385 249 366 249 BIODEGRADABLE 0
382 233 401 233 401 254.00000000000003 382 254.00000000000003 BIODEGRADABLE 0
399 249 415 249 415 272 399 272 BIODEGRADABLE 0
411 220 415 220 415 248 411 248 BIODEGRADABLE 0
379 203 407 203 407 235 379 235 BIODEGRADABLE 0
394 181 410 181 410 216.00000000000003 394 216.00000000000003 BIODEGRADABLE 0
381 174 396 174 396 200 381 200 BIODEGRADABLE 0
390 154 405 154 405 184 390 184 BIODEGRADABLE 0
402 157 415 157 415 194 402 194 BIODEGRADABLE 0
382 142 404 142 404 158 382 158 BIODEGRADABLE 0
378 112 402 112 402 147 378 147 BIODEGRADABLE 0
381 98 409 98 409 130 381 130 BIODEGRADABLE 0