218 110 405 110 405 189 218 189 BIODEGRADABLE 0
65 79 210 79 210 141 65 141 BIODEGRADABLE 0
48 143 232 143 232 234 48 234 BIODEGRADABLE 0
229.00000000000003 181 363 181 363 244 229.00000000000003 244 BIODEGRADABLE 0
140 228.00000000000003 294 228.00000000000003 294 304 140 304 BIODEGRADABLE 0
288 242.00000000000003 414 242.00000000000003 414 318 288 318 BIODEGRADABLE 0
372 172 414 172 414 235 372 235 BIODEGRADABLE 0
84 298 235 298 235 360 84 360 BIODEGRADABLE 0
190 28 338 28 338 100 190 100 BIODEGRADABLE 0
0 365 136 365 136 415 0 415 BIODEGRADABLE 0
0 336 39 336 39 372 0 372 BIODEGRADABLE 0