289 2 400 2 400 54.00000000000001 289 54.00000000000001 BIODEGRADABLE 0
212.99999999999997 2 293 2 293 29.999999999999996 212.99999999999997 29.999999999999996 BIODEGRADABLE 0
141 2 233 2 233 84 141 84 BIODEGRADABLE 0
192 44 294 44 294 150 192 150 BIODEGRADABLE 0
61 2 153 2 153 54.00000000000001 61 54.00000000000001 BIODEGRADABLE 0
17 22 106.99999999999999 22 106.99999999999999 109 17 109 BIODEGRADABLE 0
78 61 187 61 187 157 78 157 BIODEGRADABLE 0
132 117 230 117 230 205 132 205 BIODEGRADABLE 0
94 167 170 167 170 250 94 250 BIODEGRADABLE 0
29.999999999999996 119 125.99999999999999 119 125.99999999999999 215.00000000000003 29.999999999999996 215.00000000000003 BIODEGRADABLE 0
1 75 61 75 61 167 1 167 BIODEGRADABLE 0
1 160 24 160 24 225.99999999999997 1 225.99999999999997 BIODEGRADABLE 0
2 196 78 196 78 283 2 283 BIODEGRADABLE 0
45 230 132 230 132 320 45 320 BIODEGRADABLE 0
1 283 85 283 85 372 1 372 BIODEGRADABLE 0
33 325 150 325 150 415 33 415 BIODEGRADABLE 0
109 303 216.00000000000003 303 216.00000000000003 401 109 401 BIODEGRADABLE 0
119.99999999999999 390 191 390 191 415 119.99999999999999 415 BIODEGRADABLE 0
190 373 291 373 291 415 190 415 BIODEGRADABLE 0
225.99999999999997 265 318 265 318 372 225.99999999999997 372 BIODEGRADABLE 0
290 259 414 259 414 385 290 385 BIODEGRADABLE 0
327 150 414 150 414 259 327 259 BIODEGRADABLE 0
281 59 392 59 392 165 281 165 BIODEGRADABLE 0
132 200 248 200 248 314 132 314 BIODEGRADABLE 0
217 146 326 146 326 255.00000000000003 217 255.00000000000003 BIODEGRADABLE 0
282 368 403 368 403 415 282 415 BIODEGRADABLE 0