277 2 387 2 387 91 277 91 BIODEGRADABLE 0
388 3 415 3 415 12 388 12 BIODEGRADABLE 0
410 44 414 44 414 98 410 98 BIODEGRADABLE 0
297 59 415 59 415 230 297 230 BIODEGRADABLE 0
367 191 415 191 415 371 367 371 BIODEGRADABLE 0
275 252.99999999999997 365 252.99999999999997 365 385 275 385 BIODEGRADABLE 0
232 191 335 191 335 328 232 328 BIODEGRADABLE 0
192 71 300 71 300 213.99999999999997 192 213.99999999999997 BIODEGRADABLE 0
175 2 280 2 280 82 175 82 BIODEGRADABLE 0
132 25 220 25 220 157 132 157 BIODEGRADABLE 0
79 2 176 2 176 66 79 66 BIODEGRADABLE 0
26 18 144 18 144 198 26 198 BIODEGRADABLE 0
36 210 115 210 115 414 36 414 BIODEGRADABLE 0
106 144 232 144 232 328 106 328 BIODEGRADABLE 0
130 282 251 282 251 410 130 410 BIODEGRADABLE 0
1 2 47 2 47 106.99999999999999 1 106.99999999999999 BIODEGRADABLE 0
1 88 35 88 35 238.99999999999997 1 238.99999999999997 BIODEGRADABLE 0
1 194 46 194 46 305 1 305 BIODEGRADABLE 0
1 299 57.00000000000001 299 57.00000000000001 415 1 415 BIODEGRADABLE 0