92 316 198 316 198 372 92 372 BIODEGRADABLE 0
181 307 296 307 296 365 181 365 BIODEGRADABLE 0
52 284 190 284 190 331 52 331 BIODEGRADABLE 0
172 210 362 210 362 310 172 310 BIODEGRADABLE 0
55 228.00000000000003 193 228.00000000000003 193 290 55 290 BIODEGRADABLE 0
75 189 106.99999999999999 189 106.99999999999999 226.99999999999997 75 226.99999999999997 BIODEGRADABLE 0
43 198 86 198 86 233 43 233 BIODEGRADABLE 0
40 162 83 162 83 197 40 197 BIODEGRADABLE 0
61 157 95 157 95 183 61 183 BIODEGRADABLE 0
86 161 215.00000000000003 161 215.00000000000003 285 86 285 BIODEGRADABLE 0
66 46 172 46 172 182 66 182 BIODEGRADABLE 0
149 175 241.00000000000003 175 241.00000000000003 236 149 236 BIODEGRADABLE 0
187 169 270 169 270 207 187 207 BIODEGRADABLE 0
167 76 230 76 230 131 167 131 BIODEGRADABLE 0
163 131 287 131 287 179 163 179 BIODEGRADABLE 0
147 46 327 46 327 131 147 131 BIODEGRADABLE 0
298 85 415 85 415 133 298 133 BIODEGRADABLE 0
146 47 330 47 330 219 146 219 BIODEGRADABLE 0