361 1 415 1 415 41 361 41 BIODEGRADABLE 0
192 1 232 1 232 13 192 13 BIODEGRADABLE 0
193 35 218 35 218 58 193 58 BIODEGRADABLE 0
163 43 195 43 195 73 163 73 BIODEGRADABLE 0
132 62 178 62 178 92 132 92 BIODEGRADABLE 0
277 26 337 26 337 74 277 74 BIODEGRADABLE 0
247 41 289 41 289 74 247 74 BIODEGRADABLE 0
245 74 289 74 289 114.00000000000001 245 114.00000000000001 BIODEGRADABLE 0
272 111 328 111 328 151 272 151 BIODEGRADABLE 0
291 85 329 85 329 116 291 116 BIODEGRADABLE 0
203 98 268 98 268 139 203 139 BIODEGRADABLE 0
195 140 252.99999999999997 140 252.99999999999997 184 195 184 BIODEGRADABLE 0
251 134 299 134 299 180 251 180 BIODEGRADABLE 0
282 174 322 174 322 197 282 197 BIODEGRADABLE 0
314 139 354 139 354 187 314 187 BIODEGRADABLE 0
199 82 251 82 251 112.99999999999999 199 112.99999999999999 BIODEGRADABLE 0
174 95 216.00000000000003 95 216.00000000000003 125.99999999999999 174 125.99999999999999 BIODEGRADABLE 0
170 123 216.00000000000003 123 216.00000000000003 157 170 157 BIODEGRADABLE 0
92 143 138 143 138 185 92 185 BIODEGRADABLE 0
136 142 178 142 178 172 136 172 BIODEGRADABLE 0
147 162 199 162 199 193 147 193 BIODEGRADABLE 0
180 180 232 180 232 218 180 218 BIODEGRADABLE 0
145 220 193 220 193 254.00000000000003 145 254.00000000000003 BIODEGRADABLE 0
170 248 213.99999999999997 248 213.99999999999997 282 170 282 BIODEGRADABLE 0
188 225 218 225 218 252.99999999999997 188 252.99999999999997 BIODEGRADABLE 0
115 188 155 188 155 228.00000000000003 115 228.00000000000003 BIODEGRADABLE 0
61 179 109 179 109 212 61 212 BIODEGRADABLE 0
50 207 88 207 88 230 50 230 BIODEGRADABLE 0
84 231 124 231 124 257 84 257 BIODEGRADABLE 0
86 251 216.00000000000003 251 216.00000000000003 361 86 361 BIODEGRADABLE 0
203 186 397 186 397 354 203 354 BIODEGRADABLE 0
326 344 374 344 374 369 326 369 BIODEGRADABLE 0
364 313 389 313 389 347 364 347 BIODEGRADABLE 0
366 349 389 349 389 369 366 369 BIODEGRADABLE 0
52 96 188 96 188 192 52 192 BIODEGRADABLE 0
234 0 255.00000000000003 0 255.00000000000003 2 234 2 BIODEGRADABLE 0
86 276 324 276 324 415 86 415 BIODEGRADABLE 0