2 314 59.99999999999999 314 59.99999999999999 370 2 370 BIODEGRADABLE 0
35 257 131 257 131 333 35 333 BIODEGRADABLE 0
2 45 105 45 105 148 2 148 BIODEGRADABLE 0
97 352 142 352 142 389 97 389 BIODEGRADABLE 0
129 368 174 368 174 405 129 405 BIODEGRADABLE 0
73 391 171 391 171 415 73 415 BIODEGRADABLE 0
43 400 111 400 111 415 43 415 BIODEGRADABLE 0
131 325 174 325 174 362 131 362 BIODEGRADABLE 0
141 360 163 360 163 370 141 370 BIODEGRADABLE 0
163 344 206 344 206 380 163 380 BIODEGRADABLE 0
166 381 204 381 204 407 166 407 BIODEGRADABLE 0
195 359 287 359 287 415 195 415 BIODEGRADABLE 0
172 400 196 400 196 415 172 415 BIODEGRADABLE 0
206 358 234 358 234 386 206 386 BIODEGRADABLE 0
191 332 241.00000000000003 332 241.00000000000003 360 191 360 BIODEGRADABLE 0
157 312 191 312 191 333 157 333 BIODEGRADABLE 0
238.99999999999997 326 279 326 279 368 238.99999999999997 368 BIODEGRADABLE 0
255.00000000000003 310 401 310 401 415 255.00000000000003 415 BIODEGRADABLE 0
317 336 401 336 401 376 317 376 BIODEGRADABLE 0
127.00000000000001 65 225 65 225 145 127.00000000000001 145 BIODEGRADABLE 0
129 164 183 164 183 198 129 198 BIODEGRADABLE 0
131 193 165 193 165 223 131 223 BIODEGRADABLE 0
129 222 307 222 307 334 129 334 BIODEGRADABLE 0
157 175 202 175 202 212 157 212 BIODEGRADABLE 0
170 213.99999999999997 202 213.99999999999997 202 232 170 232 BIODEGRADABLE 0
127.00000000000001 146 159 146 159 166 127.00000000000001 166 BIODEGRADABLE 0
159 143 202 143 202 172 159 172 BIODEGRADABLE 0
189 190 245 190 245 222 189 222 BIODEGRADABLE 0
204 209 247 209 247 237 204 237 BIODEGRADABLE 0
185 159 232 159 232 191 185 191 BIODEGRADABLE 0
200 140 238 140 238 168 200 168 BIODEGRADABLE 0
232 167 275 167 275 201 232 201 BIODEGRADABLE 0
247 201 290 201 290 231 247 231 BIODEGRADABLE 0
247 195 297 195 297 239.99999999999997 247 239.99999999999997 BIODEGRADABLE 0
275 167 315 167 315 215.00000000000003 275 215.00000000000003 BIODEGRADABLE 0
238 146 300 146 300 170 238 170 BIODEGRADABLE 0
210 95 298 95 298 151 210 151 BIODEGRADABLE 0
247 18 292 18 292 54.00000000000001 247 54.00000000000001 BIODEGRADABLE 0
211 68 245 68 245 97 211 97 BIODEGRADABLE 0
125 0 168 0 168 10 125 10 BIODEGRADABLE 0
305 201 365 201 365 225 305 225 BIODEGRADABLE 0
247 219 361 219 361 264 247 264 BIODEGRADABLE 0
300 183 343 183 343 199 300 199 BIODEGRADABLE 0
341 195 415 195 415 305 341 305 BIODEGRADABLE 0
332 130 415 130 415 201 332 201 BIODEGRADABLE 0
324 89 388 89 388 161 324 161 BIODEGRADABLE 0
285 146 337 146 337 183 285 183 BIODEGRADABLE 0
279 103 343 103 343 161 279 161 BIODEGRADABLE 0
298 39 373 39 373 106.99999999999999 298 106.99999999999999 BIODEGRADABLE 0
285 1 368 1 368 44 285 44 BIODEGRADABLE 0
239.99999999999997 0 283 0 283 18 239.99999999999997 18 BIODEGRADABLE 0
275 26 313 26 313 66 275 66 BIODEGRADABLE 0
287 53 311 53 311 103 287 103 BIODEGRADABLE 0
262 55 300 55 300 95 262 95 BIODEGRADABLE 0
239.99999999999997 55 272 55 272 97 239.99999999999997 97 BIODEGRADABLE 0
225.99999999999997 66 260 66 260 98 225.99999999999997 98 BIODEGRADABLE 0
189 0 257 0 257 18 189 18 BIODEGRADABLE 0
221 19 249 19 249 69 221 69 BIODEGRADABLE 0
191 18 221 18 221 70 191 70 BIODEGRADABLE 0
165 1 202 1 202 64 165 64 BIODEGRADABLE 0
122 5 172 5 172 31 122 31 BIODEGRADABLE 0
124 31 180 31 180 68 124 68 BIODEGRADABLE 0