3 2 139 2 139 118 3 118 BIODEGRADABLE 0
3 2 257 2 257 147 3 147 BIODEGRADABLE 0
148 26 276 26 276 97 148 97 BIODEGRADABLE 0
82 2 357 2 357 58 82 58 BIODEGRADABLE 0
80 2 196 2 196 22 80 22 BIODEGRADABLE 0
278 49 396 49 396 127.00000000000001 278 127.00000000000001 BIODEGRADABLE 0
339 2 414 2 414 64 339 64 BIODEGRADABLE 0
386 26 415 26 415 95 386 95 BIODEGRADABLE 0
395 92 415 92 415 133 395 133 BIODEGRADABLE 0
250 122 415 122 415 211 250 211 BIODEGRADABLE 0
352 148 415 148 415 213.99999999999997 352 213.99999999999997 BIODEGRADABLE 0
305 193 403 193 403 271 305 271 BIODEGRADABLE 0
378 212 416 212 416 306 378 306 BIODEGRADABLE 0
198 114.00000000000001 305 114.00000000000001 305 202 198 202 BIODEGRADABLE 0
59 106 216.00000000000003 106 216.00000000000003 212 59 212 BIODEGRADABLE 0
3 105 128 105 128 245 3 245 BIODEGRADABLE 0
55 244 173 244 173 312 55 312 BIODEGRADABLE 0
14 188 205 188 205 291 14 291 BIODEGRADABLE 0
55 300 173 300 173 377 55 377 BIODEGRADABLE 0
111 338 257 338 257 416 111 416 BIODEGRADABLE 0
3 276 123 276 123 415 3 415 BIODEGRADABLE 0
195 357 335 357 335 415 195 415 BIODEGRADABLE 0
157 271 387 271 387 386 157 386 BIODEGRADABLE 0
300 280 402 280 402 357 300 357 BIODEGRADABLE 0
316 313 415 313 415 381 316 381 BIODEGRADABLE 0