2 212.99999999999997 89 212.99999999999997 89 271 2 271 BIODEGRADABLE 0
2 155 38 155 38 212.99999999999997 2 212.99999999999997 BIODEGRADABLE 0
16 72 185 72 185 185 16 185 BIODEGRADABLE 0
3 62 25 62 25 125.99999999999999 3 125.99999999999999 BIODEGRADABLE 0
2 44 91 44 91 147 2 147 BIODEGRADABLE 0
9 8 138 8 138 82 9 82 BIODEGRADABLE 0
119.99999999999999 5 280 5 280 127.00000000000001 119.99999999999999 127.00000000000001 BIODEGRADABLE 0
100 1 392 1 392 59.99999999999999 100 59.99999999999999 BIODEGRADABLE 0
269 27.000000000000004 415 27.000000000000004 415 141 269 141 BIODEGRADABLE 0
196 80 388 80 388 200 196 200 BIODEGRADABLE 0
143 170 287 170 287 278 143 278 BIODEGRADABLE 0
89 196 147 196 147 258 89 258 BIODEGRADABLE 0
41 179 125 179 125 212.99999999999997 41 212.99999999999997 BIODEGRADABLE 0
265 176 325 176 325 232 265 232 BIODEGRADABLE 0
318 118 415 118 415 278 318 278 BIODEGRADABLE 0
220 251.99999999999997 415 251.99999999999997 415 349 220 349 BIODEGRADABLE 0
392 350 412 350 412 367 392 367 BIODEGRADABLE 0
269 321 289 321 289 332 269 332 BIODEGRADABLE 0
216.00000000000003 316 236 316 236 327 216.00000000000003 327 BIODEGRADABLE 0
207 275 225 275 225 287 207 287 BIODEGRADABLE 0
156 284 174 284 174 293 156 293 BIODEGRADABLE 0
100 311 116 311 116 328 100 328 BIODEGRADABLE 0
138 314 158 314 158 330 138 330 BIODEGRADABLE 0
125 345 139 345 139 356 125 356 BIODEGRADABLE 0
89 350 106.99999999999999 350 106.99999999999999 359 89 359 BIODEGRADABLE 0
11 372 29 372 29 384 11 384 BIODEGRADABLE 0
147 332 167 332 167 344 147 344 BIODEGRADABLE 0
156 316 174 316 174 328 156 328 BIODEGRADABLE 0
182 318 196 318 196 327 182 327 BIODEGRADABLE 0
180 327 196 327 196 333 180 333 BIODEGRADABLE 0