46 118 198 118 198 338 46 338 BIODEGRADABLE 0
95 128 147 128 147 130 95 130 BIODEGRADABLE 0
132 104 190 104 190 144 132 144 BIODEGRADABLE 0
167 333 185 333 185 347 167 347 BIODEGRADABLE 0
234 116 388 116 388 331 234 331 BIODEGRADABLE 0
286 326 329 326 329 354 286 354 BIODEGRADABLE 0
247 328 278 328 278 340 247 340 BIODEGRADABLE 0
338 328 369 328 369 340 338 340 BIODEGRADABLE 0
226.99999999999997 185 241.00000000000003 185 241.00000000000003 285 226.99999999999997 285 BIODEGRADABLE 0
317 102 357 102 357 125 317 125 BIODEGRADABLE 0
284 102 312 102 312 118 284 118 BIODEGRADABLE 0
243 104 277 104 277 122 243 122 BIODEGRADABLE 0
267 90 367 90 367 118 267 118 BIODEGRADABLE 0
25 62 220 62 220 372 25 372 PLASTIC 0