302 2 414 2 414 55 302 55 BIODEGRADABLE 0
194 2 382 2 382 74 194 74 BIODEGRADABLE 0
194 2 382 2 382 105 194 105 BIODEGRADABLE 0
378 46 414 46 414 88 378 88 BIODEGRADABLE 0
96 2 203 2 203 23 96 23 BIODEGRADABLE 0
62 18 219 18 219 119.99999999999999 62 119.99999999999999 BIODEGRADABLE 0
157 84 277 84 277 167 157 167 BIODEGRADABLE 0
273 82 414 82 414 173 273 173 BIODEGRADABLE 0
251.99999999999997 148 414 148 414 251 251.99999999999997 251 BIODEGRADABLE 0
392 209 414 209 414 279 392 279 BIODEGRADABLE 0
248 249 414 249 414 359 248 359 BIODEGRADABLE 0
363 333 414 333 414 415 363 415 BIODEGRADABLE 0
243 352 378 352 378 415 243 415 BIODEGRADABLE 0
132 319 301 319 301 415 132 415 BIODEGRADABLE 0
98 200 271 200 271 308 98 308 BIODEGRADABLE 0
151 302 255.00000000000003 302 255.00000000000003 330 151 330 BIODEGRADABLE 0
93 88 255.00000000000003 88 255.00000000000003 218 93 218 BIODEGRADABLE 0
0 91 141 91 141 185 0 185 BIODEGRADABLE 0
18 186 134 186 134 286 18 286 BIODEGRADABLE 0
2 283 150 283 150 388 2 388 BIODEGRADABLE 0
21 351 135 351 135 398 21 398 BIODEGRADABLE 0
106.99999999999999 392 174 392 174 415 106.99999999999999 415 BIODEGRADABLE 0
0 396 117 396 117 415 0 415 BIODEGRADABLE 0
0 2 66 2 66 94 0 94 CARDBOARD 0
1 176 23 176 23 286 1 286 CARDBOARD 0
0 266 41 266 41 303 0 303 CARDBOARD 0
0 367 21 367 21 400 0 400 CARDBOARD 0