209 61 341 61 341 150 209 150 BIODEGRADABLE 0
205 14.999999999999998 293 14.999999999999998 293 62.99999999999999 205 62.99999999999999 BIODEGRADABLE 0
160 2 232 2 232 58 160 58 BIODEGRADABLE 0
237 2 285 2 285 29.999999999999996 237 29.999999999999996 BIODEGRADABLE 0
303 59.99999999999999 360 59.99999999999999 360 92 303 92 BIODEGRADABLE 0
293 41 350 41 350 68 293 68 BIODEGRADABLE 0
366 61 415 61 415 109 366 109 BIODEGRADABLE 0
341 100 411 100 411 136 341 136 BIODEGRADABLE 0
346 130 412 130 412 170 346 170 BIODEGRADABLE 0
362 196 416 196 416 276 362 276 BIODEGRADABLE 0
370 169 415 169 415 212.99999999999997 370 212.99999999999997 BIODEGRADABLE 0
32 27.000000000000004 218 27.000000000000004 218 112.99999999999999 32 112.99999999999999 BIODEGRADABLE 0
14 158 130 158 130 250 14 250 BIODEGRADABLE 0
96 148 168 148 168 166 96 166 BIODEGRADABLE 0
64 112 139 112 139 156 64 156 BIODEGRADABLE 0
34 94 93 94 93 145 34 145 BIODEGRADABLE 0
3 76 75 76 75 166 3 166 BIODEGRADABLE 0
7 55 59 55 59 88 7 88 BIODEGRADABLE 0
125.99999999999999 152 213.99999999999997 152 213.99999999999997 196 125.99999999999999 196 BIODEGRADABLE 0
186 128 300 128 300 173 186 173 BIODEGRADABLE 0
257 144 337 144 337 172 257 172 BIODEGRADABLE 0
273 223 375 223 375 294 273 294 BIODEGRADABLE 0
303 180 394 180 394 251.99999999999997 303 251.99999999999997 BIODEGRADABLE 0
221 169 307 169 307 220 221 220 BIODEGRADABLE 0
109 193 255.00000000000003 193 255.00000000000003 244 109 244 BIODEGRADABLE 0
96 206 189 206 189 234 96 234 BIODEGRADABLE 0
39 232 221 232 221 293 39 293 BIODEGRADABLE 0
50 247 193 247 193 314 50 314 BIODEGRADABLE 0
75 275 121.00000000000001 275 121.00000000000001 317 75 317 BIODEGRADABLE 0
39 300 82 300 82 342 39 342 BIODEGRADABLE 0
35 276 73 276 73 303 35 303 BIODEGRADABLE 0
2 249 59 249 59 277 2 277 BIODEGRADABLE 0
2 271 48 271 48 336 2 336 BIODEGRADABLE 0
84 335 162 335 162 391 84 391 BIODEGRADABLE 0
57.00000000000001 351 121.00000000000001 351 121.00000000000001 412 57.00000000000001 412 BIODEGRADABLE 0
2 335 43 335 43 377 2 377 BIODEGRADABLE 0
152 300 266 300 266 377 152 377 BIODEGRADABLE 0
246 299 314 299 314 373 246 373 BIODEGRADABLE 0
288 351 416 351 416 415 288 415 BIODEGRADABLE 0
362 314 416 314 416 365 362 365 BIODEGRADABLE 0
321 285 364 285 364 345 321 345 BIODEGRADABLE 0
293 290 323 290 323 324 293 324 BIODEGRADABLE 0
2 167 43 167 43 231 2 231 BIODEGRADABLE 0
346 270 414 270 414 319 346 319 BIODEGRADABLE 0