14 180 166 180 166 266 14 266 BIODEGRADABLE 0
119 233 238.99999999999997 233 238.99999999999997 313 119 313 BIODEGRADABLE 0
152 327 280 327 280 404 152 404 BIODEGRADABLE 0
213.99999999999997 400 276 400 276 415 213.99999999999997 415 BIODEGRADABLE 0
84 378 209 378 209 415 84 415 BIODEGRADABLE 0
2 410 66 410 66 415 2 415 BIODEGRADABLE 0
25 85 161 85 161 182 25 182 BIODEGRADABLE 0
187 94 296 94 296 165 187 165 BIODEGRADABLE 0
171 98 262 98 262 189 171 189 BIODEGRADABLE 0
235 266 271 266 271 301 235 301 BIODEGRADABLE 0
178 199 278 199 278 265 178 265 BIODEGRADABLE 0
346 268 394 268 394 348 346 348 BIODEGRADABLE 0
375 283 415 283 415 346 375 346 BIODEGRADABLE 0
373 342 415 342 415 379 373 379 BIODEGRADABLE 0
267 187 339 187 339 247 267 247 BIODEGRADABLE 0
246 125.99999999999999 330 125.99999999999999 330 192 246 192 BIODEGRADABLE 0
314 124 376 124 376 174 314 174 BIODEGRADABLE 0
336 167 398 167 398 220 336 220 BIODEGRADABLE 0
362 114.00000000000001 416 114.00000000000001 416 161 362 161 BIODEGRADABLE 0
330 49 402 49 402 99 330 99 BIODEGRADABLE 0
395 33 415 33 415 79 395 79 BIODEGRADABLE 0
268 28 332 28 332 100 268 100 BIODEGRADABLE 0