291 270 352 270 352 333 291 333 BIODEGRADABLE 0
251.99999999999997 280 337 280 337 374 251.99999999999997 374 BIODEGRADABLE 0
41 207 135 207 135 325 41 325 BIODEGRADABLE 0
122 283 248 283 248 401 122 401 BIODEGRADABLE 0
146 283 255.00000000000003 283 255.00000000000003 355 146 355 BIODEGRADABLE 0
183 254.00000000000003 255.00000000000003 254.00000000000003 255.00000000000003 320 183 320 BIODEGRADABLE 0
133 215.00000000000003 189 215.00000000000003 189 285 133 285 BIODEGRADABLE 0
161 139 261 139 261 241.00000000000003 161 241.00000000000003 BIODEGRADABLE 0
204 185 296 185 296 255.00000000000003 204 255.00000000000003 BIODEGRADABLE 0
235 193 313 193 313 257 235 257 BIODEGRADABLE 0
243 187 335 187 335 287 243 287 BIODEGRADABLE 0
243 139 311 139 311 207 243 207 BIODEGRADABLE 0
239.99999999999997 112.99999999999999 320 112.99999999999999 320 155 239.99999999999997 155 BIODEGRADABLE 0
228.00000000000003 97 318 97 318 189 228.00000000000003 189 BIODEGRADABLE 0
228.00000000000003 75 322 75 322 115 228.00000000000003 115 BIODEGRADABLE 0
183 17 320 17 320 99 183 99 BIODEGRADABLE 0
169 65 228.00000000000003 65 228.00000000000003 143 169 143 BIODEGRADABLE 0
155 37 185 37 185 161 155 161 BIODEGRADABLE 0
139 48 176 48 176 181 139 181 BIODEGRADABLE 0
117 43 193 43 193 61 117 61 BIODEGRADABLE 0
50 13 116 13 116 83 50 83 BIODEGRADABLE 0
85 61 148 61 148 124 85 124 BIODEGRADABLE 0
47 97 154 97 154 141 47 141 BIODEGRADABLE 0
109 131 159 131 159 211 109 211 BIODEGRADABLE 0
56 127.00000000000001 122 127.00000000000001 122 209 56 209 BIODEGRADABLE 0