336 369 414 369 414 415 336 415 BIODEGRADABLE 0
232 332 366 332 366 412 232 412 BIODEGRADABLE 0
116 262 300 262 300 390 116 390 BIODEGRADABLE 0
89 300 139 300 139 366 89 366 BIODEGRADABLE 0
16 233 123 233 123 326 16 326 BIODEGRADABLE 0
109 225.99999999999997 141 225.99999999999997 141 286 109 286 BIODEGRADABLE 0
128 195 213.99999999999997 195 213.99999999999997 278 128 278 BIODEGRADABLE 0
161 156 341 156 341 272 161 272 BIODEGRADABLE 0
264 255.00000000000003 368 255.00000000000003 368 333 264 333 BIODEGRADABLE 0
316 224 414 224 414 318 316 318 BIODEGRADABLE 0
364 306 414 306 414 376 364 376 BIODEGRADABLE 0
307 125.99999999999999 414 125.99999999999999 414 217 307 217 BIODEGRADABLE 0
200 64 362 64 362 173 200 173 BIODEGRADABLE 0
119 80 221 80 221 180 119 180 BIODEGRADABLE 0
55 117 146 117 146 205 55 205 BIODEGRADABLE 0
141 52 198 52 198 99 141 99 BIODEGRADABLE 0
136 174 166 174 166 204 136 204 BIODEGRADABLE 0
159 1 307 1 307 85 159 85 BIODEGRADABLE 0
302 1 415 1 415 55 302 55 BIODEGRADABLE 0
355 50 414 50 414 132 355 132 BIODEGRADABLE 0
303 44 369 44 369 72 303 72 BIODEGRADABLE 0