251.99999999999997 167 384 167 384 309 251.99999999999997 309 BIODEGRADABLE 0
248 204 410 204 410 266 248 266 BIODEGRADABLE 0
312 232 396 232 396 346 312 346 BIODEGRADABLE 0
273 268 333 268 333 388 273 388 BIODEGRADABLE 0
241.00000000000003 307 293 307 293 414 241.00000000000003 414 BIODEGRADABLE 0
198 286 272 286 272 412 198 412 BIODEGRADABLE 0
162 268 244 268 244 345 162 345 BIODEGRADABLE 0
151 238 199 238 199 414 151 414 BIODEGRADABLE 0
87 304 160 304 160 414 87 414 BIODEGRADABLE 0
56 266 164 266 164 373 56 373 BIODEGRADABLE 0
66 358 100 358 100 405 66 405 BIODEGRADABLE 0
75 244 103 244 103 296 75 296 BIODEGRADABLE 0
42 249 94 249 94 315 42 315 BIODEGRADABLE 0
44 316 74 316 74 348 44 348 BIODEGRADABLE 0
29 163 73 163 73 266 29 266 BIODEGRADABLE 0
2 236 59.99999999999999 236 59.99999999999999 377 2 377 BIODEGRADABLE 0
19 223 37 223 37 252.99999999999997 19 252.99999999999997 BIODEGRADABLE 0
16 176 40 176 40 202 16 202 BIODEGRADABLE 0
18 121.00000000000001 52 121.00000000000001 52 187 18 187 BIODEGRADABLE 0
56 125 156 125 156 260 56 260 BIODEGRADABLE 0
29 92 77 92 77 167 29 167 BIODEGRADABLE 0
98 172 191 172 191 294 98 294 BIODEGRADABLE 0
171 217 195 217 195 251 171 251 BIODEGRADABLE 0
194 170 294 170 294 238 194 238 BIODEGRADABLE 0
278 124 354 124 354 193 278 193 BIODEGRADABLE 0
206 138 292 138 292 176 206 176 BIODEGRADABLE 0
143 163 238 163 238 208 143 208 BIODEGRADABLE 0
122 112 207 112 207 170 122 170 BIODEGRADABLE 0
83 75 180 75 180 127.00000000000001 83 127.00000000000001 BIODEGRADABLE 0
58 43 111 43 111 125 58 125 BIODEGRADABLE 0
58 67 87 67 87 131 58 131 BIODEGRADABLE 0
108.00000000000001 14.999999999999998 161 14.999999999999998 161 81 108.00000000000001 81 BIODEGRADABLE 0
159 0 212 0 212 112 159 112 BIODEGRADABLE 0
146 14.999999999999998 180 14.999999999999998 180 77 146 77 BIODEGRADABLE 0
182 43 266 43 266 137 182 137 BIODEGRADABLE 0
183 80 246 80 246 116 183 116 BIODEGRADABLE 0
201 9 269 9 269 49 201 49 BIODEGRADABLE 0
190 1 272 1 272 35 190 35 BIODEGRADABLE 0
243 1 291 1 291 39 243 39 BIODEGRADABLE 0
260 13 318 13 318 148 260 148 BIODEGRADABLE 0
261 80 291 80 291 142 261 142 BIODEGRADABLE 0
283 14.999999999999998 341 14.999999999999998 341 131 283 131 BIODEGRADABLE 0
328 69 400 69 400 195 328 195 BIODEGRADABLE 0
387 106.99999999999999 415 106.99999999999999 415 164 387 164 BIODEGRADABLE 0