8 314 210 314 210 399 8 399 BIODEGRADABLE 0
3 393 87 393 87 415 3 415 BIODEGRADABLE 0
67 349 210 349 210 414 67 414 BIODEGRADABLE 0
118 396 202 396 202 415 118 415 BIODEGRADABLE 0
100 393 182 393 182 415 100 415 BIODEGRADABLE 0
153 373 252.99999999999997 373 252.99999999999997 395 153 395 BIODEGRADABLE 0
182 335 340 335 340 380 182 380 BIODEGRADABLE 0
215.00000000000003 361 289 361 289 415 215.00000000000003 415 BIODEGRADABLE 0
279 365 327 365 327 409 279 409 BIODEGRADABLE 0
252.99999999999997 377 283 377 283 404 252.99999999999997 404 BIODEGRADABLE 0
233 373 381 373 381 415 233 415 BIODEGRADABLE 0
324 340 414 340 414 370 324 370 BIODEGRADABLE 0
332 314 370 314 370 346 332 346 BIODEGRADABLE 0
276 306 320 306 320 341 276 341 BIODEGRADABLE 0
220 313 284 313 284 345 220 345 BIODEGRADABLE 0
220 263 360 263 360 316 220 316 BIODEGRADABLE 0
309 252.99999999999997 415 252.99999999999997 415 331 309 331 BIODEGRADABLE 0
309 212 365 212 365 262 309 262 BIODEGRADABLE 0
172 241.00000000000003 322 241.00000000000003 322 273 172 273 BIODEGRADABLE 0
133 218 286 218 286 249 133 249 BIODEGRADABLE 0
225 211 312 211 312 235 225 235 BIODEGRADABLE 0
72 251.99999999999997 179 251.99999999999997 179 282 72 282 BIODEGRADABLE 0
5 223 135 223 135 270 5 270 BIODEGRADABLE 0
2 224 64 224 64 251.99999999999997 2 251.99999999999997 BIODEGRADABLE 0
3 252.99999999999997 41 252.99999999999997 41 337 3 337 BIODEGRADABLE 0
46 259 100 259 100 342 46 342 BIODEGRADABLE 0
3 318 133 318 133 372 3 372 BIODEGRADABLE 0
82 299 210 299 210 352 82 352 BIODEGRADABLE 0
100 271 243 271 243 306 100 306 BIODEGRADABLE 0
18 190 204 190 204 218 18 218 BIODEGRADABLE 0
44 171 182 171 182 199 44 199 BIODEGRADABLE 0
179 172 304 172 304 191 179 191 BIODEGRADABLE 0
202 187 309 187 309 203 202 203 BIODEGRADABLE 0
284 181 350 181 350 199 284 199 BIODEGRADABLE 0
299 171 337 171 337 183 299 183 BIODEGRADABLE 0
304 157 366 157 366 181 304 181 BIODEGRADABLE 0
276 157 309 157 309 173 276 173 BIODEGRADABLE 0
135 138 271 138 271 169 135 169 BIODEGRADABLE 0
3 144 181 144 181 180 3 180 BIODEGRADABLE 0
2 169 46 169 46 193 2 193 BIODEGRADABLE 0
5 121.00000000000001 151 121.00000000000001 151 149 5 149 BIODEGRADABLE 0
72 105 220 105 220 141 72 141 BIODEGRADABLE 0
204 124 239.99999999999997 124 239.99999999999997 152 204 152 BIODEGRADABLE 0
239.99999999999997 125 294 125 294 141 239.99999999999997 141 BIODEGRADABLE 0
268 137 368 137 368 161 268 161 BIODEGRADABLE 0
281 112.99999999999999 363 112.99999999999999 363 144 281 144 BIODEGRADABLE 0
309 110 381 110 381 145 309 145 BIODEGRADABLE 0
335 114.00000000000001 386 114.00000000000001 386 133 335 133 BIODEGRADABLE 0
317 94 358 94 358 112.99999999999999 317 112.99999999999999 BIODEGRADABLE 0
212 86 314 86 314 110 212 110 BIODEGRADABLE 0
69 81 255.00000000000003 81 255.00000000000003 127.00000000000001 69 127.00000000000001 BIODEGRADABLE 0
5 90 79 90 79 125 5 125 BIODEGRADABLE 0
3 31 149 31 149 102 3 102 BIODEGRADABLE 0
108.00000000000001 57.00000000000001 312 57.00000000000001 312 89 108.00000000000001 89 BIODEGRADABLE 0
64 62.99999999999999 220 62.99999999999999 220 94 64 94 BIODEGRADABLE 0
3 19 197 19 197 45 3 45 BIODEGRADABLE 0
2 0 202 0 202 61 2 61 BIODEGRADABLE 0
118 2 266 2 266 58 118 58 BIODEGRADABLE 0
169 0 284 0 284 46 169 46 BIODEGRADABLE 0
261 39 317 39 317 66 261 66 BIODEGRADABLE 0
258 55 358 55 358 91 258 91 BIODEGRADABLE 0
316 85 360 85 360 99 316 99 BIODEGRADABLE 0
283 19 345 19 345 73 283 73 BIODEGRADABLE 0
260 20 296 20 296 32 260 32 BIODEGRADABLE 0
239.99999999999997 0 273 0 273 27.000000000000004 239.99999999999997 27.000000000000004 BIODEGRADABLE 0