279 218 327 218 327 307 279 307 BIODEGRADABLE 0
213.99999999999997 206 279 206 279 273 213.99999999999997 273 BIODEGRADABLE 0
172 179 213.99999999999997 179 213.99999999999997 283 172 283 BIODEGRADABLE 0
171 233 197 233 197 317 171 317 BIODEGRADABLE 0
198 273 254.00000000000003 273 254.00000000000003 359 198 359 BIODEGRADABLE 0
117 191 165 191 165 263 117 263 BIODEGRADABLE 0
139 136 157 136 157 196 139 196 BIODEGRADABLE 0
109 109 143 109 143 211 109 211 BIODEGRADABLE 0
24 3 56 3 56 92 24 92 BIODEGRADABLE 0
1 20 36 20 36 109 1 109 BIODEGRADABLE 0
1 90 39 90 39 154 1 154 BIODEGRADABLE 0
37 154 125 154 125 248 37 248 BIODEGRADABLE 0
2 3 311 3 311 399 2 399 BIODEGRADABLE 0
40 2 355 2 355 374 40 374 BIODEGRADABLE 0
100 2 415 2 415 333 100 333 BIODEGRADABLE 0