280 211 400 211 400 344 280 344 BIODEGRADABLE 0
193 274 305 274 305 339 193 339 BIODEGRADABLE 0
173 205 282 205 282 291 173 291 BIODEGRADABLE 0
216.00000000000003 191 286 191 286 245 216.00000000000003 245 BIODEGRADABLE 0
252.99999999999997 152 337 152 337 206 252.99999999999997 206 BIODEGRADABLE 0
198 131 266 131 266 185 198 185 BIODEGRADABLE 0
178 147 228.00000000000003 147 228.00000000000003 201 178 201 BIODEGRADABLE 0
225 85 275 85 275 125.99999999999999 225 125.99999999999999 BIODEGRADABLE 0
266 76 302 76 302 119.99999999999999 266 119.99999999999999 BIODEGRADABLE 0
200 33 268 33 268 79 200 79 BIODEGRADABLE 0
189 62 246 62 246 104 189 104 BIODEGRADABLE 0
162 32 205 32 205 74 162 74 BIODEGRADABLE 0
101 24 173 24 173 88 101 88 BIODEGRADABLE 0
106.99999999999999 91 169 91 169 139 106.99999999999999 139 BIODEGRADABLE 0
55 29 125 29 125 135 55 135 BIODEGRADABLE 0
27.000000000000004 91 84 91 84 135 27.000000000000004 135 BIODEGRADABLE 0
39 132 93 132 93 162 39 162 BIODEGRADABLE 0
48 161 132 161 132 215.00000000000003 48 215.00000000000003 BIODEGRADABLE 0
66 206 152 206 152 272 66 272 BIODEGRADABLE 0
112 281 171 281 171 339 112 339 BIODEGRADABLE 0
123 328 198 328 198 377 123 377 BIODEGRADABLE 0
18 272 96 272 96 342 18 342 BIODEGRADABLE 0
32 341 94 341 94 403 32 403 BIODEGRADABLE 0
96 342 168 342 168 413 96 413 BIODEGRADABLE 0