2 124 40 124 40 230 2 230 BIODEGRADABLE 0
2 44 9 44 9 98 2 98 BIODEGRADABLE 0
2 221 18 221 18 284 2 284 BIODEGRADABLE 0
16 182 91 182 91 284 16 284 BIODEGRADABLE 0
49 241.00000000000003 112.99999999999999 241.00000000000003 112.99999999999999 319 49 319 BIODEGRADABLE 0
102 146 180 146 180 254.00000000000003 102 254.00000000000003 BIODEGRADABLE 0
150 193 218 193 218 286 150 286 BIODEGRADABLE 0
150 54.00000000000001 234 54.00000000000001 234 182 150 182 BIODEGRADABLE 0
239.99999999999997 59 334 59 334 185 239.99999999999997 185 BIODEGRADABLE 0
225.99999999999997 187 320 187 320 273 225.99999999999997 273 BIODEGRADABLE 0
251 208 325 208 325 304 251 304 BIODEGRADABLE 0
221 267 294 267 294 339 221 339 BIODEGRADABLE 0
170 282 229.00000000000003 282 229.00000000000003 354 170 354 BIODEGRADABLE 0
197 343 254.00000000000003 343 254.00000000000003 401 197 401 BIODEGRADABLE 0
237 323 291 323 291 375 237 375 BIODEGRADABLE 0
257 364 307 364 307 415 257 415 BIODEGRADABLE 0
318 345 370 345 370 403 318 403 BIODEGRADABLE 0
299 291 391 291 391 345 299 345 BIODEGRADABLE 0
335 390 380 390 380 415 335 415 BIODEGRADABLE 0
69 383 114.00000000000001 383 114.00000000000001 415 69 415 BIODEGRADABLE 0
70 356 150 356 150 397 70 397 BIODEGRADABLE 0
38 375 73 375 73 415 38 415 BIODEGRADABLE 0
106.99999999999999 388 134 388 134 415 106.99999999999999 415 BIODEGRADABLE 0
190 401 247 401 247 415 190 415 BIODEGRADABLE 0