371 2 414 2 414 61 371 61 BIODEGRADABLE 0
339 2 414 2 414 26 339 26 BIODEGRADABLE 0
250 2 341 2 341 43 250 43 BIODEGRADABLE 0
213.99999999999997 10 280 10 280 58 213.99999999999997 58 BIODEGRADABLE 0
230 2 251.99999999999997 2 251.99999999999997 10 230 10 BIODEGRADABLE 0
152 2 230 2 230 24 152 24 BIODEGRADABLE 0
93 8 171 8 171 52 93 52 BIODEGRADABLE 0
100 2 157 2 157 16 100 16 BIODEGRADABLE 0
32 2 104 2 104 32 32 32 BIODEGRADABLE 0
14 32 80 32 80 78 14 78 BIODEGRADABLE 0
1 18 25 18 25 70 1 70 BIODEGRADABLE 0
1 1 37 1 37 18 1 18 BIODEGRADABLE 0
1 68 62 68 62 133 1 133 BIODEGRADABLE 0
59.99999999999999 80 148 80 148 125.99999999999999 59.99999999999999 125.99999999999999 BIODEGRADABLE 0
114.00000000000001 115 162 115 162 145 114.00000000000001 145 BIODEGRADABLE 0
151 91 221 91 221 133 151 133 BIODEGRADABLE 0
205 62.99999999999999 264 62.99999999999999 264 117 205 117 BIODEGRADABLE 0
139 49 203 49 203 96 139 96 BIODEGRADABLE 0
64 34 136 34 136 88 64 88 BIODEGRADABLE 0
180 32 230 32 230 70 180 70 BIODEGRADABLE 0
271 41 362 41 362 95 271 95 BIODEGRADABLE 0
335 38 403 38 403 104 335 104 BIODEGRADABLE 0
400 59 414 59 414 97 400 97 BIODEGRADABLE 0
350 96 414 96 414 149 350 149 BIODEGRADABLE 0
289 105 351 105 351 155 289 155 BIODEGRADABLE 0
241.00000000000003 82 323 82 323 140 241.00000000000003 140 BIODEGRADABLE 0
189 119.99999999999999 277 119.99999999999999 277 184 189 184 BIODEGRADABLE 0
271 136 301 136 301 162 271 162 BIODEGRADABLE 0
116 138 202 138 202 190 116 190 BIODEGRADABLE 0
34 133 109 133 109 185 34 185 BIODEGRADABLE 0
1 133 37 133 37 192 1 192 BIODEGRADABLE 0
39 178 93 178 93 224 39 224 BIODEGRADABLE 0
3 177 39 177 39 207 3 207 BIODEGRADABLE 0
89 178 153 178 153 224 89 224 BIODEGRADABLE 0
153 183 189 183 189 207 153 207 BIODEGRADABLE 0
132 207 218 207 218 260 132 260 BIODEGRADABLE 0
175 179 241.00000000000003 179 241.00000000000003 211 175 211 BIODEGRADABLE 0
219 180 278 180 278 220 219 220 BIODEGRADABLE 0
264 154 357 154 357 206 264 206 BIODEGRADABLE 0
310 170 398 170 398 225.99999999999997 310 225.99999999999997 BIODEGRADABLE 0
373 152 414 152 414 206 373 206 BIODEGRADABLE 0
394 203 414 203 414 233 394 233 BIODEGRADABLE 0
344 226.99999999999997 414 226.99999999999997 414 283 344 283 BIODEGRADABLE 0
311 238 357 238 357 279 311 279 BIODEGRADABLE 0
291 224 353 224 353 259 291 259 BIODEGRADABLE 0
262 204 328 204 328 256 262 256 BIODEGRADABLE 0
205 223 269 223 269 271 205 271 BIODEGRADABLE 0
141 258 207 258 207 288 141 288 BIODEGRADABLE 0
71 225.99999999999997 146 225.99999999999997 146 273 71 273 BIODEGRADABLE 0
5 209 77 209 77 257 5 257 BIODEGRADABLE 0
1 202 18 202 18 249 1 249 BIODEGRADABLE 0
21 255.00000000000003 73 255.00000000000003 73 277 21 277 BIODEGRADABLE 0
57.00000000000001 266 137 266 137 324 57.00000000000001 324 BIODEGRADABLE 0
16 272 62 272 62 313 16 313 BIODEGRADABLE 0
1 263 34 263 34 318 1 318 BIODEGRADABLE 0
1 317 53 317 53 378 1 378 BIODEGRADABLE 0
46 331 105 331 105 374 46 374 BIODEGRADABLE 0
95 303 173 303 173 359 95 359 BIODEGRADABLE 0
102 342 180 342 180 388 102 388 BIODEGRADABLE 0
170 322 216.00000000000003 322 216.00000000000003 356 170 356 BIODEGRADABLE 0
168 277 246 277 246 339 168 339 BIODEGRADABLE 0
226.99999999999997 256 309 256 309 300 226.99999999999997 300 BIODEGRADABLE 0
251.99999999999997 275 334 275 334 336 251.99999999999997 336 BIODEGRADABLE 0
330 277 392 277 392 329 330 329 BIODEGRADABLE 0
382 274 414 274 414 300 382 300 BIODEGRADABLE 0
386 297 414 297 414 350 386 350 BIODEGRADABLE 0
361 323 391 323 391 353 361 353 BIODEGRADABLE 0
287 327 362 327 362 388 287 388 BIODEGRADABLE 0
341 354 405 354 405 401 341 401 BIODEGRADABLE 0
338 399 414 399 414 415 338 415 BIODEGRADABLE 0
302 398 337 398 337 415 302 415 BIODEGRADABLE 0
264 370 330 370 330 401 264 401 BIODEGRADABLE 0
261 351 289 351 289 380 261 380 BIODEGRADABLE 0
219 310 287 310 287 363 219 363 BIODEGRADABLE 0
193 354 259 354 259 410 193 410 BIODEGRADABLE 0
254.00000000000003 387 298 387 298 415 254.00000000000003 415 BIODEGRADABLE 0
191 401 255.00000000000003 401 255.00000000000003 415 191 415 BIODEGRADABLE 0
157 362 193 362 193 397 157 397 BIODEGRADABLE 0
150 393 201 393 201 415 150 415 BIODEGRADABLE 0
100 377 166 377 166 412 100 412 BIODEGRADABLE 0
66 374 96 374 96 402 66 402 BIODEGRADABLE 0
79 404 112 404 112 415 79 415 BIODEGRADABLE 0
109 407 155 407 155 415 109 415 BIODEGRADABLE 0
1 375 68 375 68 415 1 415 BIODEGRADABLE 0
1 1 414 1 414 415 1 415 BIODEGRADABLE 0