8 334 77 334 77 414 8 414 BIODEGRADABLE 0
2 360 13 360 13 414 2 414 BIODEGRADABLE 0
2 281 54.00000000000001 281 54.00000000000001 358 2 358 BIODEGRADABLE 0
39 228.00000000000003 106.99999999999999 228.00000000000003 106.99999999999999 326 39 326 BIODEGRADABLE 0
5 217 50 217 50 288 5 288 BIODEGRADABLE 0
2 241.00000000000003 7 241.00000000000003 7 290 2 290 BIODEGRADABLE 0
23 137 86 137 86 225 23 225 BIODEGRADABLE 0
2 161 28 161 28 225 2 225 BIODEGRADABLE 0
32 67 98 67 98 138 32 138 BIODEGRADABLE 0
2 82 39 82 39 172 2 172 BIODEGRADABLE 0
0 1 58 1 58 80 0 80 BIODEGRADABLE 0
47 47 78 47 78 73 47 73 BIODEGRADABLE 0
40 1 94 1 94 67 40 67 BIODEGRADABLE 0
98 1 142 1 142 37 98 37 BIODEGRADABLE 0
92 37 156 37 156 112 92 112 BIODEGRADABLE 0
80 105 130 105 130 165 80 165 BIODEGRADABLE 0
91 146 164 146 164 219 91 219 BIODEGRADABLE 0
112.99999999999999 202 187 202 187 296 112.99999999999999 296 BIODEGRADABLE 0
67 350 140 350 140 414 67 414 BIODEGRADABLE 0
125 311 167 311 167 361 125 361 BIODEGRADABLE 0
167 281 238 281 238 367 167 367 BIODEGRADABLE 0
187 362 233 362 233 414 187 414 BIODEGRADABLE 0
122 341 193 341 193 414 122 414 BIODEGRADABLE 0
225 362 275 362 275 414 225 414 BIODEGRADABLE 0
269 324 341 324 341 414 269 414 BIODEGRADABLE 0
339 346 413 346 413 414 339 414 BIODEGRADABLE 0
314 251 391 251 391 350 314 350 BIODEGRADABLE 0
265 292 313 292 313 348 265 348 BIODEGRADABLE 0
232 262 278 262 278 344 232 344 BIODEGRADABLE 0
185 225 233 225 233 283 185 283 BIODEGRADABLE 0
166 159 226.99999999999997 159 226.99999999999997 255.00000000000003 166 255.00000000000003 BIODEGRADABLE 0
224 176 278 176 278 268 224 268 BIODEGRADABLE 0
272 157 338 157 338 254.00000000000003 272 254.00000000000003 BIODEGRADABLE 0
294 236 342 236 342 298 294 298 BIODEGRADABLE 0
336 189 394 189 394 255.00000000000003 336 255.00000000000003 BIODEGRADABLE 0
398 199 415 199 415 258 398 258 BIODEGRADABLE 0
392 105 415 105 415 200 392 200 BIODEGRADABLE 0
331 106.99999999999999 395 106.99999999999999 395 210 331 210 BIODEGRADABLE 0
268 133 313 133 313 180 268 180 BIODEGRADABLE 0
222 73 288 73 288 167 222 167 BIODEGRADABLE 0
270 59.99999999999999 323 59.99999999999999 323 135 270 135 BIODEGRADABLE 0
235 7 291 7 291 73 235 73 BIODEGRADABLE 0
293 22 346 22 346 99 293 99 BIODEGRADABLE 0
336 28 405 28 405 112 336 112 BIODEGRADABLE 0
401 28 415 28 415 106.99999999999999 401 106.99999999999999 BIODEGRADABLE 0
400 1 415 1 415 36 400 36 BIODEGRADABLE 0
353 1 407 1 407 14.999999999999998 353 14.999999999999998 BIODEGRADABLE 0
306 1 368 1 368 43 306 43 BIODEGRADABLE 0
232 1 273 1 273 14.999999999999998 232 14.999999999999998 BIODEGRADABLE 0
170 1 238 1 238 37 170 37 BIODEGRADABLE 0
146 26 186 26 186 90 146 90 BIODEGRADABLE 0
179 35 248 35 248 112 179 112 BIODEGRADABLE 0
132 91 182 91 182 159 132 159 BIODEGRADABLE 0
162 103 228.00000000000003 103 228.00000000000003 161 162 161 BIODEGRADABLE 0