3 38 415 38 415 279 3 279 BIODEGRADABLE 0
61 263 89 263 89 270 61 270 BIODEGRADABLE 0
76 272 98 272 98 278 76 278 BIODEGRADABLE 0
61 278 83 278 83 292 61 292 BIODEGRADABLE 0
377 339 407 339 407 357 377 357 BIODEGRADABLE 0
91 333 112.99999999999999 333 112.99999999999999 345 91 345 BIODEGRADABLE 0
12 397 34 397 34 405 12 405 BIODEGRADABLE 0
304 1 389 1 389 23 304 23 BIODEGRADABLE 0
177 347 313 347 313 415 177 415 PAPER 0
115 351 243 351 243 415 115 415 PAPER 0
243 276 401 276 401 392 243 392 PAPER 0
61 1 246 1 246 39 61 39 PAPER 0
237 1 317 1 317 43 237 43 PAPER 0
374 1 416 1 416 65 374 65 PAPER 0
337 8 389 8 389 54.00000000000001 337 54.00000000000001 PAPER 0
97 316 170 316 170 380 97 380 METAL 0