48 315 95 315 95 392 48 392 BIODEGRADABLE 0
71 296 155 296 155 368 71 368 BIODEGRADABLE 0
56 372 110 372 110 415 56 415 BIODEGRADABLE 0
101 236 206 236 206 322 101 322 BIODEGRADABLE 0
50 175 116 175 116 250 50 250 BIODEGRADABLE 0
52 62 140 62 140 136 52 136 BIODEGRADABLE 0
45 116 97 116 97 167 45 167 BIODEGRADABLE 0
135 21 226.99999999999997 21 226.99999999999997 112 135 112 BIODEGRADABLE 0
99 103 191 103 191 183 99 183 BIODEGRADABLE 0
118 173 204 173 204 243 118 243 BIODEGRADABLE 0
193 225.99999999999997 326 225.99999999999997 326 313 193 313 BIODEGRADABLE 0
219 277 273 277 273 368 219 368 BIODEGRADABLE 0
54.00000000000001 324 212 324 212 415 54.00000000000001 415 BIODEGRADABLE 0
180 119 252.99999999999997 119 252.99999999999997 178 180 178 BIODEGRADABLE 0
229.00000000000003 0 309 0 309 109 229.00000000000003 109 BIODEGRADABLE 0
300 55 354 55 354 100 300 100 BIODEGRADABLE 0
252.99999999999997 125 317 125 317 176 252.99999999999997 176 BIODEGRADABLE 0
212.99999999999997 178 288 178 288 228.00000000000003 212.99999999999997 228.00000000000003 BIODEGRADABLE 0
303 186 363 186 363 237 303 237 BIODEGRADABLE 0
288 215.00000000000003 326 215.00000000000003 326 250 288 250 BIODEGRADABLE 0
311 242.00000000000003 333 242.00000000000003 333 277 311 277 BIODEGRADABLE 0
324 255.00000000000003 362 255.00000000000003 362 298 324 298 BIODEGRADABLE 0
272 292 326 292 326 327 272 327 BIODEGRADABLE 0
341 294 371 294 371 328 341 328 BIODEGRADABLE 0
318 298 350 298 350 325 318 325 BIODEGRADABLE 0
360 319 414 319 414 362 360 362 BIODEGRADABLE 0
362 388 414 388 414 415 362 415 BIODEGRADABLE 0
356 143 401 143 401 180 356 180 BIODEGRADABLE 0
358 71 405 71 405 106 358 106 BIODEGRADABLE 0
354 14.999999999999998 401 14.999999999999998 401 55 354 55 BIODEGRADABLE 0