3 146 181 146 181 346 3 346 BIODEGRADABLE 0
3 115 248 115 248 316 3 316 BIODEGRADABLE 0
2 89 280 89 280 293 2 293 BIODEGRADABLE 0
42 52 280 52 280 203 42 203 BIODEGRADABLE 0
117 34 310 34 310 206 117 206 BIODEGRADABLE 0
255.00000000000003 50 357 50 357 215.00000000000003 255.00000000000003 215.00000000000003 BIODEGRADABLE 0
275 75 415 75 415 262 275 262 BIODEGRADABLE 0
119 17 325 17 325 62.99999999999999 119 62.99999999999999 BIODEGRADABLE 0
324 29.999999999999996 415 29.999999999999996 415 73 324 73 BIODEGRADABLE 0
279 0 415 0 415 46 279 46 BIODEGRADABLE 0
216.00000000000003 301 416 301 416 415 216.00000000000003 415 BIODEGRADABLE 0