330 3 404 3 404 140 330 140 BIODEGRADABLE 0
403 2 415 2 415 86 403 86 BIODEGRADABLE 0
371 89 415 89 415 212 371 212 BIODEGRADABLE 0
351 196 415 196 415 333 351 333 BIODEGRADABLE 0
328 323 415 323 415 415 328 415 BIODEGRADABLE 0
283 242.00000000000003 351 242.00000000000003 351 379 283 379 BIODEGRADABLE 0
270 106.99999999999999 359 106.99999999999999 359 239.99999999999997 270 239.99999999999997 BIODEGRADABLE 0
258 3 330 3 330 117 258 117 BIODEGRADABLE 0
251.99999999999997 365 337 365 337 415 251.99999999999997 415 BIODEGRADABLE 0
200 247 283 247 283 384 200 384 BIODEGRADABLE 0
185 110 267 110 267 258 185 258 BIODEGRADABLE 0
188 3 258 3 258 117 188 117 BIODEGRADABLE 0
190 2 200 2 200 14 190 14 BIODEGRADABLE 0
112.99999999999999 12 187 12 187 147 112.99999999999999 147 BIODEGRADABLE 0
125 3 185 3 185 26 125 26 BIODEGRADABLE 0
111 142 185 142 185 270 111 270 BIODEGRADABLE 0
123 256 197 256 197 388 123 388 BIODEGRADABLE 0
158 362 239.99999999999997 362 239.99999999999997 415 158 415 BIODEGRADABLE 0
92 365 155 365 155 415 92 415 BIODEGRADABLE 0
10 381 88 381 88 415 10 415 BIODEGRADABLE 0
49 258 125.99999999999999 258 125.99999999999999 388 49 388 BIODEGRADABLE 0
44 152 114.00000000000001 152 114.00000000000001 270 44 270 BIODEGRADABLE 0
53 37 119.99999999999999 37 119.99999999999999 158 53 158 BIODEGRADABLE 0
55 2 123 2 123 42 55 42 BIODEGRADABLE 0
0 3 58 3 58 62.99999999999999 0 62.99999999999999 BIODEGRADABLE 0
0 49 58 49 58 175 0 175 BIODEGRADABLE 0
1 167 52 167 52 282 1 282 BIODEGRADABLE 0
1 278 52 278 52 414 1 414 BIODEGRADABLE 0