89 238 217 238 217 341 89 341 BIODEGRADABLE 0
162 229.00000000000003 416 229.00000000000003 416 415 162 415 BIODEGRADABLE 0
143 206 255.00000000000003 206 255.00000000000003 258 143 258 BIODEGRADABLE 0
139 150 291 150 291 208 139 208 BIODEGRADABLE 0
68 146 184 146 184 238 68 238 BIODEGRADABLE 0
70 232 116 232 116 268 70 268 BIODEGRADABLE 0
89 76 207 76 207 158 89 158 BIODEGRADABLE 0
193 61 334 61 334 193 193 193 BIODEGRADABLE 0
246 186 337 186 337 222 246 222 BIODEGRADABLE 0
237 210 323 210 323 248 237 248 BIODEGRADABLE 0
284 244 398 244 398 293 284 293 BIODEGRADABLE 0
298 220 386 220 386 261 298 261 BIODEGRADABLE 0
316 248 415 248 415 415 316 415 BIODEGRADABLE 0
316 196 415 196 415 232 316 232 BIODEGRADABLE 0
312 117 410 117 410 201 312 201 BIODEGRADABLE 0
134 0 314 0 314 94 134 94 BIODEGRADABLE 0