1 219 257 219 257 400 1 400 BIODEGRADABLE 0
196 189 316 189 316 291 196 291 BIODEGRADABLE 0
223 174 341 174 341 278 223 278 BIODEGRADABLE 0
232 150 360 150 360 246 232 246 BIODEGRADABLE 0
243 127.00000000000001 366 127.00000000000001 366 209 243 209 BIODEGRADABLE 0
250 93 366 93 366 171 250 171 BIODEGRADABLE 0
250 62.99999999999999 364 62.99999999999999 364 123 250 123 BIODEGRADABLE 0
244 34 364 34 364 82 244 82 BIODEGRADABLE 0
243 8 350 8 350 67 243 67 BIODEGRADABLE 0
244 2 330 2 330 24 244 24 BIODEGRADABLE 0
228.00000000000003 2 248 2 248 22 228.00000000000003 22 BIODEGRADABLE 0