196 236 330 236 330 398 196 398 BIODEGRADABLE 0
202 243 302 243 302 403 202 403 BIODEGRADABLE 0
211 287 267 287 267 360 211 360 BIODEGRADABLE 0
209 310 235 310 235 376 209 376 BIODEGRADABLE 0
192 204 337 204 337 352 192 352 BIODEGRADABLE 0
347 287 398 287 398 322 347 322 BIODEGRADABLE 0
361 238.99999999999997 403 238.99999999999997 403 285 361 285 BIODEGRADABLE 0
322 179 398 179 398 255.00000000000003 322 255.00000000000003 BIODEGRADABLE 0
292 181 341 181 341 256 292 256 BIODEGRADABLE 0
313 123 381 123 381 185 313 185 BIODEGRADABLE 0
352 145 384 145 384 183 352 183 BIODEGRADABLE 0
375 146 401 146 401 192 375 192 BIODEGRADABLE 0
311 42 345 42 345 95 311 95 BIODEGRADABLE 0
275 18 373 18 373 128 275 128 BIODEGRADABLE 0
336 101 356 101 356 130 336 130 BIODEGRADABLE 0
352 88 364 88 364 102 352 102 BIODEGRADABLE 0
358 97 375 97 375 117 358 117 BIODEGRADABLE 0
358 115 375 115 375 129 358 129 BIODEGRADABLE 0
365 73 382 73 382 97 365 97 BIODEGRADABLE 0
379 90 398 90 398 106 379 106 BIODEGRADABLE 0
377 106 397 106 397 128 377 128 BIODEGRADABLE 0
373 125.99999999999999 392 125.99999999999999 392 142 373 142 BIODEGRADABLE 0
363 62 382 62 382 86 363 86 BIODEGRADABLE 0
341 265 367 265 367 285 341 285 BIODEGRADABLE 0
334 250 356 250 356 263 334 263 BIODEGRADABLE 0
317 259 341 259 341 285 317 285 BIODEGRADABLE 0
320 283 339 283 339 307 320 307 BIODEGRADABLE 0
320 309 344 309 344 331 320 331 BIODEGRADABLE 0
339 299 373 299 373 332 339 332 BIODEGRADABLE 0
337 325 361 325 361 352 337 352 BIODEGRADABLE 0
204 99 315 99 315 209 204 209 BIODEGRADABLE 0
14.999999999999998 74 219 74 219 234 14.999999999999998 234 BIODEGRADABLE 0
204 192 224 192 224 208 204 208 BIODEGRADABLE 0
194 203 216.00000000000003 203 216.00000000000003 226.99999999999997 194 226.99999999999997 BIODEGRADABLE 0
170 207 194 207 194 223 170 223 BIODEGRADABLE 0
166 213.99999999999997 190 213.99999999999997 190 230 166 230 BIODEGRADABLE 0
179 225 192 225 192 238 179 238 BIODEGRADABLE 0
177 238 194 238 194 254.00000000000003 177 254.00000000000003 BIODEGRADABLE 0
185 245 200 245 200 263 185 263 BIODEGRADABLE 0
190 251 203 251 203 265 190 265 BIODEGRADABLE 0
200 254.00000000000003 222 254.00000000000003 222 280 200 280 BIODEGRADABLE 0
198 269 215.00000000000003 269 215.00000000000003 287 198 287 BIODEGRADABLE 0
217 272 234 272 234 288 217 288 BIODEGRADABLE 0
205 71 256 71 256 111 205 111 BIODEGRADABLE 0
228.00000000000003 20 286 20 286 95 228.00000000000003 95 BIODEGRADABLE 0
297 7 335 7 335 40 297 40 BIODEGRADABLE 0