228.00000000000003 127.00000000000001 366 127.00000000000001 366 218 228.00000000000003 218 BIODEGRADABLE 0
159 174 302 174 302 278 159 278 BIODEGRADABLE 0
116 271 270 271 270 373 116 373 BIODEGRADABLE 0
248 280 360 280 360 377 248 377 BIODEGRADABLE 0
282 210 405 210 405 298 282 298 BIODEGRADABLE 0
45 3 257 3 257 49 45 49 BIODEGRADABLE 0
34 42 266 42 266 88 34 88 BIODEGRADABLE 0
2 204 143 204 143 380 2 380 BIODEGRADABLE 0
46 188 84 188 84 276 46 276 BIODEGRADABLE 0
3 99 46 99 46 409 3 409 BIODEGRADABLE 0
21 77 59 77 59 186 21 186 BIODEGRADABLE 0
316 345 391 345 391 415 316 415 BIODEGRADABLE 0
388 351 415 351 415 373 388 373 BIODEGRADABLE 0
348 190 415 190 415 347 348 347 BIODEGRADABLE 0
254.00000000000003 0 415 0 415 191 254.00000000000003 191 BIODEGRADABLE 0