324 264 376 264 376 339 324 339 BIODEGRADABLE 0
0 82 29 82 29 155 0 155 BIODEGRADABLE 0
13 178 73 178 73 268 13 268 BIODEGRADABLE 0
46 127.00000000000001 108.00000000000001 127.00000000000001 108.00000000000001 200 46 200 BIODEGRADABLE 0
87 176 140 176 140 258 87 258 BIODEGRADABLE 0
52 260 110 260 110 352 52 352 BIODEGRADABLE 0
100 285 146 285 146 367 100 367 BIODEGRADABLE 0
129 285 185 285 185 386 129 386 BIODEGRADABLE 0
175 219 233 219 233 307 175 307 BIODEGRADABLE 0
177 305 223 305 223 380 177 380 BIODEGRADABLE 0
220 303 276 303 276 401 220 401 BIODEGRADABLE 0
260 292 312 292 312 386 260 386 BIODEGRADABLE 0
293 283 339 283 339 363 293 363 BIODEGRADABLE 0
357 251.99999999999997 383 251.99999999999997 383 292 357 292 BIODEGRADABLE 0
352 185 400 185 400 260 352 260 BIODEGRADABLE 0
361 157 397 157 397 185 361 185 BIODEGRADABLE 0
341 97 399 97 399 168 341 168 BIODEGRADABLE 0
408 71 414 71 414 116 408 116 BIODEGRADABLE 0
315 66 376 66 376 146 315 146 BIODEGRADABLE 0
315 152 361 152 361 210 315 210 BIODEGRADABLE 0
300 209 360 209 360 277 300 277 BIODEGRADABLE 0
280 206 320 206 320 274 280 274 BIODEGRADABLE 0
267 264 293 264 293 292 267 292 BIODEGRADABLE 0
226.99999999999997 230 269 230 269 307 226.99999999999997 307 BIODEGRADABLE 0
239.99999999999997 180 302 180 302 260 239.99999999999997 260 BIODEGRADABLE 0
281 159 317 159 317 209 281 209 BIODEGRADABLE 0
174 174 228.00000000000003 174 228.00000000000003 234 174 234 BIODEGRADABLE 0
156 238 184 238 184 294 156 294 BIODEGRADABLE 0
106.99999999999999 239.99999999999997 161 239.99999999999997 161 290 106.99999999999999 290 BIODEGRADABLE 0
135 185 177 185 177 256 135 256 BIODEGRADABLE 0
106 116 156 116 156 187 106 187 BIODEGRADABLE 0
164 122 200 122 200 204 164 204 BIODEGRADABLE 0
195 95 248 95 248 183 195 183 BIODEGRADABLE 0
248 103 294 103 294 180 248 180 BIODEGRADABLE 0
265 86 315 86 315 154 265 154 BIODEGRADABLE 0
270 31 334 31 334 97 270 97 BIODEGRADABLE 0
244 0 284 0 284 75 244 75 BIODEGRADABLE 0
190 0 256 0 256 58 190 58 BIODEGRADABLE 0
169 0 198 0 198 47 169 47 BIODEGRADABLE 0
142 0 180 0 180 47 142 47 BIODEGRADABLE 0
90 0 140 0 140 58 90 58 BIODEGRADABLE 0
121.00000000000001 37 169 37 169 101 121.00000000000001 101 BIODEGRADABLE 0
135 58 195 58 195 150 135 150 BIODEGRADABLE 0
175 47 209 47 209 103 175 103 BIODEGRADABLE 0
77 58 129 58 129 129 77 129 BIODEGRADABLE 0
65 34 97 34 97 90 65 90 BIODEGRADABLE 0
29 79 75 79 75 133 29 133 BIODEGRADABLE 0
37 90 87 90 87 154 37 154 BIODEGRADABLE 0
10 153 46 153 46 185 10 185 BIODEGRADABLE 0