266 41 414 41 414 251 266 251 BIODEGRADABLE 0
200 2 266 2 266 84 200 84 BIODEGRADABLE 0
205 49 309 49 309 183 205 183 BIODEGRADABLE 0
152 2 198 2 198 38 152 38 BIODEGRADABLE 0
143 19 205 19 205 123 143 123 BIODEGRADABLE 0
117 61 255.00000000000003 61 255.00000000000003 250 117 250 BIODEGRADABLE 0
69 2 141 2 141 140 69 140 BIODEGRADABLE 0
9 1 84 1 84 41 9 41 BIODEGRADABLE 0
66 2 162 2 162 52 66 52 BIODEGRADABLE 0
341 288 398 288 398 416 341 416 BIODEGRADABLE 0
318 197 414 197 414 373 318 373 BIODEGRADABLE 0
307 188 414 188 414 359 307 359 BIODEGRADABLE 0
245 218 332 218 332 415 245 415 BIODEGRADABLE 0
323 349 410 349 410 415 323 415 BIODEGRADABLE 0
189 233 248 233 248 313 189 313 BIODEGRADABLE 0
191 271 300 271 300 413 191 413 BIODEGRADABLE 0
264 349 314 349 314 407 264 407 BIODEGRADABLE 0
92 299 301 299 301 415 92 415 BIODEGRADABLE 0
48 217 114.00000000000001 217 114.00000000000001 359 48 359 BIODEGRADABLE 0
93 344 175 344 175 416 93 416 BIODEGRADABLE 0
125 200 193 200 193 376 125 376 BIODEGRADABLE 0
97 301 228.00000000000003 301 228.00000000000003 415 97 415 BIODEGRADABLE 0
189 291 267 291 267 391 189 391 BIODEGRADABLE 0
196 271 300 271 300 410 196 410 BIODEGRADABLE 0
264 360 312 360 312 410 264 410 BIODEGRADABLE 0
196 244 238.99999999999997 244 238.99999999999997 296 196 296 BIODEGRADABLE 0
106.99999999999999 153 161 153 161 327 106.99999999999999 327 BIODEGRADABLE 0
75 141 125 141 125 191 75 191 BIODEGRADABLE 0
0 57.00000000000001 98 57.00000000000001 98 215.00000000000003 0 215.00000000000003 BIODEGRADABLE 0
1 1 75 1 75 93 1 93 BIODEGRADABLE 0
1 155 50 155 50 365 1 365 BIODEGRADABLE 0