18 3 85 3 85 41 18 41 BIODEGRADABLE 0
2 2 31 2 31 56 2 56 BIODEGRADABLE 0
2 34 89 34 89 180 2 180 BIODEGRADABLE 0
2 125 42 125 42 211 2 211 BIODEGRADABLE 0
2 50 12 50 12 123 2 123 BIODEGRADABLE 0
45 131 119 131 119 266 45 266 BIODEGRADABLE 0
2 193 74 193 74 300 2 300 BIODEGRADABLE 0
67 215.00000000000003 133 215.00000000000003 133 309 67 309 BIODEGRADABLE 0
56 298 122 298 122 373 56 373 BIODEGRADABLE 0
18 279 71 279 71 371 18 371 BIODEGRADABLE 0
2 324 39 324 39 386 2 386 BIODEGRADABLE 0
2 272 25 272 25 343 2 343 BIODEGRADABLE 0
43 366 94 366 94 415 43 415 BIODEGRADABLE 0
24 369 46 369 46 397 24 397 BIODEGRADABLE 0
90 356 129 356 129 412 90 412 BIODEGRADABLE 0
136 331 186 331 186 397 136 397 BIODEGRADABLE 0
122 238 193 238 193 371 122 371 BIODEGRADABLE 0
127.00000000000001 195 164 195 164 249 127.00000000000001 249 BIODEGRADABLE 0
106 119.99999999999999 173 119.99999999999999 173 197 106 197 BIODEGRADABLE 0
72 2 205 2 205 142 72 142 BIODEGRADABLE 0
184 2 234 2 234 58 184 58 BIODEGRADABLE 0
174 54.00000000000001 232 54.00000000000001 232 150 174 150 BIODEGRADABLE 0
229.00000000000003 39 312 39 312 129 229.00000000000003 129 BIODEGRADABLE 0
192 2 320 2 320 59.99999999999999 192 59.99999999999999 BIODEGRADABLE 0
318 2 415 2 415 121.00000000000001 318 121.00000000000001 BIODEGRADABLE 0
290 99 384 99 384 209 290 209 BIODEGRADABLE 0
205 122 290 122 290 232 205 232 BIODEGRADABLE 0
191 234 279 234 279 354 191 354 BIODEGRADABLE 0
261 193 352 193 352 300 261 300 BIODEGRADABLE 0
271 300 340 300 340 371 271 371 BIODEGRADABLE 0
322 258 392 258 392 322 322 322 BIODEGRADABLE 0
320 175 415 175 415 275 320 275 BIODEGRADABLE 0
373 103 415 103 415 177 373 177 BIODEGRADABLE 0