1 0 59.99999999999999 0 59.99999999999999 79 1 79 BIODEGRADABLE 0
53 2 76 2 76 45 53 45 BIODEGRADABLE 0
79 2 185 2 185 103 79 103 BIODEGRADABLE 0
157 88 225 88 225 112 157 112 BIODEGRADABLE 0
225 7 265 7 265 112 225 112 BIODEGRADABLE 0
213.99999999999997 3 254.00000000000003 3 254.00000000000003 97 213.99999999999997 97 BIODEGRADABLE 0
203 3 243 3 243 99 203 99 BIODEGRADABLE 0
198 4 228.00000000000003 4 228.00000000000003 77 198 77 BIODEGRADABLE 0
191 2 215.00000000000003 2 215.00000000000003 73 191 73 BIODEGRADABLE 0
170 4 212 4 212 84 170 84 BIODEGRADABLE 0
177 4 199 4 199 54.00000000000001 177 54.00000000000001 BIODEGRADABLE 0
360 67 386 67 386 105 360 105 BIODEGRADABLE 0
390 110 410 110 410 138 390 138 BIODEGRADABLE 0
407 114.00000000000001 415 114.00000000000001 415 140 407 140 BIODEGRADABLE 0
376 105 392 105 392 133 376 133 BIODEGRADABLE 0
392 86 414 86 414 108.00000000000001 392 108.00000000000001 BIODEGRADABLE 0
352 168 381 168 381 200 352 200 BIODEGRADABLE 0
366 189 394 189 394 217 366 217 BIODEGRADABLE 0
379 172 392 172 392 189 379 189 BIODEGRADABLE 0
336 174 357 174 357 206 336 206 BIODEGRADABLE 0
394 178 404 178 404 195 394 195 BIODEGRADABLE 0
404 174 415 174 415 182 404 182 BIODEGRADABLE 0
404 180 415 180 415 204 404 204 BIODEGRADABLE 0
114.00000000000001 153 143 153 143 189 114.00000000000001 189 BIODEGRADABLE 0
143 157 159 157 159 187 143 187 BIODEGRADABLE 0
152 174 180 174 180 208 152 208 BIODEGRADABLE 0
166 137 187 137 187 180 166 180 BIODEGRADABLE 0
151 138 175 138 175 174 151 174 BIODEGRADABLE 0
140 127.00000000000001 153 127.00000000000001 153 157 140 157 BIODEGRADABLE 0
125 127.00000000000001 143 127.00000000000001 143 157 125 157 BIODEGRADABLE 0
112 127.00000000000001 127.00000000000001 127.00000000000001 127.00000000000001 155 112 155 BIODEGRADABLE 0
100 138 116 138 116 176 100 176 BIODEGRADABLE 0
71 129 82 129 82 174 71 174 BIODEGRADABLE 0
82 135 90 135 90 161 82 161 BIODEGRADABLE 0
53 161 71 161 71 193 53 193 BIODEGRADABLE 0
39 151 57.00000000000001 151 57.00000000000001 185 39 185 BIODEGRADABLE 0
24 155 35 155 35 183 24 183 BIODEGRADABLE 0
31 180 41 180 41 195 31 195 BIODEGRADABLE 0
7 146 28 146 28 182 7 182 BIODEGRADABLE 0
1 118 7 118 7 150 1 150 BIODEGRADABLE 0
8 125 19 125 19 138 8 138 BIODEGRADABLE 0
13 125.99999999999999 34 125.99999999999999 34 148 13 148 BIODEGRADABLE 0
31 125.99999999999999 44 125.99999999999999 44 146 31 146 BIODEGRADABLE 0
43 129 53 129 53 151 43 151 BIODEGRADABLE 0
53 131 74 131 74 155 53 155 BIODEGRADABLE 0
201 165 226.99999999999997 165 226.99999999999997 197 201 197 BIODEGRADABLE 0
203 153 269 153 269 185 203 185 BIODEGRADABLE 0
276 174 289 174 289 189 276 189 BIODEGRADABLE 0
288 180 302 180 302 195 288 195 BIODEGRADABLE 0
275 191 288 191 288 199 275 199 BIODEGRADABLE 0
278 168 286 168 286 178 278 178 BIODEGRADABLE 0
283 161 294 161 294 169 283 169 BIODEGRADABLE 0
289 170 299 170 299 180 289 180 BIODEGRADABLE 0
294 166 312 166 312 172 294 172 BIODEGRADABLE 0
301 172 315 172 315 180 301 180 BIODEGRADABLE 0
305 180 313 180 313 195 305 195 BIODEGRADABLE 0
317 178 325 178 325 191 317 191 BIODEGRADABLE 0
322 187 328 187 328 198 322 198 BIODEGRADABLE 0
325 165 336 165 336 182 325 182 BIODEGRADABLE 0
313 165 326 165 326 178 313 178 BIODEGRADABLE 0
246 103 259 103 259 125 246 125 BIODEGRADABLE 0
260 110 276 110 276 123 260 123 BIODEGRADABLE 0
281 109 297 109 297 129 281 129 BIODEGRADABLE 0
299 119 305 119 305 129 299 129 BIODEGRADABLE 0
305 119.99999999999999 313 119.99999999999999 313 137 305 137 BIODEGRADABLE 0
315 119.99999999999999 320 119.99999999999999 320 137 315 137 BIODEGRADABLE 0
323 114.00000000000001 333 114.00000000000001 333 129 323 129 BIODEGRADABLE 0
331 125 341 125 341 135 331 135 BIODEGRADABLE 0
254.00000000000003 92 267 92 267 105 254.00000000000003 105 BIODEGRADABLE 0
267 95 277 95 277 110 267 110 BIODEGRADABLE 0
276 97 286 97 286 106.99999999999999 276 106.99999999999999 BIODEGRADABLE 0
288 95 299 95 299 112 288 112 BIODEGRADABLE 0
302 90 313 90 313 114.00000000000001 302 114.00000000000001 BIODEGRADABLE 0
317 99 330 99 330 112 317 112 BIODEGRADABLE 0
331 105 344 105 344 118 331 118 BIODEGRADABLE 0
344 101 357 101 357 114.00000000000001 344 114.00000000000001 BIODEGRADABLE 0
354 103 365 103 365 125 354 125 BIODEGRADABLE 0
264 67 277 67 277 82 264 82 BIODEGRADABLE 0
275 64 293 64 293 86 275 86 BIODEGRADABLE 0
289 69 302 69 302 91 289 91 BIODEGRADABLE 0
301 67 315 67 315 91 301 91 BIODEGRADABLE 0
256 82 264 82 264 95 256 95 BIODEGRADABLE 0
267 82 277 82 277 92 267 92 BIODEGRADABLE 0
278 82 289 82 289 95 278 95 BIODEGRADABLE 0
288 88 301 88 301 96 288 96 BIODEGRADABLE 0
307 88 325 88 325 97 307 97 BIODEGRADABLE 0
318 71 331 71 331 91 318 91 BIODEGRADABLE 0
331 71 344 71 344 93 331 93 BIODEGRADABLE 0
330 97 341 97 341 105 330 105 BIODEGRADABLE 0
342 101 355 101 355 114.00000000000001 342 114.00000000000001 BIODEGRADABLE 0
275 43 288 43 288 67 275 67 BIODEGRADABLE 0
283 32 297 32 297 64 283 64 BIODEGRADABLE 0
286 32 304 32 304 49 286 49 BIODEGRADABLE 0
292 20 305 20 305 29.999999999999996 292 29.999999999999996 BIODEGRADABLE 0
323 26 337 26 337 35 323 35 BIODEGRADABLE 0
335 29.999999999999996 357 29.999999999999996 357 47 335 47 BIODEGRADABLE 0
392 52 406 52 406 69 392 69 BIODEGRADABLE 0
383 67 399 67 399 82 383 82 BIODEGRADABLE 0
381 45 397 45 397 58 381 58 BIODEGRADABLE 0
368 47 386 47 386 67 368 67 BIODEGRADABLE 0
357 41 371 41 371 47 357 47 BIODEGRADABLE 0
339 48 352 48 352 58 339 58 BIODEGRADABLE 0
346 51 360 51 360 71 346 71 BIODEGRADABLE 0
357 50 370 50 370 59.99999999999999 357 59.99999999999999 BIODEGRADABLE 0
333 65 347 65 347 75 333 75 BIODEGRADABLE 0
325 52 338 52 338 67 325 67 BIODEGRADABLE 0
322 37 336 37 336 54.00000000000001 322 54.00000000000001 BIODEGRADABLE 0
307 41 320 41 320 56 307 56 BIODEGRADABLE 0
307 52 325 52 325 67 307 67 BIODEGRADABLE 0
294 56 305 56 305 66 294 66 BIODEGRADABLE 0
394 239.99999999999997 415 239.99999999999997 415 281 394 281 BIODEGRADABLE 0
381 255.00000000000003 394 255.00000000000003 394 279 381 279 BIODEGRADABLE 0
62.99999999999999 239.99999999999997 87 239.99999999999997 87 285 62.99999999999999 285 BIODEGRADABLE 0
25 236 62.99999999999999 236 62.99999999999999 283 25 283 BIODEGRADABLE 0
1 237 28 237 28 277 1 277 BIODEGRADABLE 0
10 275 28 275 28 292 10 292 BIODEGRADABLE 0
174 236 185 236 185 294 174 294 BIODEGRADABLE 0
166 234 177 234 177 284 166 284 BIODEGRADABLE 0
241.00000000000003 266 255.00000000000003 266 255.00000000000003 296 241.00000000000003 296 BIODEGRADABLE 0
247 264 257 264 257 302 247 302 BIODEGRADABLE 0
246 244 259 244 259 266 246 266 BIODEGRADABLE 0
239.99999999999997 258 251 258 251 286 239.99999999999997 286 BIODEGRADABLE 0
230 279 243 279 243 307 230 307 BIODEGRADABLE 0
225 281 231 281 231 294 225 294 BIODEGRADABLE 0
225 238 238 238 238 281 225 281 BIODEGRADABLE 0
207 245 228.00000000000003 245 228.00000000000003 275 207 275 BIODEGRADABLE 0
213.99999999999997 239.99999999999997 230 239.99999999999997 230 257 213.99999999999997 257 BIODEGRADABLE 0
212 275 225 275 225 307 212 307 BIODEGRADABLE 0
188 272 218 272 218 298 188 298 BIODEGRADABLE 0
193 255.00000000000003 203 255.00000000000003 203 275 193 275 BIODEGRADABLE 0
199 244 209 244 209 266 199 266 BIODEGRADABLE 0
284 247 305 247 305 275 284 275 BIODEGRADABLE 0
265 277 283 277 283 292 265 292 BIODEGRADABLE 0
269 271 275 271 275 279 269 279 BIODEGRADABLE 0
265 238 291 238 291 274 265 274 BIODEGRADABLE 0
290 256 296 256 296 273 290 273 BIODEGRADABLE 0
288 245 296 245 296 255.00000000000003 288 255.00000000000003 BIODEGRADABLE 0
294 236 315 236 315 256 294 256 BIODEGRADABLE 0
281 275 294 275 294 288 281 288 BIODEGRADABLE 0
291 277 297 277 297 290 291 290 BIODEGRADABLE 0
299 239.99999999999997 328 239.99999999999997 328 281 299 281 BIODEGRADABLE 0
299 273 315 273 315 283 299 283 BIODEGRADABLE 0
310 266 326 266 326 290 310 290 BIODEGRADABLE 0
333 238 395 238 395 283 333 283 BIODEGRADABLE 0
1 364 24 364 24 410 1 410 BIODEGRADABLE 0
1 337 7 337 7 367 1 367 BIODEGRADABLE 0
10 358 34 358 34 371 10 371 BIODEGRADABLE 0
38 337 66 337 66 371 38 371 BIODEGRADABLE 0
66 335 95 335 95 369 66 369 BIODEGRADABLE 0
97 333 127.00000000000001 333 127.00000000000001 367 97 367 BIODEGRADABLE 0
131 350 153 350 153 360 131 360 BIODEGRADABLE 0
151 326 177 326 177 358 151 358 BIODEGRADABLE 0
175 328 199 328 199 354 175 354 BIODEGRADABLE 0
198 326 220 326 220 352 198 352 BIODEGRADABLE 0
219 339 241.00000000000003 339 241.00000000000003 354 219 354 BIODEGRADABLE 0
243 339 260 339 260 352 243 352 BIODEGRADABLE 0
264 322 280 322 280 346 264 346 BIODEGRADABLE 0
281 320 297 320 297 344 281 344 BIODEGRADABLE 0
297 317 315 317 315 343 297 343 BIODEGRADABLE 0
317 315 331 315 331 341 317 341 BIODEGRADABLE 0
331 313 345 313 345 339 331 339 BIODEGRADABLE 0
346 313 360 313 360 339 346 339 BIODEGRADABLE 0
362 326 375 326 375 334 362 334 BIODEGRADABLE 0
376 309 390 309 390 333 376 333 BIODEGRADABLE 0
392 309 402 309 402 329 392 329 BIODEGRADABLE 0
402 309 415 309 415 329 402 329 BIODEGRADABLE 0
23 365 57.00000000000001 365 57.00000000000001 408 23 408 BIODEGRADABLE 0
56 363 87 363 87 403 56 403 BIODEGRADABLE 0
87 361 116 361 116 399 87 399 BIODEGRADABLE 0
114.00000000000001 356 142 356 142 399 114.00000000000001 399 BIODEGRADABLE 0
142 352 166 352 166 392 142 392 BIODEGRADABLE 0
165 348 193 348 193 386 165 386 BIODEGRADABLE 0
193 350 212.99999999999997 350 212.99999999999997 382 193 382 BIODEGRADABLE 0
212.99999999999997 348 235 348 235 384 212.99999999999997 384 BIODEGRADABLE 0
236 346 256 346 256 378 236 378 BIODEGRADABLE 0
256 341 273 341 273 373 256 373 BIODEGRADABLE 0
275 343 289 343 289 369 275 369 BIODEGRADABLE 0
293 339 307 339 307 367 293 367 BIODEGRADABLE 0
309 339 323 339 323 367 309 367 BIODEGRADABLE 0
326 337 342 337 342 363 326 363 BIODEGRADABLE 0
339 339 350 339 350 363 339 363 BIODEGRADABLE 0
350 330 366 330 366 356 350 356 BIODEGRADABLE 0
368 334 381 334 381 354 368 354 BIODEGRADABLE 0
381 330 394 330 394 350 381 350 BIODEGRADABLE 0
395 328 406 328 406 350 395 350 BIODEGRADABLE 0
408 326 414 326 414 350 408 350 BIODEGRADABLE 0
1 408 10 408 10 415 1 415 BIODEGRADABLE 0
12 406 36 406 36 416 12 416 BIODEGRADABLE 0
36 399 73 399 73 415 36 415 BIODEGRADABLE 0
72 394 104 394 104 415 72 415 BIODEGRADABLE 0
101 386 130 386 130 415 101 415 BIODEGRADABLE 0
128 386 155 386 155 415 128 415 BIODEGRADABLE 0
155 381 183 381 183 415 155 415 BIODEGRADABLE 0
180 374 202 374 202 412 180 412 BIODEGRADABLE 0
185 408 215.00000000000003 408 215.00000000000003 416 185 416 BIODEGRADABLE 0
217 408 241.00000000000003 408 241.00000000000003 416 217 416 BIODEGRADABLE 0
241.00000000000003 403 261 403 261 415 241.00000000000003 415 BIODEGRADABLE 0
202 380 228.00000000000003 380 228.00000000000003 408 202 408 BIODEGRADABLE 0
226.99999999999997 380 248 380 248 406 226.99999999999997 406 BIODEGRADABLE 0
248 374 269 374 269 408 248 408 BIODEGRADABLE 0
270 369 283 369 283 391 270 391 BIODEGRADABLE 0
285 365 299 365 299 399 285 399 BIODEGRADABLE 0
299 363 317 363 317 395 299 395 BIODEGRADABLE 0
318 361 334 361 334 391 318 391 BIODEGRADABLE 0
331 354 355 354 355 386 331 386 BIODEGRADABLE 0
357 350 375 350 375 378 357 378 BIODEGRADABLE 0
376 350 390 350 390 378 376 378 BIODEGRADABLE 0
394 350 402 350 402 367 394 367 BIODEGRADABLE 0
405 352 415 352 415 374 405 374 BIODEGRADABLE 0
399 365 415 365 415 393 399 393 BIODEGRADABLE 0
386 367 399 367 399 391 386 391 BIODEGRADABLE 0
370 373 384 373 384 401 370 401 BIODEGRADABLE 0
347 371 371 371 371 403 347 403 BIODEGRADABLE 0
328 386 346 386 346 414 328 414 BIODEGRADABLE 0
305 392 327 392 327 415 305 415 BIODEGRADABLE 0
286 394 309 394 309 415 286 415 BIODEGRADABLE 0
263 386 288 386 288 415 263 415 BIODEGRADABLE 0
338 392 359 392 359 415 338 415 BIODEGRADABLE 0
358 401 370 401 370 415 358 415 BIODEGRADABLE 0
371 401 386 401 386 415 371 415 BIODEGRADABLE 0
384 386 406 386 406 412 384 412 BIODEGRADABLE 0
396 403 415 403 415 415 396 415 BIODEGRADABLE 0