0 147 191 147 191 331 0 331 BIODEGRADABLE 0
84 79 212 79 212 303 84 303 BIODEGRADABLE 0
185 132 225 132 225 202 185 202 BIODEGRADABLE 0
200 124 288 124 288 336 200 336 BIODEGRADABLE 0
268 177 320 177 320 311 268 311 BIODEGRADABLE 0
281 121.00000000000001 354 121.00000000000001 354 256 281 256 BIODEGRADABLE 0
0 1 114.00000000000001 1 114.00000000000001 119 0 119 PAPER 0
0 121.00000000000001 92 121.00000000000001 92 190 0 190 PAPER 0
0 201 142 201 142 343 0 343 PAPER 0
0 333 313 333 313 415 0 415 PAPER 0
210 312 322 312 322 342 210 342 PAPER 0
313 96 384 96 384 254.00000000000003 313 254.00000000000003 PAPER 0
315 254.00000000000003 371 254.00000000000003 371 300 315 300 PAPER 0
213.99999999999997 81 326 81 326 142 213.99999999999997 142 PAPER 0
77 1 415 1 415 81 77 81 PAPER 0
163 76 226.99999999999997 76 226.99999999999997 142 163 142 PAPER 0
54.00000000000001 121.00000000000001 99 121.00000000000001 99 169 54.00000000000001 169 PAPER 0
90 156 122 156 122 202 90 202 PAPER 0
358 65 414 65 414 259 358 259 PAPER 0
300 79 360 79 360 103 300 103 PAPER 0
243 333 380 333 380 415 243 415 PAPER 0
315 296 388 296 388 336 315 336 PAPER 0
333 277 401 277 401 299 333 299 PAPER 0
372 259 410 259 410 277 372 277 PAPER 0