283 311 381 311 381 414 283 414 BIODEGRADABLE 0
209 200 344 200 344 322 209 322 BIODEGRADABLE 0
203 298 269 298 269 414 203 414 BIODEGRADABLE 0
301 138 383 138 383 258 301 258 BIODEGRADABLE 0
276 2 360 2 360 77 276 77 BIODEGRADABLE 0
235 69 291 69 291 193 235 193 BIODEGRADABLE 0
177 2 241.00000000000003 2 241.00000000000003 116 177 116 BIODEGRADABLE 0
125.99999999999999 140 188 140 188 225.99999999999997 125.99999999999999 225.99999999999997 BIODEGRADABLE 0
1 19 64 19 64 170 1 170 CARDBOARD 0
193 43 302 43 302 211 193 211 PLASTIC 0
249 2 367 2 367 92 249 92 PLASTIC 0
255.00000000000003 106.99999999999999 387 106.99999999999999 387 277 255.00000000000003 277 PLASTIC 0
135 2 244 2 244 137 135 137 PLASTIC 0
122 2 174 2 174 56 122 56 PLASTIC 0
74 2 135 2 135 47 74 47 PLASTIC 0
69 11 135 11 135 159 69 159 PLASTIC 0
111 125 195 125 195 245 111 245 PLASTIC 0
137 292 267 292 267 414 137 414 PLASTIC 0
112.99999999999999 239.99999999999997 190 239.99999999999997 190 371 112.99999999999999 371 PLASTIC 0
93 266 146 266 146 292 93 292 PLASTIC 0