159 124 366 124 366 333 159 333 BIODEGRADABLE 0
80 328 138 328 138 373 80 373 BIODEGRADABLE 0
124 339 138 339 138 380 124 380 BIODEGRADABLE 0
36 62 64 62 64 81 36 81 BIODEGRADABLE 0
26 109 44 109 44 127.00000000000001 26 127.00000000000001 BIODEGRADABLE 0
26 135 56 135 56 151 26 151 BIODEGRADABLE 0
32 152 48 152 48 164 32 164 BIODEGRADABLE 0
119.99999999999999 9 148 9 148 31 119.99999999999999 31 BIODEGRADABLE 0
147 18 171 18 171 38 147 38 BIODEGRADABLE 0
171 29 177 29 177 43 171 43 BIODEGRADABLE 0
173 40 187 40 187 54.00000000000001 173 54.00000000000001 BIODEGRADABLE 0
177 64 191 64 191 78 177 78 BIODEGRADABLE 0
191 69 203 69 203 83 191 83 BIODEGRADABLE 0
197 90 212.99999999999997 90 212.99999999999997 106 197 106 BIODEGRADABLE 0
205 102 225 102 225 122 205 122 BIODEGRADABLE 0
219 123 238.99999999999997 123 238.99999999999997 133 219 133 BIODEGRADABLE 0
212.99999999999997 133 229.00000000000003 133 229.00000000000003 151 212.99999999999997 151 BIODEGRADABLE 0
161 77 179 77 179 97 161 97 BIODEGRADABLE 0
155 97 179 97 179 112.99999999999999 155 112.99999999999999 BIODEGRADABLE 0
179 78 187 78 187 94 179 94 BIODEGRADABLE 0
179 91 199 91 199 109 179 109 BIODEGRADABLE 0
181 109 195 109 195 127.00000000000001 181 127.00000000000001 BIODEGRADABLE 0
185 125.99999999999999 207 125.99999999999999 207 138 185 138 BIODEGRADABLE 0
195 138 211 138 211 156 195 156 BIODEGRADABLE 0
153 57.00000000000001 171 57.00000000000001 171 76 153 76 BIODEGRADABLE 0
148 40 162 40 162 58 148 58 BIODEGRADABLE 0
134 36 150 36 150 66 134 66 BIODEGRADABLE 0
136 62.99999999999999 156 62.99999999999999 156 83 136 83 BIODEGRADABLE 0
134 86 152 86 152 102 134 102 BIODEGRADABLE 0
128 104 146 104 146 116 128 116 BIODEGRADABLE 0
140 114.00000000000001 166 114.00000000000001 166 132 140 132 BIODEGRADABLE 0
146 128 164 128 164 144 146 144 BIODEGRADABLE 0
147 145 169 145 169 163 147 163 BIODEGRADABLE 0
165 147 181 147 181 159 165 159 BIODEGRADABLE 0
173 158 191 158 191 168 173 168 BIODEGRADABLE 0
159 164 179 164 179 176 159 176 BIODEGRADABLE 0
147 261 169 261 169 277 147 277 BIODEGRADABLE 0
138 278 166 278 166 294 138 294 BIODEGRADABLE 0
149 168 165 168 165 194 149 194 BIODEGRADABLE 0
136 183 152 183 152 205 136 205 BIODEGRADABLE 0
124 201 148 201 148 225 124 225 BIODEGRADABLE 0
140 229.00000000000003 160 229.00000000000003 160 247 140 247 BIODEGRADABLE 0
132 247 154 247 154 263 132 263 BIODEGRADABLE 0
124 254.00000000000003 138 254.00000000000003 138 266 124 266 BIODEGRADABLE 0
125.99999999999999 264 142 264 142 283 125.99999999999999 283 BIODEGRADABLE 0
108.00000000000001 282 130 282 130 296 108.00000000000001 296 BIODEGRADABLE 0
119.99999999999999 294 134 294 134 308 119.99999999999999 308 BIODEGRADABLE 0
100 50 114.00000000000001 50 114.00000000000001 69 100 69 BIODEGRADABLE 0
116 51 132 51 132 71 116 71 BIODEGRADABLE 0
114.00000000000001 72 125.99999999999999 72 125.99999999999999 90 114.00000000000001 90 BIODEGRADABLE 0
106 87 122 87 122 106 106 106 BIODEGRADABLE 0
90 71 114.00000000000001 71 114.00000000000001 90 90 90 BIODEGRADABLE 0
72 54.00000000000001 92 54.00000000000001 92 78 72 78 BIODEGRADABLE 0
70 33 98 33 98 64 70 64 BIODEGRADABLE 0
59.99999999999999 77 82 77 82 97 59.99999999999999 97 BIODEGRADABLE 0
66 97 82 97 82 111 66 111 BIODEGRADABLE 0
36 90 62 90 62 112 36 112 BIODEGRADABLE 0
42 111 62 111 62 131 42 131 BIODEGRADABLE 0
62 115 84 115 84 135 62 135 BIODEGRADABLE 0
56 138 80 138 80 154 56 154 BIODEGRADABLE 0
50 159 70 159 70 178 50 178 BIODEGRADABLE 0
44 178 70 178 70 198 44 198 BIODEGRADABLE 0
34 193 59.99999999999999 193 59.99999999999999 211 34 211 BIODEGRADABLE 0
40 212.99999999999997 64 212.99999999999997 64 237 40 237 BIODEGRADABLE 0
62 220 82 220 82 242.00000000000003 62 242.00000000000003 BIODEGRADABLE 0
66 245 90 245 90 263 66 263 BIODEGRADABLE 0
74 258 102 258 102 278 74 278 BIODEGRADABLE 0
82 242.00000000000003 100 242.00000000000003 100 258 82 258 BIODEGRADABLE 0
100 259 112 259 112 275 100 275 BIODEGRADABLE 0
106 266 122 266 122 282 106 282 BIODEGRADABLE 0
96 235 118 235 118 249 96 249 BIODEGRADABLE 0
114.00000000000001 242.00000000000003 125.99999999999999 242.00000000000003 125.99999999999999 256 114.00000000000001 256 BIODEGRADABLE 0
124 234 138 234 138 254.00000000000003 124 254.00000000000003 BIODEGRADABLE 0
110 121.00000000000001 128 121.00000000000001 128 139 110 139 BIODEGRADABLE 0
118 140 132 140 132 159 118 159 BIODEGRADABLE 0
118 166 142 166 142 184 118 184 BIODEGRADABLE 0
92 183 118 183 118 199 92 199 BIODEGRADABLE 0
90 171 110 171 110 185 90 185 BIODEGRADABLE 0
94 200 119.99999999999999 200 119.99999999999999 216.00000000000003 94 216.00000000000003 BIODEGRADABLE 0
98 217 118 217 118 235 98 235 BIODEGRADABLE 0
80 218 100 218 100 232 80 232 BIODEGRADABLE 0
74 199 92 199 92 219 74 219 BIODEGRADABLE 0
70 175 90 175 90 194 70 194 BIODEGRADABLE 0
66 159 84 159 84 177 66 177 BIODEGRADABLE 0
84 152 104 152 104 166 84 166 BIODEGRADABLE 0
94 138 114.00000000000001 138 114.00000000000001 152 94 152 BIODEGRADABLE 0
78 139 94 139 94 149 78 149 BIODEGRADABLE 0
90 122 108.00000000000001 122 108.00000000000001 140 90 140 BIODEGRADABLE 0
84 106 114.00000000000001 106 114.00000000000001 125.99999999999999 84 125.99999999999999 BIODEGRADABLE 0
82 90 98 90 98 108.00000000000001 82 108.00000000000001 BIODEGRADABLE 0