212.99999999999997 196 293 196 293 251.99999999999997 212.99999999999997 251.99999999999997 BIODEGRADABLE 0
145 261 187 261 187 320 145 320 BIODEGRADABLE 0
123 311 165 311 165 359 123 359 BIODEGRADABLE 0
124 281 158 281 158 307 124 307 BIODEGRADABLE 0
83 324 111 324 111 344 83 344 BIODEGRADABLE 0
59 355 89 355 89 385 59 385 BIODEGRADABLE 0
194 340 229.00000000000003 340 229.00000000000003 366 194 366 BIODEGRADABLE 0
108.00000000000001 228.00000000000003 130 228.00000000000003 130 246 108.00000000000001 246 BIODEGRADABLE 0
141 235 183 235 183 263 141 263 BIODEGRADABLE 0
4 237 100 237 100 272 4 272 BIODEGRADABLE 0
89 172 119 172 119 198 89 198 BIODEGRADABLE 0
2 261 26 261 26 311 2 311 BIODEGRADABLE 0
21 187 56 187 56 238.99999999999997 21 238.99999999999997 BIODEGRADABLE 0
2 163 56 163 56 193 2 193 BIODEGRADABLE 0
2 69 41 69 41 119 2 119 BIODEGRADABLE 0
109 112.99999999999999 155 112.99999999999999 155 150 109 150 BIODEGRADABLE 0
111 72 161 72 161 122 111 122 BIODEGRADABLE 0
143 67 169 67 169 99 143 99 BIODEGRADABLE 0
243 97 315 97 315 141 243 141 BIODEGRADABLE 0
211 84 250 84 250 102 211 102 BIODEGRADABLE 0
239.99999999999997 39 294 39 294 65 239.99999999999997 65 BIODEGRADABLE 0
268 48 300 48 300 78 268 78 BIODEGRADABLE 0
327 115 355 115 355 147 327 147 BIODEGRADABLE 0
301 106 329 106 329 143 301 143 BIODEGRADABLE 0
245 176 333 176 333 210 245 210 BIODEGRADABLE 0
215.00000000000003 125.99999999999999 283 125.99999999999999 283 161 215.00000000000003 161 BIODEGRADABLE 0
143 20 204 20 204 48 143 48 BIODEGRADABLE 0
292 233 324 233 324 257 292 257 BIODEGRADABLE 0
2 21 407 21 407 400 2 400 BIODEGRADABLE 0