90 1 108.00000000000001 1 108.00000000000001 26 90 26 BIODEGRADABLE 0
85 1 108.00000000000001 1 108.00000000000001 26 85 26 BIODEGRADABLE 0
51 1 69 1 69 11 51 11 BIODEGRADABLE 0
241.00000000000003 340 374 340 374 388 241.00000000000003 388 BIODEGRADABLE 0
304 311 376 311 376 356 304 356 BIODEGRADABLE 0
238.99999999999997 379 311 379 311 394 238.99999999999997 394 BIODEGRADABLE 0
205 261 364 261 364 398 205 398 BIODEGRADABLE 0
189 305 307 305 307 379 189 379 BIODEGRADABLE 0
215.00000000000003 167 396 167 396 339 215.00000000000003 339 BIODEGRADABLE 0
284 217 415 217 415 300 284 300 BIODEGRADABLE 0
167 82 335 82 335 230 167 230 BIODEGRADABLE 0
59.99999999999999 50 274 50 274 248 59.99999999999999 248 BIODEGRADABLE 0
35 167 112.99999999999999 167 112.99999999999999 293 35 293 BIODEGRADABLE 0
50 244 128 244 128 370 50 370 BIODEGRADABLE 0
96 229.00000000000003 200 229.00000000000003 200 353 96 353 BIODEGRADABLE 0
110 305 225.99999999999997 305 225.99999999999997 414 110 414 BIODEGRADABLE 0
119.99999999999999 169 300 169 300 361 119.99999999999999 361 BIODEGRADABLE 0
39 39 415 39 415 415 39 415 BIODEGRADABLE 0
44 86 78 86 78 125.99999999999999 44 125.99999999999999 METAL 0