2 176 134 176 134 414 2 414 BIODEGRADABLE 0
112.99999999999999 67 223 67 223 285 112.99999999999999 285 BIODEGRADABLE 0
181 265 287 265 287 413 181 413 BIODEGRADABLE 0
232 117 326 117 326 300 232 300 BIODEGRADABLE 0
192 0 292 0 292 144 192 144 BIODEGRADABLE 0
290 2 350 2 350 156 290 156 BIODEGRADABLE 0
7 0 141 0 141 129 7 129 BIODEGRADABLE 0
106.99999999999999 263 217 263 217 414 106.99999999999999 414 PLASTIC 0
16 387 125.99999999999999 387 125.99999999999999 414 16 414 PLASTIC 0
10 0 138 0 138 134 10 134 PLASTIC 0
135 0 205 0 205 94 135 94 PLASTIC 0
194 3 261 3 261 141 194 141 PLASTIC 0
282 0 307 0 307 65 282 65 PLASTIC 0
270 268 332 268 332 364 270 364 PLASTIC 0
236 154 266 154 266 283 236 283 PLASTIC 0
276 127.00000000000001 354 127.00000000000001 354 206 276 206 PLASTIC 0
289 0 308 0 308 65 289 65 PLASTIC 0
329 0 391 0 391 65 329 65 PLASTIC 0