2 20 42 20 42 71 2 71 BIODEGRADABLE 0
29.999999999999996 53 74 53 74 96 29.999999999999996 96 BIODEGRADABLE 0
2 73 38 73 38 124 2 124 BIODEGRADABLE 0
14.999999999999998 92 51 92 51 130 14.999999999999998 130 BIODEGRADABLE 0
49 92 62.99999999999999 92 62.99999999999999 112 49 112 BIODEGRADABLE 0
34 2 114.00000000000001 2 114.00000000000001 55 34 55 BIODEGRADABLE 0
86 2 110 2 110 20 86 20 BIODEGRADABLE 0
94 18 112 18 112 38 94 38 BIODEGRADABLE 0
91 35 109 35 109 51 91 51 BIODEGRADABLE 0
32 133 59.99999999999999 133 59.99999999999999 163 32 163 BIODEGRADABLE 0
68 141 96 141 96 165 68 165 BIODEGRADABLE 0
72 171 96 171 96 199 72 199 BIODEGRADABLE 0
74 202 95 202 95 228.00000000000003 74 228.00000000000003 BIODEGRADABLE 0
65 184 84 184 84 208 65 208 BIODEGRADABLE 0
54.00000000000001 198 75 198 75 225.99999999999997 54.00000000000001 225.99999999999997 BIODEGRADABLE 0
40 180 61 180 61 213.99999999999997 40 213.99999999999997 BIODEGRADABLE 0
40 163 54.00000000000001 163 54.00000000000001 179 40 179 BIODEGRADABLE 0
16 153 38 153 38 183 16 183 BIODEGRADABLE 0
2 137 23 137 23 167 2 167 BIODEGRADABLE 0
19 132 33 132 33 152 19 152 BIODEGRADABLE 0
53 145 75 145 75 181 53 181 BIODEGRADABLE 0
21 182 49 182 49 213.99999999999997 21 213.99999999999997 BIODEGRADABLE 0
2 194 28 194 28 228.00000000000003 2 228.00000000000003 BIODEGRADABLE 0
5 167 23 167 23 191 5 191 BIODEGRADABLE 0
19 212 47 212 47 246 19 246 BIODEGRADABLE 0
34 218 56 218 56 256 34 256 BIODEGRADABLE 0
51 228.00000000000003 69 228.00000000000003 69 256 51 256 BIODEGRADABLE 0
65 235 79 235 79 259 65 259 BIODEGRADABLE 0
79 247 84 247 84 261 79 261 BIODEGRADABLE 0
66 257 84 257 84 285 66 285 BIODEGRADABLE 0
54.00000000000001 261 72 261 72 287 54.00000000000001 287 BIODEGRADABLE 0
51 255.00000000000003 67 255.00000000000003 67 279 51 279 BIODEGRADABLE 0
32 252.99999999999997 54.00000000000001 252.99999999999997 54.00000000000001 283 32 283 BIODEGRADABLE 0
23 251 41 251 41 279 23 279 BIODEGRADABLE 0
4 275 29.999999999999996 275 29.999999999999996 303 4 303 BIODEGRADABLE 0
2 243 28 243 28 273 2 273 BIODEGRADABLE 0
2 224 21 224 21 242.00000000000003 2 242.00000000000003 BIODEGRADABLE 0
163 220 209 220 209 277 163 277 BIODEGRADABLE 0
198 222 228.00000000000003 222 228.00000000000003 271 198 271 BIODEGRADABLE 0
217 249 243 249 243 285 217 285 BIODEGRADABLE 0
191 273 223 273 223 307 191 307 BIODEGRADABLE 0
177 287 210 287 210 338 177 338 BIODEGRADABLE 0
161 271 196 271 196 332 161 332 BIODEGRADABLE 0
159 251 173 251 173 281 159 281 BIODEGRADABLE 0
203 310 235 310 235 346 203 346 BIODEGRADABLE 0
168 183 228.00000000000003 183 228.00000000000003 224 168 224 BIODEGRADABLE 0
165 169 239.99999999999997 169 239.99999999999997 208 165 208 BIODEGRADABLE 0
163 153 243 153 243 187 163 187 BIODEGRADABLE 0
159 118 245 118 245 156 159 156 BIODEGRADABLE 0
159 108.00000000000001 245 108.00000000000001 245 136 159 136 BIODEGRADABLE 0
166 82 239.99999999999997 82 239.99999999999997 114.00000000000001 166 114.00000000000001 BIODEGRADABLE 0
174 62.99999999999999 239.99999999999997 62.99999999999999 239.99999999999997 101 174 101 BIODEGRADABLE 0
168 24 243 24 243 69 168 69 BIODEGRADABLE 0
166 16 236 16 236 40 166 40 BIODEGRADABLE 0
163 2 241.00000000000003 2 241.00000000000003 24 163 24 BIODEGRADABLE 0
191 338 221 338 221 381 191 381 BIODEGRADABLE 0
168 367 208 367 208 414 168 414 BIODEGRADABLE 0
161 350 199 350 199 389 161 389 BIODEGRADABLE 0
157 378 173 378 173 415 157 415 BIODEGRADABLE 0
159 410 195 410 195 415 159 415 BIODEGRADABLE 0
194 380 225 380 225 415 194 415 BIODEGRADABLE 0
265 180 287 180 287 210 265 210 BIODEGRADABLE 0
278 192 294 192 294 213.99999999999997 278 213.99999999999997 BIODEGRADABLE 0
303 208 324 208 324 234 303 234 BIODEGRADABLE 0
319 213.99999999999997 329 213.99999999999997 329 230 319 230 BIODEGRADABLE 0
294 216.00000000000003 312 216.00000000000003 312 242.00000000000003 294 242.00000000000003 BIODEGRADABLE 0
290 241.00000000000003 311 241.00000000000003 311 269 290 269 BIODEGRADABLE 0
306 241.00000000000003 322 241.00000000000003 322 271 306 271 BIODEGRADABLE 0
313 228.00000000000003 341 228.00000000000003 341 256 313 256 BIODEGRADABLE 0
329 247 355 247 355 279 329 279 BIODEGRADABLE 0
341 273 365 273 365 294 341 294 BIODEGRADABLE 0
318 283 348 283 348 309 318 309 BIODEGRADABLE 0
301 288 322 288 322 318 301 318 BIODEGRADABLE 0
291 269 313 269 313 303 291 303 BIODEGRADABLE 0
289 328 319 328 319 369 289 369 BIODEGRADABLE 0
304 322 330 322 330 358 304 358 BIODEGRADABLE 0
316 345 334 345 334 371 316 371 BIODEGRADABLE 0
308 344 336 344 336 399 308 399 BIODEGRADABLE 0
287 373 310 373 310 415 287 415 BIODEGRADABLE 0
285 357 297 357 297 383 285 383 BIODEGRADABLE 0
297 402 322 402 322 415 297 415 BIODEGRADABLE 0
290 94 334 94 334 194 290 194 BIODEGRADABLE 0
298 135 320 135 320 151 298 151 BIODEGRADABLE 0
380 224 406 224 406 248 380 248 BIODEGRADABLE 0
382 245 404 245 404 271 382 271 BIODEGRADABLE 0
376 257 388 257 388 277 376 277 BIODEGRADABLE 0
382 273 404 273 404 302 382 302 BIODEGRADABLE 0
395 264 415 264 415 295 395 295 BIODEGRADABLE 0
412 248 415 248 415 267 412 267 BIODEGRADABLE 0
408 225.99999999999997 416 225.99999999999997 416 250 408 250 BIODEGRADABLE 0
397 212.99999999999997 415 212.99999999999997 415 236 397 236 BIODEGRADABLE 0
387 337 413 337 413 371 387 371 BIODEGRADABLE 0
404 319 415 319 415 350 404 350 BIODEGRADABLE 0
387 369 415 369 415 393 387 393 BIODEGRADABLE 0
409 351 415 351 415 379 409 379 BIODEGRADABLE 0
376 106.99999999999999 415 106.99999999999999 415 195 376 195 BIODEGRADABLE 0
382 134 392 134 392 175 382 175 BIODEGRADABLE 0
381 119.99999999999999 399 119.99999999999999 399 148 381 148 BIODEGRADABLE 0
391 171 415 171 415 181 391 181 BIODEGRADABLE 0
403 137 413 137 413 161 403 161 BIODEGRADABLE 0
404 105 415 105 415 140 404 140 BIODEGRADABLE 0
401 85 413 85 413 97 401 97 BIODEGRADABLE 0
409 72 415 72 415 85 409 85 BIODEGRADABLE 0
388 55 404 55 404 67 388 67 BIODEGRADABLE 0
388 43 402 43 402 55 388 55 BIODEGRADABLE 0
394 29.999999999999996 404 29.999999999999996 404 42 394 42 BIODEGRADABLE 0
382 35 392 35 392 49 382 49 BIODEGRADABLE 0
380 53 392 53 392 69 380 69 BIODEGRADABLE 0
390 14 400 14 400 29.999999999999996 390 29.999999999999996 BIODEGRADABLE 0
403 8 413 8 413 22 403 22 BIODEGRADABLE 0
402 47 414 47 414 62.99999999999999 402 62.99999999999999 BIODEGRADABLE 0
397 65 413 65 413 77 397 77 BIODEGRADABLE 0
383 65 399 65 399 81 383 81 BIODEGRADABLE 0
411 14.999999999999998 415 14.999999999999998 415 29.999999999999996 411 29.999999999999996 BIODEGRADABLE 0
411 35 415 35 415 51 411 51 BIODEGRADABLE 0
298 22 310 22 310 36 298 36 BIODEGRADABLE 0
299 10 313 10 313 22 299 22 BIODEGRADABLE 0
305 2 315 2 315 12 305 12 BIODEGRADABLE 0
299 33 311 33 311 47 299 47 BIODEGRADABLE 0
295 39 299 39 299 51 295 51 BIODEGRADABLE 0
296 53 304 53 304 71 296 71 BIODEGRADABLE 0
310 49 315 49 315 59 310 59 BIODEGRADABLE 0
313 37 327 37 327 55 313 55 BIODEGRADABLE 0
311 20 329 20 329 38 311 38 BIODEGRADABLE 0
318 4 330 4 330 18 318 18 BIODEGRADABLE 0
327 26 334 26 334 38 327 38 BIODEGRADABLE 0
329 43 336 43 336 57.00000000000001 329 57.00000000000001 BIODEGRADABLE 0
324 59 336 59 336 73 324 73 BIODEGRADABLE 0
317 51 331 51 331 67 317 67 BIODEGRADABLE 0
320 75 325 75 325 83 320 83 BIODEGRADABLE 0
312 75 322 75 322 89 312 89 BIODEGRADABLE 0
301 71 315 71 315 89 301 89 BIODEGRADABLE 0
298 22 308 22 308 36 298 36 BIODEGRADABLE 0
78 310 100 310 100 326 78 326 BIODEGRADABLE 0
68 296 86 296 86 314 68 314 BIODEGRADABLE 0
70 287 77 287 77 297 70 297 BIODEGRADABLE 0
76 324 95 324 95 342 76 342 BIODEGRADABLE 0
72 334 88 334 88 350 72 350 BIODEGRADABLE 0
72 351 93 351 93 369 72 369 BIODEGRADABLE 0
69 369 88 369 88 389 69 389 BIODEGRADABLE 0
70 392 86 392 86 414 70 414 BIODEGRADABLE 0
44 302 65 302 65 318 44 318 BIODEGRADABLE 0
56 292 74 292 74 310 56 310 BIODEGRADABLE 0
59.99999999999999 312 79 312 79 332 59.99999999999999 332 BIODEGRADABLE 0
51 332 72 332 72 352 51 352 BIODEGRADABLE 0
40 318 61 318 61 336 40 336 BIODEGRADABLE 0
58 348 76 348 76 369 58 369 BIODEGRADABLE 0
40 359 68 359 68 387 40 387 BIODEGRADABLE 0
49 385 68 385 68 405 49 405 BIODEGRADABLE 0
39 402 62 402 62 415 39 415 BIODEGRADABLE 0
57.00000000000001 404 74 404 74 415 57.00000000000001 415 BIODEGRADABLE 0
13 296 39 296 39 320 13 320 BIODEGRADABLE 0
26 316 42 316 42 338 26 338 BIODEGRADABLE 0
32 292 53 292 53 314 32 314 BIODEGRADABLE 0
29.999999999999996 338 51 338 51 358 29.999999999999996 358 BIODEGRADABLE 0
47 350 61 350 61 365 47 365 BIODEGRADABLE 0
44 361 68 361 68 385 44 385 BIODEGRADABLE 0
34 373 53 373 53 397 34 397 BIODEGRADABLE 0
32 396 48 396 48 412 32 412 BIODEGRADABLE 0
19 379 35 379 35 405 19 405 BIODEGRADABLE 0
11 359 29.999999999999996 359 29.999999999999996 377 11 377 BIODEGRADABLE 0
2 347 20 347 20 367 2 367 BIODEGRADABLE 0
2 326 23 326 23 348 2 348 BIODEGRADABLE 0
2 304 12 304 12 322 2 322 BIODEGRADABLE 0
12 316 26 316 26 332 12 332 BIODEGRADABLE 0
18 336 34 336 34 356 18 356 BIODEGRADABLE 0
2 371 23 371 23 391 2 391 BIODEGRADABLE 0
1 390 20 390 20 415 1 415 BIODEGRADABLE 0
17 402 32 402 32 415 17 415 BIODEGRADABLE 0