71 3 117 3 117 37 71 37 BIODEGRADABLE 0
112.99999999999999 2 151 2 151 28 112.99999999999999 28 BIODEGRADABLE 0
140 2 172 2 172 47 140 47 BIODEGRADABLE 0
174 2 212 2 212 90 174 90 BIODEGRADABLE 0
74 2 142 2 142 230 74 230 BIODEGRADABLE 0
135 196 189 196 189 322 135 322 BIODEGRADABLE 0
146 170 180 170 180 256 146 256 BIODEGRADABLE 0
145 144 183 144 183 196 145 196 BIODEGRADABLE 0
132 37 190 37 190 165 132 165 BIODEGRADABLE 0
171 159 219 159 219 279 171 279 BIODEGRADABLE 0
182 208 286 208 286 350 182 350 BIODEGRADABLE 0
217 108.00000000000001 289 108.00000000000001 289 232 217 232 BIODEGRADABLE 0
207 80 249 80 249 144 207 144 BIODEGRADABLE 0
185 3 213.99999999999997 3 213.99999999999997 97 185 97 BIODEGRADABLE 0
92 328 116 328 116 375 92 375 BIODEGRADABLE 0
114.00000000000001 285 130 285 130 315 114.00000000000001 315 BIODEGRADABLE 0
125.99999999999999 262 180 262 180 358 125.99999999999999 358 BIODEGRADABLE 0
168 401 180 401 180 415 168 415 BIODEGRADABLE 0
76 225 90 225 90 247 76 247 BIODEGRADABLE 0
101 211 109 211 109 217 101 217 BIODEGRADABLE 0
114.00000000000001 211 117 211 117 221 114.00000000000001 221 BIODEGRADABLE 0
102 181 108.00000000000001 181 108.00000000000001 189 102 189 BIODEGRADABLE 0
80 200 85 200 85 208 80 208 BIODEGRADABLE 0
71 80 81 80 81 90 71 90 BIODEGRADABLE 0
178 291 256 291 256 415 178 415 BIODEGRADABLE 0
250 309 320 309 320 415 250 415 BIODEGRADABLE 0
248 180 334 180 334 356 248 356 BIODEGRADABLE 0
297 181 400 181 400 217 297 217 BIODEGRADABLE 0
222 95 306 95 306 223 222 223 BIODEGRADABLE 0