72 172 212 172 212 374 72 374 BIODEGRADABLE 0
201 146 336 146 336 352 201 352 BIODEGRADABLE 0
201 76 249 76 249 172 201 172 BIODEGRADABLE 0
150 17 236 17 236 152 150 152 BIODEGRADABLE 0
299 52 337 52 337 127.00000000000001 299 127.00000000000001 BIODEGRADABLE 0
244 56 304 56 304 140 244 140 BIODEGRADABLE 0
309 118 371 118 371 170 309 170 BIODEGRADABLE 0
374 203 415 203 415 316 374 316 BIODEGRADABLE 0
340 236 376 236 376 281 340 281 BIODEGRADABLE 0
332 204 384 204 384 284 332 284 BIODEGRADABLE 0
2 244 76 244 76 354 2 354 BIODEGRADABLE 0
2 221 70 221 70 271 2 271 BIODEGRADABLE 0