172 270 363 270 363 325 172 325 BIODEGRADABLE 0
163 211 305 211 305 267 163 267 BIODEGRADABLE 0
163 68 239.99999999999997 68 239.99999999999997 208 163 208 BIODEGRADABLE 0
215.00000000000003 144 286 144 286 198 215.00000000000003 198 BIODEGRADABLE 0
266 164 356 164 356 224 266 224 BIODEGRADABLE 0
315 116 397 116 397 177 315 177 BIODEGRADABLE 0
234 93 307 93 307 146 234 146 BIODEGRADABLE 0
281 65 358 65 358 129 281 129 BIODEGRADABLE 0
95 315 230 315 230 415 95 415 PAPER 0
14.999999999999998 386 109 386 109 415 14.999999999999998 415 GLASS 0
3 331 99 331 99 376 3 376 GLASS 0
29.999999999999996 284 106.99999999999999 284 106.99999999999999 297 29.999999999999996 297 GLASS 0
106.99999999999999 166 165 166 165 182 106.99999999999999 182 GLASS 0
112 153 170 153 170 169 112 169 GLASS 0
114.00000000000001 137 176 137 176 155 114.00000000000001 155 GLASS 0
118 122 180 122 180 140 118 140 GLASS 0
118 103 184 103 184 124 118 124 GLASS 0
125 87 189 87 189 109 125 109 GLASS 0
155 313 223 313 223 363 155 363 METAL 0
14.999999999999998 212 157 212 157 268 14.999999999999998 268 CARDBOARD 0
116 59 191 59 191 95 116 95 CARDBOARD 0
133 39 210 39 210 79 133 79 CARDBOARD 0
138 16 215.00000000000003 16 215.00000000000003 58 138 58 CARDBOARD 0
35 0 200 0 200 58 35 58 CARDBOARD 0