95 85 184 85 184 195 95 195 BIODEGRADABLE 0
1 122 151 122 151 278 1 278 BIODEGRADABLE 0
2 230 102 230 102 378 2 378 BIODEGRADABLE 0
89 271 163 271 163 383 89 383 BIODEGRADABLE 0
121.00000000000001 234 201 234 201 327 121.00000000000001 327 BIODEGRADABLE 0
105 197 221 197 221 349 105 349 BIODEGRADABLE 0
161 121.00000000000001 273 121.00000000000001 273 269 161 269 BIODEGRADABLE 0
197 70 283 70 283 133 197 133 BIODEGRADABLE 0
283 89 395 89 395 208 283 208 BIODEGRADABLE 0
223 160 335 160 335 314 223 314 BIODEGRADABLE 0
178 291 275 291 275 399 178 399 BIODEGRADABLE 0
275 265 389 265 389 377 275 377 BIODEGRADABLE 0
346 184 415 184 415 308 346 308 BIODEGRADABLE 0
347 290 415 290 415 387 347 387 BIODEGRADABLE 0