199 192 293 192 293 326 199 326 BIODEGRADABLE 0
178 257 222 257 222 317 178 317 BIODEGRADABLE 0
269 165 286 165 286 198 269 198 BIODEGRADABLE 0
161 170 258 170 258 311 161 311 BIODEGRADABLE 0
251.99999999999997 155 278 155 278 203 251.99999999999997 203 BIODEGRADABLE 0
211 104 258 104 258 176 211 176 BIODEGRADABLE 0
179 135 235 135 235 212 179 212 BIODEGRADABLE 0
111 192 194 192 194 311 111 311 BIODEGRADABLE 0
143 284 179 284 179 352 143 352 BIODEGRADABLE 0
114.00000000000001 123 189 123 189 264 114.00000000000001 264 BIODEGRADABLE 0
108.00000000000001 256 121.00000000000001 256 121.00000000000001 284 108.00000000000001 284 BIODEGRADABLE 0
180 119 212 119 212 183 180 183 BIODEGRADABLE 0
95 66 313 66 313 352 95 352 PLASTIC 0