251 344 367 344 367 410 251 410 BIODEGRADABLE 0
178 329 309 329 309 371 178 371 BIODEGRADABLE 0
373 388 415 388 415 415 373 415 BIODEGRADABLE 0
380 294 414 294 414 386 380 386 BIODEGRADABLE 0
221 138 379 138 379 366 221 366 BIODEGRADABLE 0
163 106 298 106 298 328 163 328 BIODEGRADABLE 0
50 147 153 147 153 413 50 413 BIODEGRADABLE 0
92 23 264 23 264 222 92 222 BIODEGRADABLE 0
0 61 174 61 174 265 0 265 BIODEGRADABLE 0
14.999999999999998 2 137 2 137 238 14.999999999999998 238 BIODEGRADABLE 0
131 2 174 2 174 144 131 144 BIODEGRADABLE 0
180 2 272 2 272 296 180 296 BIODEGRADABLE 0