2 305 101 305 101 369 2 369 BIODEGRADABLE 0
99 272 197 272 197 369 99 369 BIODEGRADABLE 0
176 281 275 281 275 369 176 369 BIODEGRADABLE 0
271 315 361 315 361 367 271 367 BIODEGRADABLE 0
286 172 415 172 415 368 286 368 BIODEGRADABLE 0
233 154 325 154 325 308 233 308 BIODEGRADABLE 0
181 68 283 68 283 220 181 220 BIODEGRADABLE 0
109 140 213.99999999999997 140 213.99999999999997 274 109 274 BIODEGRADABLE 0
93 218 133 218 133 289 93 289 BIODEGRADABLE 0
28 178 92 178 92 312 28 312 BIODEGRADABLE 0
1 175 41 175 41 340 1 340 BIODEGRADABLE 0
44 99 136 99 136 246 44 246 BIODEGRADABLE 0
211 215.00000000000003 237 215.00000000000003 237 255.00000000000003 211 255.00000000000003 BIODEGRADABLE 0
2 114.00000000000001 53 114.00000000000001 53 185 2 185 BIODEGRADABLE 0
10 97 51 97 51 133 10 133 BIODEGRADABLE 0
47 50 140 50 140 147 47 147 BIODEGRADABLE 0
172 34 238 34 238 128 172 128 BIODEGRADABLE 0
144 90 173 90 173 135 144 135 BIODEGRADABLE 0
125 64 160 64 160 119.99999999999999 125 119.99999999999999 BIODEGRADABLE 0
94 41 140 41 140 69 94 69 BIODEGRADABLE 0
138 66 166 66 166 92 138 92 BIODEGRADABLE 0
159 36 172 36 172 92 159 92 BIODEGRADABLE 0
245 0 325 0 325 95 245 95 BIODEGRADABLE 0
224 41 291 41 291 147 224 147 BIODEGRADABLE 0
289 47 361 47 361 175 289 175 BIODEGRADABLE 0
320 61 415 61 415 192 320 192 BIODEGRADABLE 0
359 1 415 1 415 70 359 70 BIODEGRADABLE 0
323 7 369 7 369 59 323 59 BIODEGRADABLE 0