287 35 398 35 398 220 287 220 BIODEGRADABLE 0
345 220 372 220 372 233 345 233 BIODEGRADABLE 0
379 223 395 223 395 237 379 237 BIODEGRADABLE 0
306 223 322 223 322 237 306 237 BIODEGRADABLE 0
375 254.00000000000003 385 254.00000000000003 385 268 375 268 BIODEGRADABLE 0
383 254.00000000000003 397 254.00000000000003 397 268 383 268 BIODEGRADABLE 0
370 274 395 274 395 288 370 288 BIODEGRADABLE 0
370 289 389 289 389 303 370 303 BIODEGRADABLE 0
362 326 381 326 381 339 362 339 BIODEGRADABLE 0
297 318 311 318 311 328 297 328 BIODEGRADABLE 0
305 334 324 334 324 347 305 347 BIODEGRADABLE 0
301 284 307 284 307 294 301 294 BIODEGRADABLE 0
295 277 301 277 301 283 295 283 BIODEGRADABLE 0
318 266 328 266 328 280 318 280 BIODEGRADABLE 0
203 331 327 331 327 415 203 415 BIODEGRADABLE 0
289 378 297 378 297 398 289 398 BIODEGRADABLE 0
125 357 207 357 207 415 125 415 BIODEGRADABLE 0
90 366 136 366 136 415 90 415 BIODEGRADABLE 0
21 352 92 352 92 408 21 408 BIODEGRADABLE 0
0 280 40 280 40 367 0 367 BIODEGRADABLE 0
17 233 176 233 176 375 17 375 BIODEGRADABLE 0
165 293 212.99999999999997 293 212.99999999999997 360 165 360 BIODEGRADABLE 0
184 277 225.99999999999997 277 225.99999999999997 319 184 319 BIODEGRADABLE 0
222 287 280 287 280 328 222 328 BIODEGRADABLE 0
153 166 303 166 303 289 153 289 BIODEGRADABLE 0
71 1 347 1 347 143 71 143 BIODEGRADABLE 0
28 5 88 5 88 39 28 39 BIODEGRADABLE 0
0 32 111 32 111 164 0 164 BIODEGRADABLE 0
0 150 103 150 103 281 0 281 BIODEGRADABLE 0
32 78 216.00000000000003 78 216.00000000000003 228.00000000000003 32 228.00000000000003 BIODEGRADABLE 0
167 133 249 133 249 181 167 181 BIODEGRADABLE 0