399 62.99999999999999 415 62.99999999999999 415 101 399 101 BIODEGRADABLE 0
399 100 415 100 415 146 399 146 BIODEGRADABLE 0
382 96 405 96 405 136 382 136 BIODEGRADABLE 0
359 89 389 89 389 139 359 139 BIODEGRADABLE 0
378 70 402 70 402 94 378 94 BIODEGRADABLE 0
358 65 386 65 386 81 358 81 BIODEGRADABLE 0
322 67 360 67 360 108.00000000000001 322 108.00000000000001 BIODEGRADABLE 0
326 101 359 101 359 161 326 161 BIODEGRADABLE 0
354 127.00000000000001 366 127.00000000000001 366 146 354 146 BIODEGRADABLE 0
359 127.00000000000001 391 127.00000000000001 391 179 359 179 BIODEGRADABLE 0
313 139 415 139 415 223 313 223 BIODEGRADABLE 0
367 208 399 208 399 311 367 311 BIODEGRADABLE 0
295 172 329 172 329 215.00000000000003 295 215.00000000000003 BIODEGRADABLE 0
320 158 346 158 346 189 320 189 BIODEGRADABLE 0
299 136 332 136 332 172 299 172 BIODEGRADABLE 0
292 94 332 94 332 144 292 144 BIODEGRADABLE 0
276 67 319 67 319 110 276 110 BIODEGRADABLE 0
267 127.00000000000001 295 127.00000000000001 295 173 267 173 BIODEGRADABLE 0
278 105 300 105 300 129 278 129 BIODEGRADABLE 0
264 84 284 84 284 115 264 115 BIODEGRADABLE 0
239.99999999999997 65 282 65 282 108.00000000000001 239.99999999999997 108.00000000000001 BIODEGRADABLE 0
244 108.00000000000001 264 108.00000000000001 264 139 244 139 BIODEGRADABLE 0
259 110 273 110 273 148 259 148 BIODEGRADABLE 0
251 158 281 158 281 208 251 208 BIODEGRADABLE 0
279 180 302 180 302 218 279 218 BIODEGRADABLE 0
285 149 307 149 307 187 285 187 BIODEGRADABLE 0
236 144 260 144 260 182 236 182 BIODEGRADABLE 0
230 203 262 203 262 238.99999999999997 230 238.99999999999997 BIODEGRADABLE 0
226.99999999999997 184 250 184 250 220 226.99999999999997 220 BIODEGRADABLE 0
257 206 299 206 299 239.99999999999997 257 239.99999999999997 BIODEGRADABLE 0
198 225 276 225 276 283 198 283 BIODEGRADABLE 0
204 175 230 175 230 215.00000000000003 204 215.00000000000003 BIODEGRADABLE 0
213.99999999999997 211 232 211 232 235 213.99999999999997 235 BIODEGRADABLE 0
222 225 238 225 238 247 222 247 BIODEGRADABLE 0
186 208 213.99999999999997 208 213.99999999999997 254.00000000000003 186 254.00000000000003 BIODEGRADABLE 0
184 65 242.00000000000003 65 242.00000000000003 153 184 153 BIODEGRADABLE 0
119 65 181 65 181 108.00000000000001 119 108.00000000000001 BIODEGRADABLE 0
193 144 221 144 221 182 193 182 BIODEGRADABLE 0
182 115 205 115 205 143 182 143 BIODEGRADABLE 0
158 91 194 91 194 131 158 131 BIODEGRADABLE 0
153 127.00000000000001 181 127.00000000000001 181 175 153 175 BIODEGRADABLE 0
161 161 195 161 195 211 161 211 BIODEGRADABLE 0
184 179 207 179 207 215.00000000000003 184 215.00000000000003 BIODEGRADABLE 0
153 194 187 194 187 251.99999999999997 153 251.99999999999997 BIODEGRADABLE 0
150 242.00000000000003 178 242.00000000000003 178 266 150 266 BIODEGRADABLE 0
136 258 162 258 162 294 136 294 BIODEGRADABLE 0
164 259 192 259 192 299 164 299 BIODEGRADABLE 0
127.00000000000001 259 145 259 145 297 127.00000000000001 297 BIODEGRADABLE 0
128 251 146 251 146 265 128 265 BIODEGRADABLE 0
132 196 165 196 165 256 132 256 BIODEGRADABLE 0
133 166 165 166 165 194 133 194 BIODEGRADABLE 0
102 163 138 163 138 221 102 221 BIODEGRADABLE 0
125 151 143 151 143 170 125 170 BIODEGRADABLE 0
123 123 151 123 151 151 123 151 BIODEGRADABLE 0
141 110 157 110 157 124 141 124 BIODEGRADABLE 0
111 86 141 86 141 129 111 129 BIODEGRADABLE 0
93 75 115 75 115 101 93 101 BIODEGRADABLE 0
96 65 112 65 112 77 96 77 BIODEGRADABLE 0
95 103 123 103 123 158 95 158 BIODEGRADABLE 0
72 141 114.00000000000001 141 114.00000000000001 182 72 182 BIODEGRADABLE 0
67 96 95 96 95 144 67 144 BIODEGRADABLE 0
64 70 92 70 92 96 64 96 BIODEGRADABLE 0
46 67 66 67 66 79 46 79 BIODEGRADABLE 0
19 67 48 67 48 86 19 86 BIODEGRADABLE 0
0 70 29 70 29 108.00000000000001 0 108.00000000000001 BIODEGRADABLE 0
29 74 52 74 52 108.00000000000001 29 108.00000000000001 BIODEGRADABLE 0
41 100 65 100 65 134 41 134 BIODEGRADABLE 0
53 74 69 74 69 124 53 124 BIODEGRADABLE 0
5 96 38 96 38 148 5 148 BIODEGRADABLE 0
8 127.00000000000001 46 127.00000000000001 46 177 8 177 BIODEGRADABLE 0
45 137 74 137 74 189 45 189 BIODEGRADABLE 0
56 175 91 175 91 215.00000000000003 56 215.00000000000003 BIODEGRADABLE 0
91 175 114.00000000000001 175 114.00000000000001 192 91 192 BIODEGRADABLE 0
95 192 118 192 118 223 95 223 BIODEGRADABLE 0
99 223 129 223 129 261 99 261 BIODEGRADABLE 0
76 208 100 208 100 238.99999999999997 76 238.99999999999997 BIODEGRADABLE 0
29.999999999999996 182 59 182 59 225 29.999999999999996 225 BIODEGRADABLE 0
7 153 29 153 29 201 7 201 BIODEGRADABLE 0
0 151 9 151 9 187 0 187 BIODEGRADABLE 0
1 194 25 194 25 235 1 235 BIODEGRADABLE 0
1 234 29.999999999999996 234 29.999999999999996 278 1 278 BIODEGRADABLE 0
23 218 45 218 45 258 23 258 BIODEGRADABLE 0
24 254.00000000000003 52 254.00000000000003 52 278 24 278 BIODEGRADABLE 0
26 271 55 271 55 311 26 311 BIODEGRADABLE 0
11 278 29 278 29 302 11 302 BIODEGRADABLE 0
1 279 10 279 10 307 1 307 BIODEGRADABLE 0
45 294 64 294 64 318 45 318 BIODEGRADABLE 0
65 285 81 285 81 313 65 313 BIODEGRADABLE 0
72 297 89 297 89 325 72 325 BIODEGRADABLE 0
87 290 111 290 111 318 87 318 BIODEGRADABLE 0
93 270 106 270 106 292 93 292 BIODEGRADABLE 0
104 256 124 256 124 282 104 282 BIODEGRADABLE 0
95 276 109 276 109 292 95 292 BIODEGRADABLE 0
79 258 101 258 101 292 79 292 BIODEGRADABLE 0
69 273 87 273 87 297 69 297 BIODEGRADABLE 0
62 249 84 249 84 275 62 275 BIODEGRADABLE 0
50 258 70 258 70 280 50 280 BIODEGRADABLE 0
45 239.99999999999997 62 239.99999999999997 62 254.00000000000003 45 254.00000000000003 BIODEGRADABLE 0
37 204 65 204 65 242.00000000000003 37 242.00000000000003 BIODEGRADABLE 0
62 220 85 220 85 246 62 246 BIODEGRADABLE 0
59 175 89 175 89 218 59 218 BIODEGRADABLE 0
90 244 109 244 109 270 90 270 BIODEGRADABLE 0
105 168 135 168 135 220 105 220 BIODEGRADABLE 0
96 110 119 110 119 158 96 158 BIODEGRADABLE 0
86 141 112 141 112 172 86 172 BIODEGRADABLE 0
72 142 85 142 85 170 72 170 BIODEGRADABLE 0
222 212.99999999999997 377 212.99999999999997 377 415 222 415 METAL 0