142 106 220 106 220 257 142 257 BIODEGRADABLE 0
77 139 123 139 123 257 77 257 BIODEGRADABLE 0
183 165 245 165 245 305 183 305 BIODEGRADABLE 0
145 251 197 251 197 349 145 349 BIODEGRADABLE 0
246 249 304 249 304 327 246 327 BIODEGRADABLE 0
202 53 258 53 258 143 202 143 BIODEGRADABLE 0
287 95 325 95 325 193 287 193 BIODEGRADABLE 0
177 352 213.99999999999997 352 213.99999999999997 415 177 415 BIODEGRADABLE 0
226.99999999999997 341 281 341 281 391 226.99999999999997 391 BIODEGRADABLE 0
122 319 176 319 176 397 122 397 BIODEGRADABLE 0
127.00000000000001 282 148 282 148 324 127.00000000000001 324 BIODEGRADABLE 0
110 263 140 263 140 321 110 321 BIODEGRADABLE 0
134 212 161 212 161 274 134 274 BIODEGRADABLE 0
101 154 143 154 143 274 101 274 BIODEGRADABLE 0
108.00000000000001 119.99999999999999 148 119.99999999999999 148 196 108.00000000000001 196 BIODEGRADABLE 0
79 115 111 115 111 201 79 201 BIODEGRADABLE 0
108.00000000000001 90 128 90 128 119.99999999999999 108.00000000000001 119.99999999999999 BIODEGRADABLE 0
117 76 166 76 166 101 117 101 BIODEGRADABLE 0
122 75 188 75 188 165 122 165 BIODEGRADABLE 0
183 59 210 59 210 140 183 140 BIODEGRADABLE 0
210 135 250 135 250 179 210 179 BIODEGRADABLE 0
262 87 299 87 299 193 262 193 BIODEGRADABLE 0
231 146 274 146 274 224 231 224 BIODEGRADABLE 0
238 68 278 68 278 154 238 154 BIODEGRADABLE 0
232 215.00000000000003 298 215.00000000000003 298 307 232 307 BIODEGRADABLE 0
287 196 311 196 311 263 287 263 BIODEGRADABLE 0
316 151 334 151 334 246 316 246 BIODEGRADABLE 0
298 254.00000000000003 334 254.00000000000003 334 279 298 279 BIODEGRADABLE 0
291 288 331 288 331 316 291 316 BIODEGRADABLE 0
275 304 309 304 309 360 275 360 BIODEGRADABLE 0
260 321 274 321 274 341 260 341 BIODEGRADABLE 0
243 324 261 324 261 354 243 354 BIODEGRADABLE 0
220 311 248 311 248 341 220 341 BIODEGRADABLE 0
192 310 225.99999999999997 310 225.99999999999997 363 192 363 BIODEGRADABLE 0
51 3 369 3 369 415 51 415 GLASS 0