114.00000000000001 241.00000000000003 170 241.00000000000003 170 287 114.00000000000001 287 BIODEGRADABLE 0
212.99999999999997 318 271 318 271 355 212.99999999999997 355 BIODEGRADABLE 0
255.00000000000003 300 313 300 313 352 255.00000000000003 352 BIODEGRADABLE 0
222 184 284 184 284 246 222 246 BIODEGRADABLE 0
206 235 260 235 260 265 206 265 BIODEGRADABLE 0
220 125 300 125 300 188 220 188 BIODEGRADABLE 0
242.00000000000003 77 300 77 300 125.99999999999999 242.00000000000003 125.99999999999999 BIODEGRADABLE 0
183 57.00000000000001 273 57.00000000000001 273 115 183 115 BIODEGRADABLE 0
152 111 257 111 257 168 152 168 BIODEGRADABLE 0
161 167 215.00000000000003 167 215.00000000000003 181 161 181 BIODEGRADABLE 0
137 177 224 177 224 241.00000000000003 137 241.00000000000003 BIODEGRADABLE 0
141 223 168 223 168 251 141 251 BIODEGRADABLE 0
114.00000000000001 215.00000000000003 146 215.00000000000003 146 247 114.00000000000001 247 BIODEGRADABLE 0
110 175 154 175 154 221 110 221 BIODEGRADABLE 0
114.00000000000001 127.00000000000001 170 127.00000000000001 170 175 114.00000000000001 175 BIODEGRADABLE 0
94 151 123 151 123 188 94 188 BIODEGRADABLE 0
166 238 215.00000000000003 238 215.00000000000003 264 166 264 BIODEGRADABLE 0
172 259 210 259 210 287 172 287 BIODEGRADABLE 0