24 159 112.99999999999999 159 112.99999999999999 363 24 363 BIODEGRADABLE 0
110 144 202 144 202 352 110 352 BIODEGRADABLE 0
187 280 282 280 282 366 187 366 BIODEGRADABLE 0
213.99999999999997 275 315 275 315 367 213.99999999999997 367 BIODEGRADABLE 0
268 271 364 271 364 366 268 366 BIODEGRADABLE 0
320 254.00000000000003 415 254.00000000000003 415 365 320 365 BIODEGRADABLE 0
199 157 352 157 352 287 199 287 BIODEGRADABLE 0
1 158 85 158 85 220 1 220 BIODEGRADABLE 0
0 59.99999999999999 88 59.99999999999999 88 173 0 173 BIODEGRADABLE 0
1 1 106.99999999999999 1 106.99999999999999 141 1 141 BIODEGRADABLE 0
46 1 124 1 124 130 46 130 BIODEGRADABLE 0
106 0 152 0 152 116 106 116 BIODEGRADABLE 0
137 0 195 0 195 116 137 116 BIODEGRADABLE 0
116 118 229.00000000000003 118 229.00000000000003 239.99999999999997 116 239.99999999999997 BIODEGRADABLE 0
137 58 252.99999999999997 58 252.99999999999997 146 137 146 BIODEGRADABLE 0
163 1 235 1 235 95 163 95 BIODEGRADABLE 0
191 1 272 1 272 134 191 134 BIODEGRADABLE 0
213.99999999999997 136 316 136 316 231 213.99999999999997 231 BIODEGRADABLE 0
254.00000000000003 5 296 5 296 169 254.00000000000003 169 BIODEGRADABLE 0
366 118 381 118 381 146 366 146 BIODEGRADABLE 0
371 157 385 157 385 173 371 173 BIODEGRADABLE 0
306 26 327 26 327 109 306 109 BIODEGRADABLE 0