68 177 250 177 250 413 68 413 BIODEGRADABLE 0
234 359 260 359 260 413 234 413 BIODEGRADABLE 0
241.00000000000003 391 276 391 276 414 241.00000000000003 414 BIODEGRADABLE 0
262 356 298 356 298 402 262 402 BIODEGRADABLE 0
276 371 332 371 332 413 276 413 BIODEGRADABLE 0
35 237 116 237 116 413 35 413 BIODEGRADABLE 0
0 359 41 359 41 413 0 413 BIODEGRADABLE 0
245 137 415 137 415 387 245 387 BIODEGRADABLE 0
206 32 400 32 400 308 206 308 BIODEGRADABLE 0
157 0 324 0 324 74 157 74 BIODEGRADABLE 0
0 74 109 74 109 228.00000000000003 0 228.00000000000003 BIODEGRADABLE 0
88 140 148 140 148 242.00000000000003 88 242.00000000000003 BIODEGRADABLE 0
104 12 250 12 250 206 104 206 METAL 0