185 236 365 236 365 413 185 413 BIODEGRADABLE 0
166 363 213.99999999999997 363 213.99999999999997 414 166 414 BIODEGRADABLE 0
204 1 376 1 376 301 204 301 BIODEGRADABLE 0
38 0 222 0 222 355 38 355 BIODEGRADABLE 0
45 349 136 349 136 413 45 413 BIODEGRADABLE 0
109 333 189 333 189 413 109 413 BIODEGRADABLE 0
352 261 404 261 404 309 352 309 BIODEGRADABLE 0
357 309 399 309 399 363 357 363 BIODEGRADABLE 0
374 121.00000000000001 400 121.00000000000001 400 196 374 196 BIODEGRADABLE 0
22 148 38 148 38 207 22 207 BIODEGRADABLE 0
5 207 41 207 41 252.99999999999997 5 252.99999999999997 BIODEGRADABLE 0
173 0 219 0 219 35 173 35 BIODEGRADABLE 0