369 321 415 321 415 414 369 414 BIODEGRADABLE 0
317 343 376 343 376 414 317 414 BIODEGRADABLE 0
351 274 404 274 404 350 351 350 BIODEGRADABLE 0
403 294 415 294 415 328 403 328 BIODEGRADABLE 0
385 211 415 211 415 294 385 294 BIODEGRADABLE 0
362 140 404 140 404 233 362 233 BIODEGRADABLE 0
397 147 415 147 415 215.00000000000003 397 215.00000000000003 BIODEGRADABLE 0
379 78 415 78 415 154 379 154 BIODEGRADABLE 0
335 52 383 52 383 130 335 130 BIODEGRADABLE 0
346 2 391 2 391 76 346 76 BIODEGRADABLE 0
391 20 415 20 415 81 391 81 BIODEGRADABLE 0
282 5 342 5 342 108.00000000000001 282 108.00000000000001 BIODEGRADABLE 0
289 108.00000000000001 338 108.00000000000001 338 206 289 206 BIODEGRADABLE 0
269 167 301 167 301 228.00000000000003 269 228.00000000000003 BIODEGRADABLE 0
278 203 328 203 328 289 278 289 BIODEGRADABLE 0
300 267 350 267 350 341 300 341 BIODEGRADABLE 0
277 311 329 311 329 399 277 399 BIODEGRADABLE 0
262 370 311 370 311 414 262 414 BIODEGRADABLE 0
234 250 294 250 294 350 234 350 BIODEGRADABLE 0
230 172 278 172 278 260 230 260 BIODEGRADABLE 0
238.99999999999997 138 289 138 289 174 238.99999999999997 174 BIODEGRADABLE 0
233 74 285 74 285 162 233 162 BIODEGRADABLE 0
243 14.999999999999998 283 14.999999999999998 283 89 243 89 BIODEGRADABLE 0
250 0 299 0 299 22 250 22 BIODEGRADABLE 0
225 3 255.00000000000003 3 255.00000000000003 79 225 79 BIODEGRADABLE 0
206 0 249 0 249 25 206 25 BIODEGRADABLE 0
210 42 239.99999999999997 42 239.99999999999997 91 210 91 BIODEGRADABLE 0
193 79 238 79 238 140 193 140 BIODEGRADABLE 0
192 140 237 140 237 211 192 211 BIODEGRADABLE 0
159 188 215.00000000000003 188 215.00000000000003 284 159 284 BIODEGRADABLE 0
207 230 241.00000000000003 230 241.00000000000003 306 207 306 BIODEGRADABLE 0
208 209 230 209 230 245 208 245 BIODEGRADABLE 0
197 282 237 282 237 353 197 353 BIODEGRADABLE 0
210 336 263 336 263 414 210 414 BIODEGRADABLE 0
197 392 247 392 247 414 197 414 BIODEGRADABLE 0
255.00000000000003 348 276 348 276 370 255.00000000000003 370 BIODEGRADABLE 0
160 331 216.00000000000003 331 216.00000000000003 414 160 414 BIODEGRADABLE 0
150 267 200 267 200 343 150 343 BIODEGRADABLE 0
136 198 164 198 164 274 136 274 BIODEGRADABLE 0
147 118 193 118 193 201 147 201 BIODEGRADABLE 0
158 39 210 39 210 127.00000000000001 158 127.00000000000001 BIODEGRADABLE 0
171 0 215.00000000000003 0 215.00000000000003 49 171 49 BIODEGRADABLE 0
133 0 179 0 179 39 133 39 BIODEGRADABLE 0
101 0 161 0 161 83 101 83 BIODEGRADABLE 0
112.99999999999999 57.00000000000001 149 57.00000000000001 149 103 112.99999999999999 103 BIODEGRADABLE 0
143 56 169 56 169 119.99999999999999 143 119.99999999999999 BIODEGRADABLE 0
99 100 149 100 149 186 99 186 BIODEGRADABLE 0
65 142 117 142 117 230 65 230 BIODEGRADABLE 0
89 228.00000000000003 142 228.00000000000003 142 318 89 318 BIODEGRADABLE 0
117 189 152 189 152 228.00000000000003 117 228.00000000000003 BIODEGRADABLE 0
122 296 164 296 164 392 122 392 BIODEGRADABLE 0
142 394 176 394 176 414 142 414 BIODEGRADABLE 0
90 326 140 326 140 414 90 414 BIODEGRADABLE 0
41 362 100 362 100 414 41 414 BIODEGRADABLE 0
61 343 93 343 93 379 61 379 BIODEGRADABLE 0
59 287 117 287 117 355 59 355 BIODEGRADABLE 0
21 336 57.00000000000001 336 57.00000000000001 404 21 404 BIODEGRADABLE 0
43 326 77 326 77 368 43 368 BIODEGRADABLE 0
18 255.00000000000003 70 255.00000000000003 70 333 18 333 BIODEGRADABLE 0
66 233 100 233 100 289 66 289 BIODEGRADABLE 0
38 152 82 152 82 250 38 250 BIODEGRADABLE 0
28 218 67 218 67 272 28 272 BIODEGRADABLE 0
16 172 42 172 42 238 16 238 BIODEGRADABLE 0
14 147 49 147 49 193 14 193 BIODEGRADABLE 0
49 88 93 88 93 154 49 154 BIODEGRADABLE 0
90 105 108.00000000000001 105 108.00000000000001 147 90 147 BIODEGRADABLE 0
48 0 104 0 104 93 48 93 BIODEGRADABLE 0
48 69 64 69 64 101 48 101 BIODEGRADABLE 0
20 103 51 103 51 147 20 147 BIODEGRADABLE 0
10 39 52 39 52 110 10 110 BIODEGRADABLE 0
11 27.000000000000004 45 27.000000000000004 45 57.00000000000001 11 57.00000000000001 BIODEGRADABLE 0
9 0 49 0 49 27.000000000000004 9 27.000000000000004 BIODEGRADABLE 0
1 32 13 32 13 115 1 115 BIODEGRADABLE 0
0 115 23 115 23 165 0 165 BIODEGRADABLE 0
0 151 16 151 16 225.99999999999997 0 225.99999999999997 BIODEGRADABLE 0
0 220 31 220 31 262 0 262 BIODEGRADABLE 0
0 251.99999999999997 25 251.99999999999997 25 323 0 323 BIODEGRADABLE 0
0 310 37 310 37 385 0 385 BIODEGRADABLE 0
0 384 25 384 25 414 0 414 BIODEGRADABLE 0
1 0 415 0 415 414 1 414 BIODEGRADABLE 0