21 170 213.99999999999997 170 213.99999999999997 312 21 312 BIODEGRADABLE 0
87 298 375 298 375 389 87 389 BIODEGRADABLE 0
160 298 380 298 380 397 160 397 BIODEGRADABLE 0
325 260 415 260 415 339 325 339 BIODEGRADABLE 0
180 220 384 220 384 298 180 298 BIODEGRADABLE 0
132 151 410 151 410 241.00000000000003 132 241.00000000000003 BIODEGRADABLE 0
71 114.00000000000001 296 114.00000000000001 296 205 71 205 BIODEGRADABLE 0
3 49 271 49 271 171 3 171 BIODEGRADABLE 0
34 21 262 21 262 97 34 97 BIODEGRADABLE 0
226.99999999999997 80 357 80 357 156 226.99999999999997 156 BIODEGRADABLE 0
348 74 415 74 415 188 348 188 BIODEGRADABLE 0
348 138 407 138 407 202 348 202 BIODEGRADABLE 0