94 331 165 331 165 384 94 384 BIODEGRADABLE 0
185 344 247 344 247 400 185 400 BIODEGRADABLE 0
349 290 415 290 415 361 349 361 BIODEGRADABLE 0
337 336 380 336 380 384 337 384 BIODEGRADABLE 0
281 316 356 316 356 379 281 379 BIODEGRADABLE 0
212 296 285 296 285 358 212 358 BIODEGRADABLE 0
249 354 283 354 283 375 249 375 BIODEGRADABLE 0
138 313 212.99999999999997 313 212.99999999999997 349 138 349 BIODEGRADABLE 0
138 278 206 278 206 336 138 336 BIODEGRADABLE 0
97 249 163 249 163 309 97 309 BIODEGRADABLE 0
166 239.99999999999997 232 239.99999999999997 232 294 166 294 BIODEGRADABLE 0
209 225 249 225 249 259 209 259 BIODEGRADABLE 0
202 286 236 286 236 320 202 320 BIODEGRADABLE 0
279 283 317 283 317 321 279 321 BIODEGRADABLE 0
229.00000000000003 241.00000000000003 309 241.00000000000003 309 301 229.00000000000003 301 BIODEGRADABLE 0
284 199 382 199 382 260 284 260 BIODEGRADABLE 0
204 166 311 166 311 228.00000000000003 204 228.00000000000003 BIODEGRADABLE 0
119.99999999999999 188 208 188 208 256 119.99999999999999 256 BIODEGRADABLE 0
119.99999999999999 127.00000000000001 234 127.00000000000001 234 188 119.99999999999999 188 BIODEGRADABLE 0
79 132 133 132 133 190 79 190 BIODEGRADABLE 0
34 180 116 180 116 230 34 230 BIODEGRADABLE 0
2 299 146 299 146 394 2 394 BIODEGRADABLE 0
2 264 22 264 22 314 2 314 BIODEGRADABLE 0
3 312 41 312 41 340 3 340 BIODEGRADABLE 0
3 169 99 169 99 328 3 328 BIODEGRADABLE 0
14.999999999999998 125.99999999999999 71 125.99999999999999 71 182 14.999999999999998 182 BIODEGRADABLE 0
48 111 80 111 80 163 48 163 BIODEGRADABLE 0
129 89 185 89 185 125.99999999999999 129 125.99999999999999 BIODEGRADABLE 0
118 106.99999999999999 150 106.99999999999999 150 137 118 137 BIODEGRADABLE 0
48 55 140 55 140 115 48 115 BIODEGRADABLE 0
77 114.00000000000001 119.99999999999999 114.00000000000001 119.99999999999999 140 77 140 BIODEGRADABLE 0
17 92 59.99999999999999 92 59.99999999999999 122 17 122 BIODEGRADABLE 0
14.999999999999998 47 65 47 65 93 14.999999999999998 93 BIODEGRADABLE 0
65 42 125 42 125 66 65 66 BIODEGRADABLE 0
137 61 180 61 180 90 137 90 BIODEGRADABLE 0
170 68 228.00000000000003 68 228.00000000000003 112.99999999999999 170 112.99999999999999 BIODEGRADABLE 0
180 45 226.99999999999997 45 226.99999999999997 79 180 79 BIODEGRADABLE 0
226.99999999999997 18 270 18 270 64 226.99999999999997 64 BIODEGRADABLE 0
191 2 241.00000000000003 2 241.00000000000003 48 191 48 BIODEGRADABLE 0
141 16 191 16 191 64 141 64 BIODEGRADABLE 0
118 39 142 39 142 62.99999999999999 118 62.99999999999999 BIODEGRADABLE 0
75 1 143 1 143 44 75 44 BIODEGRADABLE 0
36 4 86 4 86 52 36 52 BIODEGRADABLE 0
141 7 191 7 191 25 141 25 BIODEGRADABLE 0
307 116 412 116 412 217 307 217 BIODEGRADABLE 0
313 224 397 224 397 320 313 320 BIODEGRADABLE 0
291 84 415 84 415 182 291 182 BIODEGRADABLE 0
277 89 393 89 393 169 277 169 BIODEGRADABLE 0
324 74 397 74 397 125.99999999999999 324 125.99999999999999 BIODEGRADABLE 0
251 47 412 47 412 167 251 167 BIODEGRADABLE 0
245 39 397 39 397 147 245 147 BIODEGRADABLE 0
230 146 256 146 256 172 230 172 BIODEGRADABLE 0
331 18 399 18 399 62.99999999999999 331 62.99999999999999 BIODEGRADABLE 0
219 52 369 52 369 137 219 137 BIODEGRADABLE 0
196 10 382 10 382 130 196 130 BIODEGRADABLE 0
271 18 337 18 337 71 271 71 BIODEGRADABLE 0
226.99999999999997 29 311 29 311 97 226.99999999999997 97 BIODEGRADABLE 0