66 295 150 295 150 372 66 372 BIODEGRADABLE 0
130 333 166 333 166 369 130 369 BIODEGRADABLE 0
137 336 228.00000000000003 336 228.00000000000003 398 137 398 BIODEGRADABLE 0
150 289 234 289 234 337 150 337 BIODEGRADABLE 0
128 297 232 297 232 333 128 333 BIODEGRADABLE 0
41 280 73 280 73 296 41 296 BIODEGRADABLE 0
37 265 55 265 55 277 37 277 BIODEGRADABLE 0
32 245 48 245 48 259 32 259 BIODEGRADABLE 0
25 229.00000000000003 45 229.00000000000003 45 247 25 247 BIODEGRADABLE 0
46 222 64 222 64 242.00000000000003 46 242.00000000000003 BIODEGRADABLE 0
57.00000000000001 234 79 234 79 250 57.00000000000001 250 BIODEGRADABLE 0
50 247 64 247 64 263 50 263 BIODEGRADABLE 0
55 265 73 265 73 277 55 277 BIODEGRADABLE 0
75 275 100 275 100 289 75 289 BIODEGRADABLE 0
75 262 105 262 105 277 75 277 BIODEGRADABLE 0
64 250 80 250 80 264 64 264 BIODEGRADABLE 0
64 225.99999999999997 80 225.99999999999997 80 235 64 235 BIODEGRADABLE 0
82 225.99999999999997 98 225.99999999999997 98 238 82 238 BIODEGRADABLE 0
80 239.99999999999997 96 239.99999999999997 96 250 80 250 BIODEGRADABLE 0
96 251.99999999999997 114.00000000000001 251.99999999999997 114.00000000000001 268 96 268 BIODEGRADABLE 0
82 251 94 251 94 260 82 260 BIODEGRADABLE 0
105 263 125 263 125 283 105 283 BIODEGRADABLE 0
118 252.99999999999997 134 252.99999999999997 134 269 118 269 BIODEGRADABLE 0
125 267 141 267 141 282 125 282 BIODEGRADABLE 0
118 241.00000000000003 134 241.00000000000003 134 252.99999999999997 118 252.99999999999997 BIODEGRADABLE 0
98 233 118 233 118 248 98 248 BIODEGRADABLE 0
110 224 132 224 132 238.99999999999997 110 238.99999999999997 BIODEGRADABLE 0
14 174 52 174 52 198 14 198 BIODEGRADABLE 0
52 185 93 185 93 217 52 217 BIODEGRADABLE 0
48 168 80 168 80 188 48 188 BIODEGRADABLE 0
73 165 93 165 93 179 73 179 BIODEGRADABLE 0
80 147 116 147 116 169 80 169 BIODEGRADABLE 0
93 183 125 183 125 207 93 207 BIODEGRADABLE 0
29.999999999999996 141 80 141 80 168 29.999999999999996 168 BIODEGRADABLE 0
70 129 100 129 100 153 70 153 BIODEGRADABLE 0
55 135 69 135 69 144 55 144 BIODEGRADABLE 0
255.00000000000003 94 337 94 337 146 255.00000000000003 146 BIODEGRADABLE 0
205 87 273 87 273 135 205 135 BIODEGRADABLE 0
216.00000000000003 38 291 38 291 94 216.00000000000003 94 BIODEGRADABLE 0
275 57.00000000000001 353 57.00000000000001 353 109 275 109 BIODEGRADABLE 0
130 88 189 88 189 124 130 124 BIODEGRADABLE 0
106.99999999999999 124 205 124 205 145 106.99999999999999 145 BIODEGRADABLE 0
168 144 230 144 230 196 168 196 BIODEGRADABLE 0
137 183 205 183 205 209 137 209 BIODEGRADABLE 0
89 168 169 168 169 186 89 186 BIODEGRADABLE 0
116 145 173 145 173 171 116 171 BIODEGRADABLE 0
229.00000000000003 285 307 285 307 335 229.00000000000003 335 BIODEGRADABLE 0
230 334 273 334 273 354 230 354 BIODEGRADABLE 0
305 304 369 304 369 344 305 344 BIODEGRADABLE 0
362 319 382 319 382 334 362 334 BIODEGRADABLE 0
344 283 378 283 378 307 344 307 BIODEGRADABLE 0
302 191 348 191 348 305 302 305 BIODEGRADABLE 0
271 258 305 258 305 279 271 279 BIODEGRADABLE 0
182 256 230 256 230 303 182 303 BIODEGRADABLE 0
166 271 228.00000000000003 271 228.00000000000003 317 166 317 BIODEGRADABLE 0
146 233 213.99999999999997 233 213.99999999999997 267 146 267 BIODEGRADABLE 0
187 229.00000000000003 221 229.00000000000003 221 251 187 251 BIODEGRADABLE 0
134 224 175 224 175 242.00000000000003 134 242.00000000000003 BIODEGRADABLE 0
128 213.99999999999997 164 213.99999999999997 164 230 128 230 BIODEGRADABLE 0
141 201 198 201 198 226.99999999999997 141 226.99999999999997 BIODEGRADABLE 0
198 204 244 204 244 245 198 245 BIODEGRADABLE 0
221 178 251 178 251 230 221 230 BIODEGRADABLE 0
243 237 268 237 268 265 243 265 BIODEGRADABLE 0
228.00000000000003 254.00000000000003 269 254.00000000000003 269 288 228.00000000000003 288 BIODEGRADABLE 0
279 331 307 331 307 363 279 363 BIODEGRADABLE 0
230 153 305 153 305 261 230 261 BIODEGRADABLE 0
259 191 405 191 405 238.99999999999997 259 238.99999999999997 BIODEGRADABLE 0
255.00000000000003 161 378 161 378 215.00000000000003 255.00000000000003 215.00000000000003 BIODEGRADABLE 0
213.99999999999997 137 328 137 328 164 213.99999999999997 164 BIODEGRADABLE 0
257 146 369 146 369 182 257 182 BIODEGRADABLE 0
54.00000000000001 85 66 85 66 105 54.00000000000001 105 BIODEGRADABLE 0
66 103 80 103 80 123 66 123 BIODEGRADABLE 0
64 86 94 86 94 130 64 130 BIODEGRADABLE 0
59 70 100 70 100 124 59 124 BIODEGRADABLE 0
71 74 125 74 125 124 71 124 BIODEGRADABLE 0
94 102 112 102 112 125.99999999999999 94 125.99999999999999 BIODEGRADABLE 0
96 86 125.99999999999999 86 125.99999999999999 121.00000000000001 96 121.00000000000001 BIODEGRADABLE 0
118 105 143 105 143 114.00000000000001 118 114.00000000000001 BIODEGRADABLE 0
114.00000000000001 94 146 94 146 108.00000000000001 114.00000000000001 108.00000000000001 BIODEGRADABLE 0
57.00000000000001 49 135 49 135 99 57.00000000000001 99 BIODEGRADABLE 0
87 69 139 69 139 97 87 97 BIODEGRADABLE 0
62 46 105 46 105 74 62 74 BIODEGRADABLE 0
73 44 157 44 157 94 73 94 BIODEGRADABLE 0
73 37 164 37 164 85 73 85 BIODEGRADABLE 0
136 68 164 68 164 76 136 76 BIODEGRADABLE 0
139 77 177 77 177 86 139 86 BIODEGRADABLE 0
102 23 180 23 180 49 102 49 BIODEGRADABLE 0
112 14 164 14 164 59.99999999999999 112 59.99999999999999 BIODEGRADABLE 0
130 44 194 44 194 65 130 65 BIODEGRADABLE 0
155 55 193 55 193 65 155 65 BIODEGRADABLE 0
162 59.99999999999999 203 59.99999999999999 203 70 162 70 BIODEGRADABLE 0