263 198 353 198 353 287 263 287 BIODEGRADABLE 0
224 163 314 163 314 221 224 221 BIODEGRADABLE 0
250 237 298 237 298 300 250 300 BIODEGRADABLE 0
172 235 272 235 272 339 172 339 BIODEGRADABLE 0
237 98 327 98 327 185 237 185 BIODEGRADABLE 0
194 74 263 74 263 168 194 168 BIODEGRADABLE 0
124 65 215.00000000000003 65 215.00000000000003 153 124 153 BIODEGRADABLE 0
125.99999999999999 157 228.00000000000003 157 228.00000000000003 257 125.99999999999999 257 BIODEGRADABLE 0
85 261 174 261 174 346 85 346 BIODEGRADABLE 0
150 257 198 257 198 315 150 315 BIODEGRADABLE 0
87 233 163 233 163 281 87 281 BIODEGRADABLE 0
34 163 125.99999999999999 163 125.99999999999999 250 34 250 BIODEGRADABLE 0
87 109 145 109 145 176 87 176 BIODEGRADABLE 0