0 2 415 2 415 415 0 415 BIODEGRADABLE 0
366 50 414 50 414 412 366 412 BIODEGRADABLE 0
331 22 414 22 414 398 331 398 BIODEGRADABLE 0
266 6 368 6 368 388 266 388 BIODEGRADABLE 0
333 2 377 2 377 378 333 378 BIODEGRADABLE 0
261 35 287 35 287 375 261 375 BIODEGRADABLE 0
273 13 306 13 306 415 273 415 BIODEGRADABLE 0
212.99999999999997 37 241.00000000000003 37 241.00000000000003 390 212.99999999999997 390 BIODEGRADABLE 0
225.99999999999997 9 265 9 265 414 225.99999999999997 414 BIODEGRADABLE 0
151 28 185 28 185 263 151 263 BIODEGRADABLE 0
172 2 202 2 202 414 172 414 BIODEGRADABLE 0
187 29.999999999999996 211 29.999999999999996 211 368 187 368 BIODEGRADABLE 0
111 23 179 23 179 376 111 376 BIODEGRADABLE 0
128 2 156 2 156 106 128 106 BIODEGRADABLE 0
104 2 130 2 130 59.99999999999999 104 59.99999999999999 BIODEGRADABLE 0
85 35 170 35 170 407 85 407 BIODEGRADABLE 0
4 28 112.99999999999999 28 112.99999999999999 194 4 194 BIODEGRADABLE 0
52 57.00000000000001 100 57.00000000000001 100 161 52 161 BIODEGRADABLE 0
37 2 93 2 93 407 37 407 BIODEGRADABLE 0
1 49 41 49 41 261 1 261 BIODEGRADABLE 0