181 287 248 287 248 338 181 338 BIODEGRADABLE 0
195 359 257 359 257 402 195 402 BIODEGRADABLE 0
110 344 162 344 162 389 110 389 BIODEGRADABLE 0
50 369 128 369 128 412 50 412 BIODEGRADABLE 0
18 399 90 399 90 415 18 415 BIODEGRADABLE 0
43 330 81 330 81 364 43 364 BIODEGRADABLE 0
87 308 123 308 123 345 87 345 BIODEGRADABLE 0
134 313 161 313 161 333 134 333 BIODEGRADABLE 0
168 330 208 330 208 352 168 352 BIODEGRADABLE 0
242.00000000000003 273 294 273 294 321 242.00000000000003 321 BIODEGRADABLE 0
201 255.00000000000003 237 255.00000000000003 237 301 201 301 BIODEGRADABLE 0
325 356 383 356 383 390 325 390 BIODEGRADABLE 0
352 389 414 389 414 415 352 415 BIODEGRADABLE 0
378 347 415 347 415 396 378 396 BIODEGRADABLE 0
400 243 415 243 415 266 400 266 BIODEGRADABLE 0
389 258 415 258 415 287 389 287 BIODEGRADABLE 0
400 288 415 288 415 311 400 311 BIODEGRADABLE 0
392 310 416 310 416 334 392 334 BIODEGRADABLE 0
150 245 186 245 186 276 150 276 BIODEGRADABLE 0
132 213.99999999999997 172 213.99999999999997 172 257 132 257 BIODEGRADABLE 0
101 237 130 237 130 268 101 268 BIODEGRADABLE 0
94 131 128 131 128 157 94 157 BIODEGRADABLE 0
67 98 106.99999999999999 98 106.99999999999999 150 67 150 BIODEGRADABLE 0
27.000000000000004 133 69 133 69 161 27.000000000000004 161 BIODEGRADABLE 0
16 191 48 191 48 225 16 225 BIODEGRADABLE 0
148 112.99999999999999 186 112.99999999999999 186 150 148 150 BIODEGRADABLE 0
179 92 225.99999999999997 92 225.99999999999997 122 179 122 BIODEGRADABLE 0
139 90 168 90 168 121.00000000000001 139 121.00000000000001 BIODEGRADABLE 0
115 111 139 111 139 139 115 139 BIODEGRADABLE 0
309 105 353 105 353 139 309 139 BIODEGRADABLE 0
309 82 349 82 349 110 309 110 BIODEGRADABLE 0
251 74 298 74 298 105 251 105 BIODEGRADABLE 0
237 82 257 82 257 104 237 104 BIODEGRADABLE 0
255.00000000000003 43 295 43 295 80 255.00000000000003 80 BIODEGRADABLE 0
318 59.99999999999999 352 59.99999999999999 352 88 318 88 BIODEGRADABLE 0
364 68 396 68 396 105 364 105 BIODEGRADABLE 0
389 93 415 93 415 114.00000000000001 389 114.00000000000001 BIODEGRADABLE 0
384 110 415 110 415 138 384 138 BIODEGRADABLE 0
378 138 415 138 415 173 378 173 BIODEGRADABLE 0
351 12 380 12 380 42 351 42 BIODEGRADABLE 0
300 13 347 13 347 45 300 45 BIODEGRADABLE 0
264 29.999999999999996 296 29.999999999999996 296 62 264 62 BIODEGRADABLE 0
216.00000000000003 1 242.00000000000003 1 242.00000000000003 9 216.00000000000003 9 BIODEGRADABLE 0
177 9 212.99999999999997 9 212.99999999999997 26 177 26 BIODEGRADABLE 0
163 1 189 1 189 16 163 16 BIODEGRADABLE 0
153 12 175 12 175 42 153 42 BIODEGRADABLE 0
112 28 164 28 164 59 112 59 BIODEGRADABLE 0
13 1 59.99999999999999 1 59.99999999999999 16 13 16 BIODEGRADABLE 0
364 1 415 1 415 35 364 35 BIODEGRADABLE 0
393 68 415 68 415 85 393 85 BIODEGRADABLE 0
382 35 415 35 415 54.00000000000001 382 54.00000000000001 BIODEGRADABLE 0
351 116 371 116 371 139 351 139 BIODEGRADABLE 0
3 375 43 375 43 406 3 406 BIODEGRADABLE 0
262 398 302 398 302 415 262 415 BIODEGRADABLE 0
252.99999999999997 330 289 330 289 373 252.99999999999997 373 BIODEGRADABLE 0