197 236 233 236 233 266 197 266 BIODEGRADABLE 0
218 278 233 278 233 313 218 313 BIODEGRADABLE 0
198 306 218 306 218 340 198 340 BIODEGRADABLE 0
48 212.99999999999997 250 212.99999999999997 250 375 48 375 BIODEGRADABLE 0
54.00000000000001 251.99999999999997 90 251.99999999999997 90 276 54.00000000000001 276 BIODEGRADABLE 0
171 209 199 209 199 238.99999999999997 171 238.99999999999997 BIODEGRADABLE 0
192 207 224 207 224 233 192 233 BIODEGRADABLE 0
50 153 177 153 177 255.00000000000003 50 255.00000000000003 BIODEGRADABLE 0
302 160 332 160 332 188 302 188 BIODEGRADABLE 0
160 105 302 105 302 212 160 212 BIODEGRADABLE 0
41 32 276 32 276 152 41 152 BIODEGRADABLE 0