80 103 294 103 294 384 80 384 BIODEGRADABLE 0
10 212.99999999999997 132 212.99999999999997 132 393 10 393 BIODEGRADABLE 0
2 356 95 356 95 414 2 414 BIODEGRADABLE 0
124 352 282 352 282 414 124 414 BIODEGRADABLE 0
272 172 416 172 416 382 272 382 BIODEGRADABLE 0
202 0 328 0 328 148 202 148 BIODEGRADABLE 0
58 22 208 22 208 183 58 183 BIODEGRADABLE 0
33 19 111 19 111 219 33 219 BIODEGRADABLE 0
378 13 416 13 416 185 378 185 BIODEGRADABLE 0
319 0 405 0 405 103 319 103 BIODEGRADABLE 0
299 0 351 0 351 24 299 24 BIODEGRADABLE 0
124 0 225 0 225 32 124 32 BIODEGRADABLE 0
43 0 119 0 119 35 43 35 BIODEGRADABLE 0
1 0 46 0 46 37 1 37 BIODEGRADABLE 0
388 0 415 0 415 19 388 19 BIODEGRADABLE 0