1 343 74 343 74 413 1 413 BIODEGRADABLE 0
1 206 31 206 31 365 1 365 BIODEGRADABLE 0
2 92 44 92 44 257 2 257 BIODEGRADABLE 0
28 265 77 265 77 400 28 400 BIODEGRADABLE 0
66 235 171 235 171 411 66 411 BIODEGRADABLE 0
108.00000000000001 392 173 392 173 414 108.00000000000001 414 BIODEGRADABLE 0
317 265 415 265 415 414 317 414 BIODEGRADABLE 0
375 1 415 1 415 238.99999999999997 375 238.99999999999997 BIODEGRADABLE 0
344 1 410 1 410 262 344 262 BIODEGRADABLE 0
380 239.99999999999997 415 239.99999999999997 415 298 380 298 BIODEGRADABLE 0
353 198 373 198 373 268 353 268 BIODEGRADABLE 0
316 184 354 184 354 298 316 298 BIODEGRADABLE 0
278 273 318 273 318 400 278 400 BIODEGRADABLE 0
261 360 293 360 293 414 261 414 BIODEGRADABLE 0
234 384 263 384 263 414 234 414 BIODEGRADABLE 0
296 378 316 378 316 413 296 413 BIODEGRADABLE 0
228.00000000000003 297 279 297 279 373 228.00000000000003 373 BIODEGRADABLE 0
230 349 256 349 256 381 230 381 BIODEGRADABLE 0
193 373 233 373 233 413 193 413 BIODEGRADABLE 0
173 373 193 373 193 413 173 413 BIODEGRADABLE 0
45 35 143 35 143 262 45 262 BIODEGRADABLE 0
1 0 97 0 97 130 1 130 BIODEGRADABLE 0
188 239.99999999999997 224 239.99999999999997 224 362 188 362 BIODEGRADABLE 0
168 267 206 267 206 381 168 381 BIODEGRADABLE 0
134 222 176 222 176 303 134 303 BIODEGRADABLE 0
106.99999999999999 184 147 184 147 265 106.99999999999999 265 BIODEGRADABLE 0
73 219 101 219 101 267 73 267 BIODEGRADABLE 0
154 152 196 152 196 238 154 238 BIODEGRADABLE 0
186 124 242.00000000000003 124 242.00000000000003 192 186 192 BIODEGRADABLE 0
203 157 255.00000000000003 157 255.00000000000003 230 203 230 BIODEGRADABLE 0
222 198 270 198 270 287 222 287 BIODEGRADABLE 0
200 230 233 230 233 298 200 298 BIODEGRADABLE 0
163 57.00000000000001 207 57.00000000000001 207 143 163 143 BIODEGRADABLE 0
175 3 212.99999999999997 3 212.99999999999997 76 175 76 BIODEGRADABLE 0
144 19 160 19 160 105 144 105 BIODEGRADABLE 0
118 19 149 19 149 125 118 125 BIODEGRADABLE 0
92 0 132 0 132 76 92 76 BIODEGRADABLE 0
95 1 185 1 185 35 95 35 BIODEGRADABLE 0
216.00000000000003 1 320 1 320 100 216.00000000000003 100 BIODEGRADABLE 0
238.99999999999997 100 279 100 279 216.00000000000003 238.99999999999997 216.00000000000003 BIODEGRADABLE 0
265 165 305 165 305 226.99999999999997 265 226.99999999999997 BIODEGRADABLE 0
248 211 288 211 288 303 248 303 BIODEGRADABLE 0
288 230 322 230 322 292 288 292 BIODEGRADABLE 0
304 127.00000000000001 348 127.00000000000001 348 200 304 200 BIODEGRADABLE 0
298 182 318 182 318 230 298 230 BIODEGRADABLE 0
300 19 340 19 340 125 300 125 BIODEGRADABLE 0
266 67 296 67 296 127.00000000000001 266 127.00000000000001 BIODEGRADABLE 0
277 127.00000000000001 295 127.00000000000001 295 159 277 159 BIODEGRADABLE 0
257 57.00000000000001 276 57.00000000000001 276 92 257 92 BIODEGRADABLE 0
0 1 415 1 415 415 0 415 BIODEGRADABLE 0