264 162 328 162 328 202 264 202 BIODEGRADABLE 0
241.00000000000003 127.00000000000001 295 127.00000000000001 295 173 241.00000000000003 173 BIODEGRADABLE 0
189 132 261 132 261 168 189 168 BIODEGRADABLE 0
175 83 237 83 237 129 175 129 BIODEGRADABLE 0
146 47 203 47 203 87 146 87 BIODEGRADABLE 0
96 52 146 52 146 80 96 80 BIODEGRADABLE 0
80 80 144 80 144 130 80 130 BIODEGRADABLE 0
137 85 173 85 173 125 137 125 BIODEGRADABLE 0
148 122 212 122 212 150 148 150 BIODEGRADABLE 0
106.99999999999999 136 177 136 177 177 106.99999999999999 177 BIODEGRADABLE 0
73 116 116 116 116 168 73 168 BIODEGRADABLE 0
75 165 150 165 150 200 75 200 BIODEGRADABLE 0
57.00000000000001 189 121.00000000000001 189 121.00000000000001 229.00000000000003 57.00000000000001 229.00000000000003 BIODEGRADABLE 0
77 226.99999999999997 123 226.99999999999997 123 254.00000000000003 77 254.00000000000003 BIODEGRADABLE 0
66 252.99999999999997 125 252.99999999999997 125 302 66 302 BIODEGRADABLE 0
123 242.00000000000003 153 242.00000000000003 153 283 123 283 BIODEGRADABLE 0
119 215.00000000000003 173 215.00000000000003 173 251 119 251 BIODEGRADABLE 0
128 189 198 189 198 236 128 236 BIODEGRADABLE 0
166 184 186 184 186 200 166 200 BIODEGRADABLE 0
184 164 248 164 248 199 184 199 BIODEGRADABLE 0
282 196 302 196 302 218 282 218 BIODEGRADABLE 0
244 194 287 194 287 222 244 222 BIODEGRADABLE 0
175 330 225 330 225 380 175 380 BIODEGRADABLE 0
132 347 170 347 170 382 132 382 BIODEGRADABLE 0
69 338 141 338 141 379 69 379 BIODEGRADABLE 0
98 315 168 315 168 355 98 355 BIODEGRADABLE 0
78 298 128 298 128 338 78 338 BIODEGRADABLE 0
111 276 189 276 189 318 111 318 BIODEGRADABLE 0
148 248 189 248 189 286 148 286 BIODEGRADABLE 0
168 204 246 204 246 257 168 257 BIODEGRADABLE 0
237 220 287 220 287 268 237 268 BIODEGRADABLE 0
267 223 305 223 305 270 267 270 BIODEGRADABLE 0
246 262 271 262 271 292 246 292 BIODEGRADABLE 0
198 263 257 263 257 297 198 297 BIODEGRADABLE 0
196 291 262 291 262 329 196 329 BIODEGRADABLE 0