276 298 414 298 414 394 276 394 BIODEGRADABLE 0
164 270 387 270 387 415 164 415 BIODEGRADABLE 0
64 359 360 359 360 415 64 415 BIODEGRADABLE 0
19 289 137 289 137 366 19 366 BIODEGRADABLE 0
3 350 78 350 78 415 3 415 BIODEGRADABLE 0
0 321 29.999999999999996 321 29.999999999999996 374 0 374 BIODEGRADABLE 0
136 324 266 324 266 394 136 394 BIODEGRADABLE 0
262 363 330 363 330 409 262 409 BIODEGRADABLE 0
114.00000000000001 221 213.99999999999997 221 213.99999999999997 303 114.00000000000001 303 BIODEGRADABLE 0
62 195 164 195 164 286 62 286 BIODEGRADABLE 0
1 204 59 204 59 268 1 268 BIODEGRADABLE 0
1 239.99999999999997 66 239.99999999999997 66 285 1 285 BIODEGRADABLE 0
1 294 23 294 23 322 1 322 BIODEGRADABLE 0
200 204 357 204 357 309 200 309 BIODEGRADABLE 0
286 173 414 173 414 311 286 311 BIODEGRADABLE 0
394 207 414 207 414 283 394 283 BIODEGRADABLE 0
328 125.99999999999999 398 125.99999999999999 398 176 328 176 BIODEGRADABLE 0
241.00000000000003 106.99999999999999 357 106.99999999999999 357 177 241.00000000000003 177 BIODEGRADABLE 0
225 174 275 174 275 218 225 218 BIODEGRADABLE 0
84 103 243 103 243 211 84 211 BIODEGRADABLE 0
7 146 111 146 111 224 7 224 BIODEGRADABLE 0
1 92 37 92 37 206 1 206 BIODEGRADABLE 0
1 37 39 37 39 91 1 91 BIODEGRADABLE 0
25 41 111 41 111 65 25 65 BIODEGRADABLE 0
11 56 106.99999999999999 56 106.99999999999999 133 11 133 BIODEGRADABLE 0
25 24 273 24 273 148 25 148 BIODEGRADABLE 0
93 0 213.99999999999997 0 213.99999999999997 55 93 55 BIODEGRADABLE 0
39 41 105 41 105 65 39 65 BIODEGRADABLE 0
160 1 298 1 298 79 160 79 BIODEGRADABLE 0
246 39 362 39 362 115 246 115 BIODEGRADABLE 0
352 0 414 0 414 211 352 211 BIODEGRADABLE 0
202 0 362 0 362 43 202 43 BIODEGRADABLE 0
1 0 89 0 89 44 1 44 BIODEGRADABLE 0
75 1 137 1 137 23 75 23 BIODEGRADABLE 0
1 0 415 0 415 415 1 415 BIODEGRADABLE 0