2 124 134 124 134 334 2 334 BIODEGRADABLE 0
151 156 275 156 275 334 151 334 BIODEGRADABLE 0
135 180 308 180 308 354 135 354 BIODEGRADABLE 0
80 293 180 293 180 377 80 377 BIODEGRADABLE 0
106.99999999999999 102 320 102 320 243 106.99999999999999 243 BIODEGRADABLE 0
106.99999999999999 37 321 37 321 145 106.99999999999999 145 BIODEGRADABLE 0
2 2 261 2 261 139 2 139 BIODEGRADABLE 0
2 109 21 109 21 163 2 163 BIODEGRADABLE 0
302 121.00000000000001 380 121.00000000000001 380 191 302 191 BIODEGRADABLE 0
302 189 334 189 334 265 302 265 BIODEGRADABLE 0
318 89 344 89 344 124 318 124 BIODEGRADABLE 0
193 1 415 1 415 94 193 94 BIODEGRADABLE 0