25 3 99 3 99 64 25 64 BIODEGRADABLE 0
1 3 35 3 35 71 1 71 BIODEGRADABLE 0
13 49 76 49 76 139 13 139 BIODEGRADABLE 0
2 66 65 66 65 172 2 172 BIODEGRADABLE 0
24 157 100 157 100 247 24 247 BIODEGRADABLE 0
1 165 25 165 25 251.99999999999997 1 251.99999999999997 BIODEGRADABLE 0
21 221 78 221 78 305 21 305 BIODEGRADABLE 0
2 239.99999999999997 43 239.99999999999997 43 324 2 324 BIODEGRADABLE 0
95 3 155 3 155 73 95 73 BIODEGRADABLE 0
75 42 105 42 105 108.00000000000001 75 108.00000000000001 BIODEGRADABLE 0
99 68 162 68 162 162 99 162 BIODEGRADABLE 0
66 76 106 76 106 172 66 172 BIODEGRADABLE 0
101 158 119.99999999999999 158 119.99999999999999 200 101 200 BIODEGRADABLE 0
79 200 135 200 135 290 79 290 BIODEGRADABLE 0
67 256 101 256 101 308 67 308 BIODEGRADABLE 0
16 306 66 306 66 381 16 381 BIODEGRADABLE 0
2 323 18 323 18 367 2 367 BIODEGRADABLE 0
1 352 41 352 41 415 1 415 BIODEGRADABLE 0
39 378 104 378 104 415 39 415 BIODEGRADABLE 0
56 312 112.99999999999999 312 112.99999999999999 402 56 402 BIODEGRADABLE 0
98 289 152 289 152 362 98 362 BIODEGRADABLE 0
129 334 165 334 165 398 129 398 BIODEGRADABLE 0
106 359 174 359 174 415 106 415 BIODEGRADABLE 0
158 343 203 343 203 411 158 411 BIODEGRADABLE 0
125.99999999999999 230 180 230 180 343 125.99999999999999 343 BIODEGRADABLE 0
122 134 202 134 202 254.00000000000003 122 254.00000000000003 BIODEGRADABLE 0
157 75 177 75 177 129 157 129 BIODEGRADABLE 0
153 3 235 3 235 111 153 111 BIODEGRADABLE 0
237 3 321 3 321 97 237 97 BIODEGRADABLE 0
224 56 281 56 281 146 224 146 BIODEGRADABLE 0
177 89 245 89 245 181 177 181 BIODEGRADABLE 0
203 169 245 169 245 219 203 219 BIODEGRADABLE 0
165 205 247 205 247 351 165 351 BIODEGRADABLE 0
171 325 226.99999999999997 325 226.99999999999997 365 171 365 BIODEGRADABLE 0
202 329 262 329 262 415 202 415 BIODEGRADABLE 0
278 24 354 24 354 151 278 151 BIODEGRADABLE 0
346 2 415 2 415 57.00000000000001 346 57.00000000000001 BIODEGRADABLE 0
318 2 346 2 346 26 318 26 BIODEGRADABLE 0
371 2 415 2 415 43 371 43 BIODEGRADABLE 0
368 42 415 42 415 99 368 99 BIODEGRADABLE 0
348 35 396 35 396 94 348 94 BIODEGRADABLE 0
388 94 415 94 415 128 388 128 BIODEGRADABLE 0
360 91 415 91 415 197 360 197 BIODEGRADABLE 0
332 188 402 188 402 301 332 301 BIODEGRADABLE 0
276 146 349 146 349 256 276 256 BIODEGRADABLE 0
245 139 285 139 285 229.00000000000003 245 229.00000000000003 BIODEGRADABLE 0
235 209 263 209 263 268 235 268 BIODEGRADABLE 0
233 294 263 294 263 334 233 334 BIODEGRADABLE 0
248 225.99999999999997 324 225.99999999999997 324 344 248 344 BIODEGRADABLE 0
322 251.99999999999997 342 251.99999999999997 342 299 322 299 BIODEGRADABLE 0
370 296 400 296 400 332 370 332 BIODEGRADABLE 0
392 246 415 246 415 326 392 326 BIODEGRADABLE 0
400 193 415 193 415 248 400 248 BIODEGRADABLE 0
336 118 371 118 371 184 336 184 BIODEGRADABLE 0
404 319 415 319 415 360 404 360 BIODEGRADABLE 0
364 332 416 332 416 416 364 416 BIODEGRADABLE 0
295 301 371 301 371 399 295 399 BIODEGRADABLE 0
256 336 307 336 307 395 256 395 BIODEGRADABLE 0
261 376 361 376 361 415 261 415 BIODEGRADABLE 0