174 72 408 72 408 340 174 340 BIODEGRADABLE 0
109 90 368 90 368 221 109 221 BIODEGRADABLE 0
249 111 379 111 379 255.00000000000003 249 255.00000000000003 BIODEGRADABLE 0
376 156 411 156 411 250 376 250 BIODEGRADABLE 0
198 268 342 268 342 414 198 414 BIODEGRADABLE 0
257 230 369 230 369 396 257 396 BIODEGRADABLE 0
138 171 255.00000000000003 171 255.00000000000003 342 138 342 BIODEGRADABLE 0
146 304 196 304 196 374 146 374 BIODEGRADABLE 0
121.00000000000001 324 163 324 163 394 121.00000000000001 394 BIODEGRADABLE 0
89 342 125 342 125 409 89 409 BIODEGRADABLE 0
117 387 160 387 160 414 117 414 BIODEGRADABLE 0
150 384 185 384 185 414 150 414 BIODEGRADABLE 0
119 305 145 305 145 357 119 357 BIODEGRADABLE 0
70 277 119.99999999999999 277 119.99999999999999 359 70 359 BIODEGRADABLE 0
53 342 91 342 91 402 53 402 BIODEGRADABLE 0
10 295 68 295 68 374 10 374 BIODEGRADABLE 0
52 256 94 256 94 310 52 310 BIODEGRADABLE 0
106 255.00000000000003 138 255.00000000000003 138 305 106 305 BIODEGRADABLE 0
91 243 119.99999999999999 243 119.99999999999999 280 91 280 BIODEGRADABLE 0
117 235 142 235 142 265 117 265 BIODEGRADABLE 0
54.00000000000001 208 100 208 100 272 54.00000000000001 272 BIODEGRADABLE 0
28 250 57.00000000000001 250 57.00000000000001 300 28 300 BIODEGRADABLE 0
1 221 21 221 21 320 1 320 BIODEGRADABLE 0
23 196 53 196 53 268 23 268 BIODEGRADABLE 0
2 186 23 186 23 228.00000000000003 2 228.00000000000003 BIODEGRADABLE 0
85 211 109 211 109 233 85 233 BIODEGRADABLE 0