146 4 210 4 210 50 146 50 BIODEGRADABLE 0
195 34 260 34 260 72 195 72 BIODEGRADABLE 0
174 66 212.99999999999997 66 212.99999999999997 95 174 95 BIODEGRADABLE 0
191 47 238 47 238 73 191 73 BIODEGRADABLE 0
116 37 180 37 180 89 116 89 BIODEGRADABLE 0
144 79 181 79 181 99 144 99 BIODEGRADABLE 0
176 96 208 96 208 116 176 116 BIODEGRADABLE 0
210 69 272 69 272 121.00000000000001 210 121.00000000000001 BIODEGRADABLE 0
258 69 294 69 294 111 258 111 BIODEGRADABLE 0
241.00000000000003 111 307 111 307 148 241.00000000000003 148 BIODEGRADABLE 0
241.00000000000003 127.00000000000001 303 127.00000000000001 303 175 241.00000000000003 175 BIODEGRADABLE 0
181 106 247 106 247 154 181 154 BIODEGRADABLE 0
122 99 182 99 182 137 122 137 BIODEGRADABLE 0
112 98 153 98 153 135 112 135 BIODEGRADABLE 0
94 137 150 137 150 182 94 182 BIODEGRADABLE 0
138 136 198 136 198 172 138 172 BIODEGRADABLE 0
185 154 245 154 245 199 185 199 BIODEGRADABLE 0
245 176 279 176 279 206 245 206 BIODEGRADABLE 0
277 172 301 172 301 202 277 202 BIODEGRADABLE 0
144 169 187 169 187 189 144 189 BIODEGRADABLE 0
105 183 159 183 159 220 105 220 BIODEGRADABLE 0
146 186 210 186 210 238 146 238 BIODEGRADABLE 0
210 198 285 198 285 251 210 251 BIODEGRADABLE 0
273 219 307 219 307 259 273 259 BIODEGRADABLE 0
234 249 288 249 288 286 234 286 BIODEGRADABLE 0
283 256 333 256 333 296 283 296 BIODEGRADABLE 0
296 291 322 291 322 317 296 317 BIODEGRADABLE 0
294 304 322 304 322 328 294 328 BIODEGRADABLE 0
260 317 320 317 320 363 260 363 BIODEGRADABLE 0
224 318 264 318 264 368 224 368 BIODEGRADABLE 0
168 328 230 328 230 368 168 368 BIODEGRADABLE 0
161 347 219 347 219 389 161 389 BIODEGRADABLE 0
95 351 155 351 155 397 95 397 BIODEGRADABLE 0
62 309 129 309 129 357 62 357 BIODEGRADABLE 0
36 300 88 300 88 342 36 342 BIODEGRADABLE 0
65 267 123 267 123 307 65 307 BIODEGRADABLE 0
86 220 144 220 144 264 86 264 BIODEGRADABLE 0
78 195 116 195 116 226.99999999999997 78 226.99999999999997 BIODEGRADABLE 0
129 236 185 236 185 278 129 278 BIODEGRADABLE 0
182 235 238 235 238 277 182 277 BIODEGRADABLE 0
167 277 236 277 236 330 167 330 BIODEGRADABLE 0
236 280 296 280 296 330 236 330 BIODEGRADABLE 0
108.00000000000001 272 170 272 170 317 108.00000000000001 317 BIODEGRADABLE 0
167 382 220 382 220 415 167 415 BIODEGRADABLE 0
212 390 238.99999999999997 390 238.99999999999997 415 212 415 BIODEGRADABLE 0
94 392 151 392 151 415 94 415 BIODEGRADABLE 0
148 374 165 374 165 403 148 403 BIODEGRADABLE 0
67 370 93 370 93 402 67 402 BIODEGRADABLE 0
34 393 94 393 94 415 34 415 BIODEGRADABLE 0
62 353 92 353 92 373 62 373 BIODEGRADABLE 0
1 318 22 318 22 346 1 346 BIODEGRADABLE 0
14.999999999999998 312 41 312 41 338 14.999999999999998 338 BIODEGRADABLE 0
1 287 22 287 22 318 1 318 BIODEGRADABLE 0
2 275 14.999999999999998 275 14.999999999999998 293 2 293 BIODEGRADABLE 0