76 2 415 2 415 321 76 321 BIODEGRADABLE 0
35 50 91 50 91 108.00000000000001 35 108.00000000000001 BIODEGRADABLE 0
2 45 36 45 36 85 2 85 BIODEGRADABLE 0
2 76 42 76 42 124 2 124 BIODEGRADABLE 0
2 137 56 137 56 215.00000000000003 2 215.00000000000003 BIODEGRADABLE 0
14.999999999999998 123 52 123 52 165 14.999999999999998 165 BIODEGRADABLE 0
41 102 75 102 75 132 41 132 BIODEGRADABLE 0
80 87 119 87 119 129 80 129 BIODEGRADABLE 0
52 117 86 117 86 154 52 154 BIODEGRADABLE 0
58 146 95 146 95 176 58 176 BIODEGRADABLE 0
91 150 125.99999999999999 150 125.99999999999999 178 91 178 BIODEGRADABLE 0
90 125.99999999999999 124 125.99999999999999 124 158 90 158 BIODEGRADABLE 0
124 117 152 117 152 145 124 145 BIODEGRADABLE 0
74 246 222 246 222 312 74 312 BIODEGRADABLE 0
67 174 133 174 133 238 67 238 BIODEGRADABLE 0
2 192 68 192 68 270 2 270 BIODEGRADABLE 0