281 151 379 151 379 212.99999999999997 281 212.99999999999997 BIODEGRADABLE 0
271 110 352 110 352 153 271 153 BIODEGRADABLE 0
213.99999999999997 85 305 85 305 128 213.99999999999997 128 BIODEGRADABLE 0
67 59.99999999999999 274 59.99999999999999 274 116 67 116 BIODEGRADABLE 0
200 50 232 50 232 61 200 61 BIODEGRADABLE 0
40 71 94 71 94 96 40 96 BIODEGRADABLE 0
96 56 130 56 130 80 96 80 BIODEGRADABLE 0
49 140 192 140 192 194 49 194 BIODEGRADABLE 0
150 110 187 110 187 144 150 144 BIODEGRADABLE 0
125 170 197 170 197 195 125 195 BIODEGRADABLE 0
175 109 222 109 222 152 175 152 BIODEGRADABLE 0
192 110 288 110 288 226.99999999999997 192 226.99999999999997 BIODEGRADABLE 0
298 213.99999999999997 367 213.99999999999997 367 260 298 260 BIODEGRADABLE 0
362 209 414 209 414 332 362 332 BIODEGRADABLE 0
348 248 414 248 414 276 348 276 BIODEGRADABLE 0
212 241.00000000000003 281 241.00000000000003 281 267 212 267 BIODEGRADABLE 0
197 209 291 209 291 252.99999999999997 197 252.99999999999997 BIODEGRADABLE 0
99 225.99999999999997 168 225.99999999999997 168 269 99 269 BIODEGRADABLE 0
81 185 160 185 160 220 81 220 BIODEGRADABLE 0
5 192 109 192 109 244 5 244 BIODEGRADABLE 0
1 229.00000000000003 64 229.00000000000003 64 293 1 293 BIODEGRADABLE 0
1 205 37 205 37 279 1 279 BIODEGRADABLE 0
1 176 35 176 35 209 1 209 BIODEGRADABLE 0
37 263 153 263 153 307 37 307 BIODEGRADABLE 0
59 244 213.99999999999997 244 213.99999999999997 294 59 294 BIODEGRADABLE 0
180 259 236 259 236 339 180 339 BIODEGRADABLE 0
204 269 276 269 276 304 204 304 BIODEGRADABLE 0
241.00000000000003 286 315 286 315 326 241.00000000000003 326 BIODEGRADABLE 0
298 291 354 291 354 326 298 326 BIODEGRADABLE 0
281 251.99999999999997 362 251.99999999999997 362 294 281 294 BIODEGRADABLE 0
3 331 244 331 244 398 3 398 BIODEGRADABLE 0
0 352 52 352 52 391 0 391 BIODEGRADABLE 0
1 307 49 307 49 352 1 352 BIODEGRADABLE 0
32 298 165 298 165 366 32 366 BIODEGRADABLE 0
247 308 323 308 323 343 247 343 BIODEGRADABLE 0
1 95 155 95 155 180 1 180 PAPER 0