46 344 190 344 190 415 46 415 BIODEGRADABLE 0
2 336 72 336 72 415 2 415 BIODEGRADABLE 0
3 276 134 276 134 344 3 344 BIODEGRADABLE 0
108.00000000000001 266 262 266 262 353 108.00000000000001 353 BIODEGRADABLE 0
177 305 367 305 367 406 177 406 BIODEGRADABLE 0
275 336 413 336 413 415 275 415 BIODEGRADABLE 0
188 192 416 192 416 347 188 347 BIODEGRADABLE 0
5 149 238.99999999999997 149 238.99999999999997 277 5 277 BIODEGRADABLE 0
3 94 185 94 185 264 3 264 BIODEGRADABLE 0
3 248 23 248 23 304 3 304 BIODEGRADABLE 0
26 66 200 66 200 166 26 166 BIODEGRADABLE 0
3 0 111 0 111 94 3 94 BIODEGRADABLE 0
380 196 415 196 415 237 380 237 BIODEGRADABLE 0
357 1 415 1 415 59.99999999999999 357 59.99999999999999 BIODEGRADABLE 0
352 59.99999999999999 398 59.99999999999999 398 92 352 92 BIODEGRADABLE 0
390 78 415 78 415 109 390 109 BIODEGRADABLE 0
373 112.99999999999999 409 112.99999999999999 409 135 373 135 BIODEGRADABLE 0
372 168 415 168 415 204 372 204 BIODEGRADABLE 0
388 141 415 141 415 169 388 169 BIODEGRADABLE 0
313 142 362 142 362 173 313 173 BIODEGRADABLE 0
329 170 375 170 375 197 329 197 BIODEGRADABLE 0
278 165 334 165 334 197 278 197 BIODEGRADABLE 0
242.00000000000003 138 301 138 301 168 242.00000000000003 168 BIODEGRADABLE 0
267 106 321 106 321 140 267 140 BIODEGRADABLE 0
319 114.00000000000001 368 114.00000000000001 368 142 319 142 BIODEGRADABLE 0
326 98 367 98 367 118 326 118 BIODEGRADABLE 0
303 79 344 79 344 106.99999999999999 303 106.99999999999999 BIODEGRADABLE 0
267 67 313 67 313 95 267 95 BIODEGRADABLE 0
306 61 332 61 332 79 306 79 BIODEGRADABLE 0
332 48 373 48 373 70 332 70 BIODEGRADABLE 0
193 145 224 145 224 163 193 163 BIODEGRADABLE 0
219 163 260 163 260 187 219 187 BIODEGRADABLE 0
198 58 257 58 257 98 198 98 BIODEGRADABLE 0
223 13 285 13 285 55 223 55 BIODEGRADABLE 0
257 35 309 35 309 69 257 69 BIODEGRADABLE 0
309 18 355 18 355 50 309 50 BIODEGRADABLE 0
356 1 396 1 396 8 356 8 BIODEGRADABLE 0
313 1 355 1 355 16 313 16 BIODEGRADABLE 0
269 1 333 1 333 22 269 22 BIODEGRADABLE 0
184 1 260 1 260 31 184 31 BIODEGRADABLE 0
172 28 238.99999999999997 28 238.99999999999997 62.99999999999999 172 62.99999999999999 BIODEGRADABLE 0
156 1 212 1 212 14 156 14 BIODEGRADABLE 0