66 172 215.00000000000003 172 215.00000000000003 260 66 260 BIODEGRADABLE 0
55 200 251.99999999999997 200 251.99999999999997 324 55 324 BIODEGRADABLE 0
40 231 83 231 83 281 40 281 BIODEGRADABLE 0
37 277 122 277 122 361 37 361 BIODEGRADABLE 0
83 266 203 266 203 394 83 394 BIODEGRADABLE 0
178 69 228.00000000000003 69 228.00000000000003 140 178 140 BIODEGRADABLE 0
2 187 109 187 109 285 2 285 BIODEGRADABLE 0
210 43 252.99999999999997 43 252.99999999999997 123 210 123 BIODEGRADABLE 0
235 58 296 58 296 118 235 118 BIODEGRADABLE 0
252.99999999999997 77 327 77 327 163 252.99999999999997 163 BIODEGRADABLE 0
218 114.00000000000001 263 114.00000000000001 263 191 218 191 BIODEGRADABLE 0
239.99999999999997 163 301 163 301 251 239.99999999999997 251 BIODEGRADABLE 0
285 146 322 146 322 191 285 191 BIODEGRADABLE 0
306 110 351 110 351 185 306 185 BIODEGRADABLE 0
304 130 415 130 415 217 304 217 BIODEGRADABLE 0