59 350 135 350 135 386 59 386 BIODEGRADABLE 0
125.99999999999999 357 196 357 196 389 125.99999999999999 389 BIODEGRADABLE 0
165 311 235 311 235 351 165 351 BIODEGRADABLE 0
165 294 219 294 219 312 165 312 BIODEGRADABLE 0
135 267 197 267 197 301 135 301 BIODEGRADABLE 0
98 306 149 306 149 350 98 350 BIODEGRADABLE 0
44 295 114.00000000000001 295 114.00000000000001 351 44 351 BIODEGRADABLE 0
29.999999999999996 255.00000000000003 84 255.00000000000003 84 311 29.999999999999996 311 BIODEGRADABLE 0
74 243 156 243 156 285 74 285 BIODEGRADABLE 0
182 251 270 251 270 297 182 297 BIODEGRADABLE 0
247 244 305 244 305 300 247 300 BIODEGRADABLE 0
268 210 347 210 347 260 268 260 BIODEGRADABLE 0
267 238.99999999999997 302 238.99999999999997 302 263 267 263 BIODEGRADABLE 0
288 190 316 190 316 220 288 220 BIODEGRADABLE 0
238.99999999999997 191 293 191 293 222 238.99999999999997 222 BIODEGRADABLE 0
256 135 310 135 310 189 256 189 BIODEGRADABLE 0
231 134 293 134 293 193 231 193 BIODEGRADABLE 0
172 146 242.00000000000003 146 242.00000000000003 208 172 208 BIODEGRADABLE 0
163 203 261 203 261 251 163 251 BIODEGRADABLE 0
105 177 184 177 184 221 105 221 BIODEGRADABLE 0
40 213.99999999999997 119 213.99999999999997 119 251.99999999999997 40 251.99999999999997 BIODEGRADABLE 0
121.00000000000001 215.00000000000003 172 215.00000000000003 172 245 121.00000000000001 245 BIODEGRADABLE 0
12 179 100 179 100 225 12 225 BIODEGRADABLE 0
81 160 149 160 149 194 81 194 BIODEGRADABLE 0
39 152 93 152 93 180 39 180 BIODEGRADABLE 0
84 135 125.99999999999999 135 125.99999999999999 161 84 161 BIODEGRADABLE 0
119 115 184 115 184 159 119 159 BIODEGRADABLE 0
228.00000000000003 108.00000000000001 272 108.00000000000001 272 138 228.00000000000003 138 BIODEGRADABLE 0
188 99 258 99 258 137 188 137 BIODEGRADABLE 0
181 65 263 65 263 106.99999999999999 181 106.99999999999999 BIODEGRADABLE 0
80 83 184 83 184 123 80 123 BIODEGRADABLE 0
24 98 100 98 100 154 24 154 BIODEGRADABLE 0
40 54.00000000000001 124 54.00000000000001 124 96 40 96 BIODEGRADABLE 0
62.99999999999999 34 151 34 151 77 62.99999999999999 77 BIODEGRADABLE 0
139 5 221 5 221 70 139 70 BIODEGRADABLE 0
96 6 182 6 182 76 96 76 BIODEGRADABLE 0
33 9 121.00000000000001 9 121.00000000000001 55 33 55 BIODEGRADABLE 0