3 2 153 2 153 142 3 142 BIODEGRADABLE 0
157 20 185 20 185 46 157 46 BIODEGRADABLE 0
148 39 173 39 173 65 148 65 BIODEGRADABLE 0
148 28 166 28 166 40 148 40 BIODEGRADABLE 0
141 67 205 67 205 91 141 91 BIODEGRADABLE 0
128 77 153 77 153 109 128 109 BIODEGRADABLE 0
148 100 178 100 178 115 148 115 BIODEGRADABLE 0
150 289 178 289 178 315 150 315 BIODEGRADABLE 0
255.00000000000003 2 346 2 346 43 255.00000000000003 43 BIODEGRADABLE 0
164 82 205 82 205 110 164 110 BIODEGRADABLE 0
191 73 211 73 211 89 191 89 BIODEGRADABLE 0
198 35 213.99999999999997 35 213.99999999999997 73 198 73 BIODEGRADABLE 0
171 33 201 33 201 74 171 74 BIODEGRADABLE 0
198 91 225.99999999999997 91 225.99999999999997 106 198 106 BIODEGRADABLE 0
209 75 223 75 223 91 209 91 BIODEGRADABLE 0
196 106 218 106 218 125.99999999999999 196 125.99999999999999 BIODEGRADABLE 0
213.99999999999997 103 242.00000000000003 103 242.00000000000003 117 213.99999999999997 117 BIODEGRADABLE 0
225 97 238.99999999999997 97 238.99999999999997 103 225 103 BIODEGRADABLE 0
237 105 275 105 275 121.00000000000001 237 121.00000000000001 BIODEGRADABLE 0
219 118 241.00000000000003 118 241.00000000000003 139 219 139 BIODEGRADABLE 0
234 122 268 122 268 132 234 132 BIODEGRADABLE 0
262 137 271 137 271 147 262 147 BIODEGRADABLE 0
255.00000000000003 130 262 130 262 136 255.00000000000003 136 BIODEGRADABLE 0
241.00000000000003 135 259 135 259 155 241.00000000000003 155 BIODEGRADABLE 0
230 138 242.00000000000003 138 242.00000000000003 159 230 159 BIODEGRADABLE 0
132 2 232 2 232 52 132 52 BIODEGRADABLE 0
257 39 337 39 337 73 257 73 BIODEGRADABLE 0
262 57.00000000000001 416 57.00000000000001 416 159 262 159 BIODEGRADABLE 0
213.99999999999997 50 266 50 266 102 213.99999999999997 102 BIODEGRADABLE 0
286 146 364 146 364 188 286 188 BIODEGRADABLE 0
284 173 341 173 341 208 284 208 BIODEGRADABLE 0
235 159 287 159 287 209 235 209 BIODEGRADABLE 0
125 112 232 112 232 188 125 188 BIODEGRADABLE 0
114.00000000000001 190 221 190 221 294 114.00000000000001 294 BIODEGRADABLE 0
2 117 180 117 180 250 2 250 BIODEGRADABLE 0
137 346 210 346 210 415 137 415 BIODEGRADABLE 0
231 342 412 342 412 415 231 415 BIODEGRADABLE 0
251.99999999999997 236 415 236 415 343 251.99999999999997 343 BIODEGRADABLE 0
266 211 336 211 336 233 266 233 BIODEGRADABLE 0
196 345 234 345 234 371 196 371 BIODEGRADABLE 0
207 330 241.00000000000003 330 241.00000000000003 352 207 352 BIODEGRADABLE 0
211 291 238.99999999999997 291 238.99999999999997 313 211 313 BIODEGRADABLE 0
218 312 248 312 248 332 218 332 BIODEGRADABLE 0
225 287 252.99999999999997 287 252.99999999999997 309 225 309 BIODEGRADABLE 0
228.00000000000003 274 250 274 250 286 228.00000000000003 286 BIODEGRADABLE 0
237 250 255.00000000000003 250 255.00000000000003 270 237 270 BIODEGRADABLE 0
238.99999999999997 241.00000000000003 259 241.00000000000003 259 251 238.99999999999997 251 BIODEGRADABLE 0
234 230 251.99999999999997 230 251.99999999999997 239.99999999999997 234 239.99999999999997 BIODEGRADABLE 0
219 248 237 248 237 269 219 269 BIODEGRADABLE 0
180 290 205 290 205 318 180 318 BIODEGRADABLE 0
154 302 182 302 182 324 154 324 BIODEGRADABLE 0
164 323 194 323 194 351 164 351 BIODEGRADABLE 0
184 313 209 313 209 333 184 333 BIODEGRADABLE 0
1 243 151 243 151 415 1 415 BIODEGRADABLE 0