2 46 75 46 75 137 2 137 BIODEGRADABLE 0
2 109 74 109 74 224 2 224 BIODEGRADABLE 0
2 202 125.99999999999999 202 125.99999999999999 360 2 360 BIODEGRADABLE 0
2 280 47 280 47 408 2 408 BIODEGRADABLE 0
37 321 106.99999999999999 321 106.99999999999999 405 37 405 BIODEGRADABLE 0
1 366 58 366 58 415 1 415 BIODEGRADABLE 0
102 319 186 319 186 412 102 412 BIODEGRADABLE 0
142 193 199 193 199 319 142 319 BIODEGRADABLE 0
67 139 182 139 182 280 67 280 BIODEGRADABLE 0
85 44 212.99999999999997 44 212.99999999999997 163 85 163 BIODEGRADABLE 0
68 43 137 43 137 102 68 102 BIODEGRADABLE 0
50 43 234 43 234 152 50 152 BIODEGRADABLE 0
178 78 232 78 232 160 178 160 BIODEGRADABLE 0
167 100 263 100 263 330 167 330 BIODEGRADABLE 0
138 195 207 195 207 327 138 327 BIODEGRADABLE 0
175 278 280 278 280 416 175 416 BIODEGRADABLE 0
158 388 177 388 177 415 158 415 BIODEGRADABLE 0
324 132 415 132 415 278 324 278 BIODEGRADABLE 0
296 43 402 43 402 156 296 156 BIODEGRADABLE 0
235 41 415 41 415 161 235 161 BIODEGRADABLE 0
178 163 216.00000000000003 163 216.00000000000003 193 178 193 BIODEGRADABLE 0
208 39 243 39 243 89 208 89 BIODEGRADABLE 0
259 130 323 130 323 221 259 221 BIODEGRADABLE 0
267 174 301 174 301 251.99999999999997 267 251.99999999999997 BIODEGRADABLE 0
265 219 415 219 415 326 265 326 BIODEGRADABLE 0
259 330 324 330 324 416 259 416 BIODEGRADABLE 0
244 318 288 318 288 415 244 415 BIODEGRADABLE 0
299 292 377 292 377 336 299 336 BIODEGRADABLE 0
354 299 415 299 415 363 354 363 BIODEGRADABLE 0
324 334 372 334 372 392 324 392 BIODEGRADABLE 0
336 390 364 390 364 415 336 415 BIODEGRADABLE 0
362 351 415 351 415 415 362 415 BIODEGRADABLE 0