284 10 394 10 394 112 284 112 BIODEGRADABLE 0
318 2 396 2 396 29 318 29 BIODEGRADABLE 0
393 1 415 1 415 44 393 44 BIODEGRADABLE 0
388 29 415 29 415 138 388 138 BIODEGRADABLE 0
338 109 409 109 409 195 338 195 BIODEGRADABLE 0
265 95 343 95 343 140 265 140 BIODEGRADABLE 0
339 196 389 196 389 235 339 235 BIODEGRADABLE 0
336 238 415 238 415 346 336 346 BIODEGRADABLE 0
384 213.99999999999997 415 213.99999999999997 415 259 384 259 BIODEGRADABLE 0
391 134 415 134 415 224 391 224 BIODEGRADABLE 0
307 220 391 220 391 294 307 294 BIODEGRADABLE 0
259 252.99999999999997 332 252.99999999999997 332 330 259 330 BIODEGRADABLE 0
268 172 346 172 346 255.00000000000003 268 255.00000000000003 BIODEGRADABLE 0
298 119 382 119 382 196 298 196 BIODEGRADABLE 0
265 104 306 104 306 170 265 170 BIODEGRADABLE 0
199 70 286 70 286 168 199 168 BIODEGRADABLE 0
121.00000000000001 7 225.99999999999997 7 225.99999999999997 71 121.00000000000001 71 BIODEGRADABLE 0
103 64 219 64 219 154 103 154 BIODEGRADABLE 0
12 29 142 29 142 125 12 125 BIODEGRADABLE 0
3 122 115 122 115 213.99999999999997 3 213.99999999999997 BIODEGRADABLE 0
105 145 176 145 176 169 105 169 BIODEGRADABLE 0
128 142 251.99999999999997 142 251.99999999999997 206 128 206 BIODEGRADABLE 0
243 159 307 159 307 199 243 199 BIODEGRADABLE 0
162 187 270 187 270 264 162 264 BIODEGRADABLE 0
51 175 167 175 167 287 51 287 BIODEGRADABLE 0
71 265 187 265 187 365 71 365 BIODEGRADABLE 0
137 247 245 247 245 285 137 285 BIODEGRADABLE 0
181 255.00000000000003 295 255.00000000000003 295 332 181 332 BIODEGRADABLE 0
137 327 272 327 272 401 137 401 BIODEGRADABLE 0