391 57.00000000000001 413 57.00000000000001 413 108.00000000000001 391 108.00000000000001 BIODEGRADABLE 0
327 45 413 45 413 105 327 105 BIODEGRADABLE 0
308 1 413 1 413 12 308 12 BIODEGRADABLE 0
67 1 212.99999999999997 1 212.99999999999997 41 67 41 BIODEGRADABLE 0
0 19 80 19 80 50 0 50 BIODEGRADABLE 0
0 44 146 44 146 119.99999999999999 0 119.99999999999999 BIODEGRADABLE 0
67 56 203 56 203 97 67 97 BIODEGRADABLE 0
26 85 124 85 124 112 26 112 BIODEGRADABLE 0
44 97 140 97 140 135 44 135 BIODEGRADABLE 0
0 116 64 116 64 148 0 148 BIODEGRADABLE 0
10 144 108.00000000000001 144 108.00000000000001 173 10 173 BIODEGRADABLE 0
61 127.00000000000001 197 127.00000000000001 197 159 61 159 BIODEGRADABLE 0
124 67 286 67 286 146 124 146 BIODEGRADABLE 0
251 69 413 69 413 143 251 143 BIODEGRADABLE 0
371 132 413 132 413 170 371 170 BIODEGRADABLE 0
210 133 413 133 413 207 210 207 BIODEGRADABLE 0
162 189 413 189 413 291 162 291 BIODEGRADABLE 0
286 261 404 261 404 300 286 300 BIODEGRADABLE 0
115 196 242.00000000000003 196 242.00000000000003 249 115 249 BIODEGRADABLE 0
96 155 225.99999999999997 155 225.99999999999997 205 96 205 BIODEGRADABLE 0
64 193 102 193 102 209 64 209 BIODEGRADABLE 0
0 178 54.00000000000001 178 54.00000000000001 196 0 196 BIODEGRADABLE 0
48 172 96 172 96 187 48 187 BIODEGRADABLE 0
16 196 59.99999999999999 196 59.99999999999999 204 16 204 BIODEGRADABLE 0
1 195 13 195 13 205 1 205 BIODEGRADABLE 0
0 161 32 161 32 177 0 177 BIODEGRADABLE 0
0 208 105 208 105 273 0 273 BIODEGRADABLE 0
1 248 175 248 175 343 1 343 BIODEGRADABLE 0
147 290 413 290 413 378 147 378 BIODEGRADABLE 0
321 308 413 308 413 359 321 359 BIODEGRADABLE 0
231 385 383 385 383 415 231 415 BIODEGRADABLE 0
330 397 398 397 398 415 330 415 BIODEGRADABLE 0
371 378 413 378 413 409 371 409 BIODEGRADABLE 0
387 409 414 409 414 415 387 415 BIODEGRADABLE 0
381 361 413 361 413 381 381 381 BIODEGRADABLE 0
184 374 340 374 340 411 184 411 BIODEGRADABLE 0
0 380 71 380 71 415 0 415 BIODEGRADABLE 0
0 349 76 349 76 381 0 381 BIODEGRADABLE 0
0 332 80 332 80 352 0 352 BIODEGRADABLE 0
70 333 372 333 372 415 70 415 GLASS 0