125 300 309 300 309 415 125 415 BIODEGRADABLE 0
23 123 175 123 175 389 23 389 BIODEGRADABLE 0
71 25 230 25 230 223 71 223 BIODEGRADABLE 0
24 0 112 0 112 117 24 117 BIODEGRADABLE 0
106 0 291 0 291 58 106 58 BIODEGRADABLE 0
159 188 337 188 337 299 159 299 BIODEGRADABLE 0
278 206 414 206 414 356 278 356 BIODEGRADABLE 0
305 62 396 62 396 207 305 207 BIODEGRADABLE 0
238.99999999999997 101 359 101 359 192 238.99999999999997 192 BIODEGRADABLE 0
216.00000000000003 0 334 0 334 112 216.00000000000003 112 BIODEGRADABLE 0
155 17 312 17 312 319 155 319 BIODEGRADABLE 0