86 31 115 31 115 79 86 79 BIODEGRADABLE 0
59.99999999999999 62 92 62 92 116 59.99999999999999 116 BIODEGRADABLE 0
93 71 127.00000000000001 71 127.00000000000001 121.00000000000001 93 121.00000000000001 BIODEGRADABLE 0
66 102 101 102 101 152 66 152 BIODEGRADABLE 0
93 121.00000000000001 128 121.00000000000001 128 185 93 185 BIODEGRADABLE 0
79 159 105 159 105 199 79 199 BIODEGRADABLE 0
66 187 96 187 96 226.99999999999997 66 226.99999999999997 BIODEGRADABLE 0
48 166 72 166 72 206 48 206 BIODEGRADABLE 0
26 175 57.00000000000001 175 57.00000000000001 220 26 220 BIODEGRADABLE 0
50 212.99999999999997 72 212.99999999999997 72 249 50 249 BIODEGRADABLE 0
8 208 40 208 40 236 8 236 BIODEGRADABLE 0
39 238.99999999999997 61 238.99999999999997 61 265 39 265 BIODEGRADABLE 0
31 252.99999999999997 56 252.99999999999997 56 295 31 295 BIODEGRADABLE 0
6 238.99999999999997 38 238.99999999999997 38 267 6 267 BIODEGRADABLE 0
12 269 34 269 34 305 12 305 BIODEGRADABLE 0
19 296 44 296 44 334 19 334 BIODEGRADABLE 0
41 305 62.99999999999999 305 62.99999999999999 343 41 343 BIODEGRADABLE 0
140 10 168 10 168 50 140 50 BIODEGRADABLE 0
169 3 199 3 199 33 169 33 BIODEGRADABLE 0
162 29 200 29 200 85 162 85 BIODEGRADABLE 0
137 57.00000000000001 172 57.00000000000001 172 123 137 123 BIODEGRADABLE 0
173 69 199 69 199 99 173 99 BIODEGRADABLE 0
160 104 194 104 194 154 160 154 BIODEGRADABLE 0
135 130 163 130 163 178 135 178 BIODEGRADABLE 0
127.00000000000001 144 139 144 139 170 127.00000000000001 170 BIODEGRADABLE 0
119.99999999999999 171 140 171 140 199 119.99999999999999 199 BIODEGRADABLE 0
141 168 165 168 165 192 141 192 BIODEGRADABLE 0
165 149 194 149 194 197 165 197 BIODEGRADABLE 0
193 80 230 80 230 130 193 130 BIODEGRADABLE 0
216.00000000000003 73 230 73 230 85 216.00000000000003 85 BIODEGRADABLE 0
229.00000000000003 76 261 76 261 130 229.00000000000003 130 BIODEGRADABLE 0
213.99999999999997 119 250 119 250 175 213.99999999999997 175 BIODEGRADABLE 0
198 156 222 156 222 184 198 184 BIODEGRADABLE 0
188 121.00000000000001 213.99999999999997 121.00000000000001 213.99999999999997 163 188 163 BIODEGRADABLE 0
179 173 211 173 211 225 179 225 BIODEGRADABLE 0
165 185 181 185 181 212.99999999999997 165 212.99999999999997 BIODEGRADABLE 0
135 189 170 189 170 234 135 234 BIODEGRADABLE 0
123 192 143 192 143 230 123 230 BIODEGRADABLE 0
108.00000000000001 226.99999999999997 137 226.99999999999997 137 275 108.00000000000001 275 BIODEGRADABLE 0
74 212.99999999999997 102 212.99999999999997 102 256 74 256 BIODEGRADABLE 0
61 246 93 246 93 279 61 279 BIODEGRADABLE 0
53 265 72 265 72 293 53 293 BIODEGRADABLE 0
51 289 77 289 77 327 51 327 BIODEGRADABLE 0
73 270 101 270 101 310 73 310 BIODEGRADABLE 0
92 242.00000000000003 116 242.00000000000003 116 284 92 284 BIODEGRADABLE 0
249 125.99999999999999 269 125.99999999999999 269 166 249 166 BIODEGRADABLE 0
237 158 259 158 259 180 237 180 BIODEGRADABLE 0
217 177 251.99999999999997 177 251.99999999999997 222 217 222 BIODEGRADABLE 0
201 196 229.00000000000003 196 229.00000000000003 246 201 246 BIODEGRADABLE 0
179 238.99999999999997 211 238.99999999999997 211 284 179 284 BIODEGRADABLE 0
170 212.99999999999997 198 212.99999999999997 198 252.99999999999997 170 252.99999999999997 BIODEGRADABLE 0
137 225 165 225 165 267 137 267 BIODEGRADABLE 0
157 236 175 236 175 272 157 272 BIODEGRADABLE 0
163 255.00000000000003 187 255.00000000000003 187 291 163 291 BIODEGRADABLE 0
143 277 177 277 177 341 143 341 BIODEGRADABLE 0
138 267 157 267 157 293 138 293 BIODEGRADABLE 0
112 275 141 275 141 315 112 315 BIODEGRADABLE 0
122 298 144 298 144 328 122 328 BIODEGRADABLE 0
92 298 124 298 124 343 92 343 BIODEGRADABLE 0
100 284 112 284 112 308 100 308 BIODEGRADABLE 0
76 312 95 312 95 350 76 350 BIODEGRADABLE 0
67 341 91 341 91 369 67 369 BIODEGRADABLE 0
57.00000000000001 328 75 328 75 350 57.00000000000001 350 BIODEGRADABLE 0
57.00000000000001 350 70 350 70 364 57.00000000000001 364 BIODEGRADABLE 0
83 369 99 369 99 379 83 379 BIODEGRADABLE 0
92 341 121.00000000000001 341 121.00000000000001 381 92 381 BIODEGRADABLE 0
118 341 130 341 130 374 118 374 BIODEGRADABLE 0
119.99999999999999 319 149 319 149 355 119.99999999999999 355 BIODEGRADABLE 0
127.00000000000001 343 156 343 156 383 127.00000000000001 383 BIODEGRADABLE 0
163 324 188 324 188 357 163 357 BIODEGRADABLE 0
159 355 188 355 188 391 159 391 BIODEGRADABLE 0
145 376 178 376 178 415 145 415 BIODEGRADABLE 0
150 357 160 357 160 385 150 385 BIODEGRADABLE 0
188 322 204 322 204 355 188 355 BIODEGRADABLE 0
178 286 200 286 200 322 178 322 BIODEGRADABLE 0
189 270 218 270 218 312 189 312 BIODEGRADABLE 0
207 237 226.99999999999997 237 226.99999999999997 270 207 270 BIODEGRADABLE 0
220 244 254.00000000000003 244 254.00000000000003 294 220 294 BIODEGRADABLE 0
229.00000000000003 215.00000000000003 258 215.00000000000003 258 260 229.00000000000003 260 BIODEGRADABLE 0
261 142 293 142 293 194 261 194 BIODEGRADABLE 0
265 185 301 185 301 225 265 225 BIODEGRADABLE 0
293 170 313 170 313 192 293 192 BIODEGRADABLE 0
304 184 333 184 333 220 304 220 BIODEGRADABLE 0
293 197 309 197 309 225 293 225 BIODEGRADABLE 0
251.99999999999997 194 270 194 270 220 251.99999999999997 220 BIODEGRADABLE 0
256 218 285 218 285 268 256 268 BIODEGRADABLE 0
269 246 303 246 303 296 269 296 BIODEGRADABLE 0
287 218 315 218 315 248 287 248 BIODEGRADABLE 0
316 218 329 218 329 237 316 237 BIODEGRADABLE 0
246 274 278 274 278 319 246 319 BIODEGRADABLE 0
224 293 255.00000000000003 293 255.00000000000003 343 224 343 BIODEGRADABLE 0
218 277 231 277 231 310 218 310 BIODEGRADABLE 0
196 310 226.99999999999997 310 226.99999999999997 340 196 340 BIODEGRADABLE 0
198 334 228.00000000000003 334 228.00000000000003 362 198 362 BIODEGRADABLE 0
186 321 202 321 202 357 186 357 BIODEGRADABLE 0
189 357 217 357 217 395 189 395 BIODEGRADABLE 0
176 383 196 383 196 405 176 405 BIODEGRADABLE 0
213.99999999999997 353 233 353 233 395 213.99999999999997 395 BIODEGRADABLE 0
226.99999999999997 376 239.99999999999997 376 239.99999999999997 400 226.99999999999997 400 BIODEGRADABLE 0
233 357 245 357 245 376 233 376 BIODEGRADABLE 0
230 329 254.00000000000003 329 254.00000000000003 359 230 359 BIODEGRADABLE 0
251.99999999999997 343 266 343 266 365 251.99999999999997 365 BIODEGRADABLE 0
246 360 254.00000000000003 360 254.00000000000003 376 246 376 BIODEGRADABLE 0
249 322 263 322 263 346 249 346 BIODEGRADABLE 0
258 327 286 327 286 355 258 355 BIODEGRADABLE 0
268 295 296 295 296 343 268 343 BIODEGRADABLE 0
297 303 325 303 325 331 297 331 BIODEGRADABLE 0
297 275 321 275 321 305 297 305 BIODEGRADABLE 0
297 234 321 234 321 286 297 286 BIODEGRADABLE 0
323 282 335 282 335 310 323 310 BIODEGRADABLE 0
319 252.99999999999997 343 252.99999999999997 343 289 319 289 BIODEGRADABLE 0
304 246 336 246 336 279 304 279 BIODEGRADABLE 0
340 235 364 235 364 251 340 251 BIODEGRADABLE 0
334 252.99999999999997 354 252.99999999999997 354 296 334 296 BIODEGRADABLE 0
345 246 364 246 364 279 345 279 BIODEGRADABLE 0
363 241.00000000000003 387 241.00000000000003 387 277 363 277 BIODEGRADABLE 0
390 234 412 234 412 256 390 256 BIODEGRADABLE 0