87 47 151 47 151 84 87 84 BIODEGRADABLE 0
68 76 123 76 123 119.99999999999999 68 119.99999999999999 BIODEGRADABLE 0
98 99 168 99 168 134 98 134 BIODEGRADABLE 0
55 121.00000000000001 165 121.00000000000001 165 161 55 161 BIODEGRADABLE 0
50 157 106.99999999999999 157 106.99999999999999 211 50 211 BIODEGRADABLE 0
89 143 137 143 137 178 89 178 BIODEGRADABLE 0
45 151 171 151 171 273 45 273 BIODEGRADABLE 0
133 153 201 153 201 238 133 238 BIODEGRADABLE 0
128 166 222 166 222 238 128 238 BIODEGRADABLE 0
37 236 171 236 171 308 37 308 BIODEGRADABLE 0
88 292 148 292 148 406 88 406 BIODEGRADABLE 0
2 268 208 268 208 366 2 366 BIODEGRADABLE 0
130 333 166 333 166 389 130 389 BIODEGRADABLE 0
321 331 415 331 415 415 321 415 BIODEGRADABLE 0
347 242.00000000000003 415 242.00000000000003 415 343 347 343 BIODEGRADABLE 0
167 2 415 2 415 247 167 247 BIODEGRADABLE 0
169 200 349 200 349 287 169 287 BIODEGRADABLE 0
263 279 329 279 329 343 263 343 METAL 0