232 86 320 86 320 198 232 198 BIODEGRADABLE 0
266 127.00000000000001 415 127.00000000000001 415 277 266 277 BIODEGRADABLE 0
316 219 415 219 415 378 316 378 BIODEGRADABLE 0
252.99999999999997 268 323 268 323 384 252.99999999999997 384 BIODEGRADABLE 0
216.00000000000003 236 307 236 307 328 216.00000000000003 328 BIODEGRADABLE 0
197 202 307 202 307 342 197 342 BIODEGRADABLE 0
146 125.99999999999999 252.99999999999997 125.99999999999999 252.99999999999997 266 146 266 BIODEGRADABLE 0
133 78 223 78 223 140 133 140 BIODEGRADABLE 0
22 90 133 90 133 210 22 210 BIODEGRADABLE 0
79 164 196 164 196 322 79 322 BIODEGRADABLE 0
141 279 239.99999999999997 279 239.99999999999997 401 141 401 BIODEGRADABLE 0
31 266 140 266 140 378 31 378 BIODEGRADABLE 0
1 186 72 186 72 305 1 305 BIODEGRADABLE 0
1 295 67 295 67 386 1 386 BIODEGRADABLE 0