241.00000000000003 314 306 314 306 356 241.00000000000003 356 BIODEGRADABLE 0
241.00000000000003 356 275 356 275 375 241.00000000000003 375 BIODEGRADABLE 0
288 364 316 364 316 391 288 391 BIODEGRADABLE 0
258 381 282 381 282 410 258 410 BIODEGRADABLE 0
0 211 130 211 130 363 0 363 BIODEGRADABLE 0
37 181 199 181 199 320 37 320 BIODEGRADABLE 0
147 280 191 280 191 291 147 291 BIODEGRADABLE 0
154 291 193 291 193 310 154 310 BIODEGRADABLE 0
174 299 200 299 200 317 174 317 BIODEGRADABLE 0
186 285 208 285 208 301 186 301 BIODEGRADABLE 0
61 318 81 318 81 346 61 346 BIODEGRADABLE 0
76 336 98 336 98 363 76 363 BIODEGRADABLE 0
83 323 111 323 111 347 83 347 BIODEGRADABLE 0
102 339 125.99999999999999 339 125.99999999999999 353 102 353 BIODEGRADABLE 0
109 329 135 329 135 339 109 339 BIODEGRADABLE 0
39 210 54.00000000000001 210 54.00000000000001 220 39 220 BIODEGRADABLE 0
35 193 57.00000000000001 193 57.00000000000001 209 35 209 BIODEGRADABLE 0
65 105 83 105 83 129 65 129 BIODEGRADABLE 0
61 29.999999999999996 93 29.999999999999996 93 101 61 101 BIODEGRADABLE 0
76 2 117 2 117 38 76 38 BIODEGRADABLE 0
87 13 125.99999999999999 13 125.99999999999999 41 87 41 BIODEGRADABLE 0
83 70 119.99999999999999 70 119.99999999999999 98 83 98 BIODEGRADABLE 0
95 102 145 102 145 152 95 152 BIODEGRADABLE 0
83 95 98 95 98 145 83 145 BIODEGRADABLE 0
100 168 137 168 137 203 100 203 BIODEGRADABLE 0
91 143 123 143 123 170 91 170 BIODEGRADABLE 0
121.00000000000001 188 143 188 143 220 121.00000000000001 220 BIODEGRADABLE 0
135 176 169 176 169 232 135 232 BIODEGRADABLE 0
208 173 239.99999999999997 173 239.99999999999997 225 208 225 BIODEGRADABLE 0
219 152 308 152 308 230 219 230 BIODEGRADABLE 0
271 2 323 2 323 40 271 40 BIODEGRADABLE 0
284 2 396 2 396 100 284 100 BIODEGRADABLE 0
336 2 403 2 403 46 336 46 BIODEGRADABLE 0
375 37 403 37 403 89 375 89 BIODEGRADABLE 0
328 29 386 29 386 99 328 99 BIODEGRADABLE 0
284 2 344 2 344 75 284 75 BIODEGRADABLE 0
316 89 390 89 390 149 316 149 BIODEGRADABLE 0
280 35 328 35 328 129 280 129 BIODEGRADABLE 0
251.99999999999997 45 319 45 319 112.99999999999999 251.99999999999997 112.99999999999999 BIODEGRADABLE 0
230 2 269 2 269 62 230 62 BIODEGRADABLE 0
184 2 236 2 236 54.00000000000001 184 54.00000000000001 BIODEGRADABLE 0
204 32 236 32 236 80 204 80 BIODEGRADABLE 0
308 144 373 144 373 163 308 163 BIODEGRADABLE 0
211 119.99999999999999 323 119.99999999999999 323 168 211 168 BIODEGRADABLE 0
271 144 319 144 319 168 271 168 BIODEGRADABLE 0
254.00000000000003 166 332 166 332 190 254.00000000000003 190 BIODEGRADABLE 0
323 162 349 162 349 204 323 204 BIODEGRADABLE 0
189 80 263 80 263 146 189 146 BIODEGRADABLE 0
178 62 248 62 248 102 178 102 BIODEGRADABLE 0
167 46 201 46 201 84 167 84 BIODEGRADABLE 0
133 2 189 2 189 46 133 46 BIODEGRADABLE 0
115 2 154 2 154 67 115 67 BIODEGRADABLE 0
139 25 191 25 191 149 139 149 BIODEGRADABLE 0
141 130 173 130 173 180 141 180 BIODEGRADABLE 0
163 95 195 95 195 168 163 168 BIODEGRADABLE 0
180 193 212 193 212 250 180 250 BIODEGRADABLE 0
61 2 403 2 403 250 61 250 BIODEGRADABLE 0