139 18 369 18 369 150 139 150 BIODEGRADABLE 0
216.00000000000003 2 364 2 364 34 216.00000000000003 34 BIODEGRADABLE 0
144 2 268 2 268 62.99999999999999 144 62.99999999999999 BIODEGRADABLE 0
5 1 169 1 169 53 5 53 BIODEGRADABLE 0
5 16 99 16 99 82 5 82 BIODEGRADABLE 0
40 52 196 52 196 156 40 156 BIODEGRADABLE 0
92 144 201 144 201 180 92 180 BIODEGRADABLE 0
96 157 270 157 270 259 96 259 BIODEGRADABLE 0
132 230 273 230 273 298 132 298 BIODEGRADABLE 0
260 278 414 278 414 416 260 416 BIODEGRADABLE 0
342 251.99999999999997 414 251.99999999999997 414 280 342 280 BIODEGRADABLE 0
263 79 414 79 414 207 263 207 BIODEGRADABLE 0
231 153 283 153 283 200 231 200 BIODEGRADABLE 0
0 133 106.99999999999999 133 106.99999999999999 207 0 207 BIODEGRADABLE 0
0 51 52 51 52 133 0 133 BIODEGRADABLE 0
0 193 129 193 129 283 0 283 BIODEGRADABLE 0
1 218 45 218 45 295 1 295 BIODEGRADABLE 0
42 282 125.99999999999999 282 125.99999999999999 329 42 329 BIODEGRADABLE 0
0 292 82 292 82 386 0 386 BIODEGRADABLE 0
183 349 260 349 260 387 183 387 BIODEGRADABLE 0
194 350 300 350 300 416 194 416 BIODEGRADABLE 0