58 12 172 12 172 81 58 81 BIODEGRADABLE 0
2 2 132 2 132 28 2 28 BIODEGRADABLE 0
3 23 83 23 83 89 3 89 BIODEGRADABLE 0
133 77 271 77 271 165 133 165 BIODEGRADABLE 0
38 70 186 70 186 190 38 190 BIODEGRADABLE 0
3 106 108.00000000000001 106 108.00000000000001 184 3 184 BIODEGRADABLE 0
68 86 112 86 112 112 68 112 BIODEGRADABLE 0
3 69 62.99999999999999 69 62.99999999999999 139 3 139 BIODEGRADABLE 0
101 162 195 162 195 223 101 223 BIODEGRADABLE 0
179 141 295 141 295 205 179 205 BIODEGRADABLE 0
155 199 222 199 222 254.00000000000003 155 254.00000000000003 BIODEGRADABLE 0
112 219 166 219 166 243 112 243 BIODEGRADABLE 0
36 245 161 245 161 349 36 349 BIODEGRADABLE 0
3 192 117 192 117 314 3 314 BIODEGRADABLE 0
2 169 49 169 49 252.99999999999997 2 252.99999999999997 BIODEGRADABLE 0
2 309 49 309 49 341 2 341 BIODEGRADABLE 0
2 364 74 364 74 415 2 415 BIODEGRADABLE 0
212.99999999999997 12 316 12 316 81 212.99999999999997 81 BIODEGRADABLE 0
197 1 284 1 284 17 197 17 BIODEGRADABLE 0
269 2 381 2 381 37 269 37 BIODEGRADABLE 0
382 1 415 1 415 25 382 25 BIODEGRADABLE 0
347 3 414 3 414 49 347 49 BIODEGRADABLE 0
307 31 401 31 401 95 307 95 BIODEGRADABLE 0
266 83 331 83 331 131 266 131 BIODEGRADABLE 0
287 119 347 119 347 165 287 165 BIODEGRADABLE 0
327 93 361 93 361 127.00000000000001 327 127.00000000000001 BIODEGRADABLE 0
354 97 412 97 412 135 354 135 BIODEGRADABLE 0
369 59 415 59 415 95 369 95 BIODEGRADABLE 0
380 125 415 125 415 172 380 172 BIODEGRADABLE 0
347 134 383 134 383 158 347 158 BIODEGRADABLE 0
307 148 363 148 363 190 307 190 BIODEGRADABLE 0
364 169 415 169 415 202 364 202 BIODEGRADABLE 0
358 193 392 193 392 212.99999999999997 358 212.99999999999997 BIODEGRADABLE 0
333 175 369 175 369 204 333 204 BIODEGRADABLE 0
320 197 349 197 349 217 320 217 BIODEGRADABLE 0
309 187 333 187 333 201 309 201 BIODEGRADABLE 0
349 212.99999999999997 376 212.99999999999997 376 225 349 225 BIODEGRADABLE 0
374 211 410 211 410 233 374 233 BIODEGRADABLE 0
393 169 415 169 415 220 393 220 BIODEGRADABLE 0
407 202 415 202 415 233 407 233 BIODEGRADABLE 0
389 226.99999999999997 415 226.99999999999997 415 270 389 270 BIODEGRADABLE 0
390 246 412 246 412 266 390 266 BIODEGRADABLE 0
356 225 388 225 388 247 356 247 BIODEGRADABLE 0
365 245 385 245 385 255.00000000000003 365 255.00000000000003 BIODEGRADABLE 0
331 222 353 222 353 238 331 238 BIODEGRADABLE 0
334 234 358 234 358 248 334 248 BIODEGRADABLE 0
333 244 365 244 365 256 333 256 BIODEGRADABLE 0
345 251 367 251 367 261 345 261 BIODEGRADABLE 0
347 260 365 260 365 266 347 266 BIODEGRADABLE 0
369 257 396 257 396 287 369 287 BIODEGRADABLE 0
387 254.00000000000003 414 254.00000000000003 414 282 387 282 BIODEGRADABLE 0
354 266 376 266 376 288 354 288 BIODEGRADABLE 0
402 330 415 330 415 338 402 338 BIODEGRADABLE 0
398 320 409 320 409 329 398 329 BIODEGRADABLE 0
410 317 416 317 416 329 410 329 BIODEGRADABLE 0
387 289 409 289 409 318 387 318 BIODEGRADABLE 0
402 293 415 293 415 315 402 315 BIODEGRADABLE 0
402 274 415 274 415 296 402 296 BIODEGRADABLE 0
383 287 401 287 401 303 383 303 BIODEGRADABLE 0
371 297 387 297 387 305 371 305 BIODEGRADABLE 0
365 286 383 286 383 297 365 297 BIODEGRADABLE 0
398 365 415 365 415 383 398 383 BIODEGRADABLE 0
374 344 396 344 396 370 374 370 BIODEGRADABLE 0
389 386 407 386 407 412 389 412 BIODEGRADABLE 0
367 360 394 360 394 396 367 396 BIODEGRADABLE 0
365 397 387 397 387 415 365 415 BIODEGRADABLE 0
341 369 385 369 385 404 341 404 BIODEGRADABLE 0
344 390 369 390 369 415 344 415 BIODEGRADABLE 0
342 344 376 344 376 370 342 370 BIODEGRADABLE 0
363 329 383 329 383 347 363 347 BIODEGRADABLE 0
323 391 349 391 349 415 323 415 BIODEGRADABLE 0
322 377 338 377 338 401 322 401 BIODEGRADABLE 0
313 340 347 340 347 375 313 375 BIODEGRADABLE 0
300 369 327 369 327 401 300 401 BIODEGRADABLE 0
310 404 322 404 322 415 310 415 BIODEGRADABLE 0
271 397 316 397 316 415 271 415 BIODEGRADABLE 0
286 380 313 380 313 406 286 406 BIODEGRADABLE 0
322 323 344 323 344 339 322 339 BIODEGRADABLE 0
338 326 360 326 360 349 338 349 BIODEGRADABLE 0
356 329 376 329 376 341 356 341 BIODEGRADABLE 0
338 311 358 311 358 329 338 329 BIODEGRADABLE 0
329 291 356 291 356 309 329 309 BIODEGRADABLE 0
351 301 369 301 369 315 351 315 BIODEGRADABLE 0
356 303 394 303 394 323 356 323 BIODEGRADABLE 0
302 294 340 294 340 322 302 322 BIODEGRADABLE 0
318 280 338 280 338 296 318 296 BIODEGRADABLE 0
300 329 334 329 334 354 300 354 BIODEGRADABLE 0
282 314 309 314 309 340 282 340 BIODEGRADABLE 0
275 291 311 291 311 314 275 314 BIODEGRADABLE 0
235 305 284 305 284 340 235 340 BIODEGRADABLE 0
286 344 320 344 320 369 286 369 BIODEGRADABLE 0
269 363 305 363 305 397 269 397 BIODEGRADABLE 0
248 369 284 369 284 404 248 404 BIODEGRADABLE 0
215.00000000000003 385 274 385 274 415 215.00000000000003 415 BIODEGRADABLE 0
195 357 235 357 235 392 195 392 BIODEGRADABLE 0
199 390 221 390 221 406 199 406 BIODEGRADABLE 0
183 402 211 402 211 415 183 415 BIODEGRADABLE 0
222 352 233 352 233 366 222 366 BIODEGRADABLE 0
237 352 257 352 257 368 237 368 BIODEGRADABLE 0
235 341 255.00000000000003 341 255.00000000000003 355 235 355 BIODEGRADABLE 0
262 339 280 339 280 355 262 355 BIODEGRADABLE 0
271 308 293 308 293 322 271 322 BIODEGRADABLE 0
275 266 295 266 295 278 275 278 BIODEGRADABLE 0
271 277 291 277 291 289 271 289 BIODEGRADABLE 0
262 289 306 289 306 311 262 311 BIODEGRADABLE 0
304 291 320 291 320 300 304 300 BIODEGRADABLE 0
300 280 320 280 320 292 300 292 BIODEGRADABLE 0
304 268 322 268 322 280 304 280 BIODEGRADABLE 0
309 262 325 262 325 272 309 272 BIODEGRADABLE 0
293 273 307 273 307 285 293 285 BIODEGRADABLE 0
291 264 307 264 307 274 291 274 BIODEGRADABLE 0
298 252.99999999999997 309 252.99999999999997 309 263 298 263 BIODEGRADABLE 0
237 245 257 245 257 262 237 262 BIODEGRADABLE 0
275 244 293 244 293 256 275 256 BIODEGRADABLE 0
83 352 112 352 112 375 83 375 BIODEGRADABLE 0
74 376 116 376 116 399 74 399 BIODEGRADABLE 0
70 400 117 400 117 415 70 415 BIODEGRADABLE 0
116 405 137 405 137 415 116 415 BIODEGRADABLE 0
166 333 186 333 186 355 166 355 BIODEGRADABLE 0
174 320 206 320 206 338 174 338 BIODEGRADABLE 0
132 320 159 320 159 343 132 343 BIODEGRADABLE 0
166 291 190 291 190 311 166 311 BIODEGRADABLE 0
179 279 208 279 208 308 179 308 BIODEGRADABLE 0
123 346 150 346 150 369 123 369 BIODEGRADABLE 0
112 343 132 343 132 367 112 367 BIODEGRADABLE 0
179 260 203 260 203 277 179 277 BIODEGRADABLE 0
161 254.00000000000003 188 254.00000000000003 188 270 161 270 BIODEGRADABLE 0
184 280 206 280 206 303 184 303 BIODEGRADABLE 0
133 347 199 347 199 415 133 415 BIODEGRADABLE 0
173 256 222 256 222 378 173 378 BIODEGRADABLE 0
224 333 242.00000000000003 333 242.00000000000003 341 224 341 BIODEGRADABLE 0
212.99999999999997 325 229.00000000000003 325 229.00000000000003 334 212.99999999999997 334 BIODEGRADABLE 0
224 315 242.00000000000003 315 242.00000000000003 324 224 324 BIODEGRADABLE 0
225.99999999999997 305 244 305 244 317 225.99999999999997 317 BIODEGRADABLE 0
228.00000000000003 294 244 294 244 304 228.00000000000003 304 BIODEGRADABLE 0
244 293 262 293 262 303 244 303 BIODEGRADABLE 0
251 288 271 288 271 300 251 300 BIODEGRADABLE 0
235 204 275 204 275 288 235 288 BIODEGRADABLE 0
224 205 273 205 273 237 224 237 BIODEGRADABLE 0
221 238.99999999999997 273 238.99999999999997 273 282 221 282 BIODEGRADABLE 0
163 252.99999999999997 255.00000000000003 252.99999999999997 255.00000000000003 299 163 299 BIODEGRADABLE 0
47 344 85 344 85 364 47 364 BIODEGRADABLE 0
23 346 52 346 52 366 23 366 BIODEGRADABLE 0