210 67 312 67 312 207 210 207 BIODEGRADABLE 0
96 20 228.00000000000003 20 228.00000000000003 277 96 277 BIODEGRADABLE 0
200 226.99999999999997 284 226.99999999999997 284 274 200 274 BIODEGRADABLE 0
193 259 268 259 268 303 193 303 BIODEGRADABLE 0
76 251 164 251 164 300 76 300 BIODEGRADABLE 0
87 235 137 235 137 252.99999999999997 87 252.99999999999997 BIODEGRADABLE 0
155 268 189 268 189 300 155 300 BIODEGRADABLE 0
80 291 162 291 162 347 80 347 BIODEGRADABLE 0
71 298 171 298 171 356 71 356 BIODEGRADABLE 0
114.00000000000001 295 287 295 287 407 114.00000000000001 407 BIODEGRADABLE 0
207 155 375 155 375 288 207 288 BIODEGRADABLE 0