133 51 284 51 284 271 133 271 BIODEGRADABLE 0
258 3 415 3 415 161 258 161 BIODEGRADABLE 0
256 143 414 143 414 350 256 350 BIODEGRADABLE 0
247 310 313 310 313 398 247 398 BIODEGRADABLE 0
182 255.00000000000003 256 255.00000000000003 256 379 182 379 BIODEGRADABLE 0
71 209 180 209 180 370 71 370 BIODEGRADABLE 0
9 33 135 33 135 242.00000000000003 9 242.00000000000003 BIODEGRADABLE 0
212 366 274 366 274 416 212 416 BIODEGRADABLE 0
279 354 318 354 318 412 279 412 BIODEGRADABLE 0
29.999999999999996 308 57.00000000000001 308 57.00000000000001 336 29.999999999999996 336 BIODEGRADABLE 0
0 213.99999999999997 45 213.99999999999997 45 340 0 340 BIODEGRADABLE 0