201 132 291 132 291 158 201 158 BIODEGRADABLE 0
225.99999999999997 318 300 318 300 344 225.99999999999997 344 BIODEGRADABLE 0
230 332 284 332 284 361 230 361 BIODEGRADABLE 0
230 312 290 312 290 329 230 329 BIODEGRADABLE 0
232 297 279 297 279 318 232 318 BIODEGRADABLE 0
212 369 238 369 238 386 212 386 BIODEGRADABLE 0
161 365 225.99999999999997 365 225.99999999999997 386 161 386 BIODEGRADABLE 0
170 359 230 359 230 380 170 380 BIODEGRADABLE 0
163 350 226.99999999999997 350 226.99999999999997 374 163 374 BIODEGRADABLE 0
159 343 225.99999999999997 343 225.99999999999997 367 159 367 BIODEGRADABLE 0
163 330 221 330 221 344 163 344 BIODEGRADABLE 0
304 323 348 323 348 356 304 356 BIODEGRADABLE 0
299 312 344 312 344 341 299 341 BIODEGRADABLE 0
301 308 337 308 337 327 301 327 BIODEGRADABLE 0
362 321 400 321 400 338 362 338 BIODEGRADABLE 0
356 308 400 308 400 332 356 332 BIODEGRADABLE 0
361 289 391 289 391 313 361 313 BIODEGRADABLE 0
346 304 362 304 362 344 346 344 BIODEGRADABLE 0
399 281 415 281 415 309 399 309 BIODEGRADABLE 0
401 309 415 309 415 323 401 323 BIODEGRADABLE 0
405 319 415 319 415 335 405 335 BIODEGRADABLE 0
105 124 199 124 199 150 105 150 BIODEGRADABLE 0
101 93 199 93 199 125 101 125 BIODEGRADABLE 0
197 106.99999999999999 291 106.99999999999999 291 137 197 137 BIODEGRADABLE 0
168 82 291 82 291 108.00000000000001 168 108.00000000000001 BIODEGRADABLE 0
186 61 291 61 291 91 186 91 BIODEGRADABLE 0
161 55 299 55 299 97 161 97 BIODEGRADABLE 0
208 16 298 16 298 48 208 48 BIODEGRADABLE 0
181 23 302 23 302 59 181 59 BIODEGRADABLE 0
175 0 301 0 301 31 175 31 BIODEGRADABLE 0
302 65 382 65 382 82 302 82 BIODEGRADABLE 0
298 69 360 69 360 95 298 95 BIODEGRADABLE 0
295 51 359 51 359 65 295 65 BIODEGRADABLE 0
293 131 347 131 347 146 293 146 BIODEGRADABLE 0
306 114.00000000000001 351 114.00000000000001 351 131 306 131 BIODEGRADABLE 0
310 105 348 105 348 119.99999999999999 310 119.99999999999999 BIODEGRADABLE 0
308 90 357 90 357 116 308 116 BIODEGRADABLE 0
304 10 386 10 386 46 304 46 BIODEGRADABLE 0
301 31 389 31 389 48 301 48 BIODEGRADABLE 0
266 0 295 0 295 4 266 4 BIODEGRADABLE 0
324 0 351 0 351 6 324 6 BIODEGRADABLE 0
373 0 391 0 391 8 373 8 BIODEGRADABLE 0
40 382 85 382 85 414 40 414 BIODEGRADABLE 0
38 323 82 323 82 367 38 367 BIODEGRADABLE 0
103 371 145 371 145 413 103 413 BIODEGRADABLE 0
150 356 157 356 157 386 150 386 BIODEGRADABLE 0
96 308 146 308 146 355 96 355 BIODEGRADABLE 0
44 252.99999999999997 91 252.99999999999997 91 304 44 304 BIODEGRADABLE 0
103 238.99999999999997 147 238.99999999999997 147 285 103 285 BIODEGRADABLE 0
93 152 140 152 140 204 93 204 BIODEGRADABLE 0
35 163 84 163 84 209 35 209 BIODEGRADABLE 0
29 97 76 97 76 152 29 152 BIODEGRADABLE 0
17 66 62 66 62 80 17 80 BIODEGRADABLE 0
22 78 62 78 62 84 22 84 BIODEGRADABLE 0
17 54.00000000000001 71 54.00000000000001 71 69 17 69 BIODEGRADABLE 0
18 44 62.99999999999999 44 62.99999999999999 56 18 56 BIODEGRADABLE 0
20 34 65 34 65 44 20 44 BIODEGRADABLE 0
38 29.999999999999996 62 29.999999999999996 62 38 38 38 BIODEGRADABLE 0
85 78 125 78 125 93 85 93 BIODEGRADABLE 0
91 74 119.99999999999999 74 119.99999999999999 86 91 86 BIODEGRADABLE 0
100 66 122 66 122 78 100 78 BIODEGRADABLE 0
76 50 123 50 123 76 76 76 BIODEGRADABLE 0
84 46 111 46 111 69 84 69 BIODEGRADABLE 0
82 44 102 44 102 62.99999999999999 82 62.99999999999999 BIODEGRADABLE 0
129 53 167 53 167 67 129 67 BIODEGRADABLE 0
127.00000000000001 44 169 44 169 56 127.00000000000001 56 BIODEGRADABLE 0
125 33 169 33 169 48 125 48 BIODEGRADABLE 0
125 14.999999999999998 165 14.999999999999998 165 36 125 36 BIODEGRADABLE 0
129 14 161 14 161 29 129 29 BIODEGRADABLE 0
65 2 112 2 112 23 65 23 BIODEGRADABLE 0
62 19 109 19 109 31 62 31 BIODEGRADABLE 0
72 0 114.00000000000001 0 114.00000000000001 14.999999999999998 72 14.999999999999998 BIODEGRADABLE 0
1 0 53 0 53 14 1 14 BIODEGRADABLE 0
4 9 53 9 53 21 4 21 BIODEGRADABLE 0
141 0 165 0 165 4 141 4 BIODEGRADABLE 0
150 158 194 158 194 211 150 211 BIODEGRADABLE 0
154 215.00000000000003 196 215.00000000000003 196 261 154 261 BIODEGRADABLE 0
159 272 203 272 203 325 159 325 BIODEGRADABLE 0
201 247 243 247 243 293 201 293 BIODEGRADABLE 0
203 190 243 190 243 234 203 234 BIODEGRADABLE 0
254.00000000000003 243 286 243 286 287 254.00000000000003 287 BIODEGRADABLE 0
294 262 324 262 324 300 294 300 BIODEGRADABLE 0
288 212.99999999999997 320 212.99999999999997 320 255.00000000000003 288 255.00000000000003 BIODEGRADABLE 0
284 158 316 158 316 198 284 198 BIODEGRADABLE 0
246 185 282 185 282 223 246 223 BIODEGRADABLE 0
199 403 237 403 237 415 199 415 BIODEGRADABLE 0
241.00000000000003 353 301 353 301 414 241.00000000000003 414 BIODEGRADABLE 0
303 352 355 352 355 415 303 415 BIODEGRADABLE 0
355 352 393 352 393 414 355 414 BIODEGRADABLE 0
396 348 415 348 415 415 396 415 BIODEGRADABLE 0