273 293 369 293 369 396 273 396 BIODEGRADABLE 0
309 400 367 400 367 415 309 415 BIODEGRADABLE 0
187 357 313 357 313 415 187 415 BIODEGRADABLE 0
0 335 174 335 174 415 0 415 BIODEGRADABLE 0
52 296 174 296 174 373 52 373 BIODEGRADABLE 0
157 279 269 279 269 364 157 364 BIODEGRADABLE 0
223 194 354 194 354 287 223 287 BIODEGRADABLE 0
349 215.00000000000003 371 215.00000000000003 371 277 349 277 BIODEGRADABLE 0
234 104 369 104 369 194 234 194 BIODEGRADABLE 0
137 142 270 142 270 239.99999999999997 137 239.99999999999997 BIODEGRADABLE 0
67 226.99999999999997 198 226.99999999999997 198 309 67 309 BIODEGRADABLE 0
39 174 140 174 140 256 39 256 BIODEGRADABLE 0
1 203 50 203 50 277 1 277 BIODEGRADABLE 0
1 271 43 271 43 335 1 335 BIODEGRADABLE 0
1 116 62 116 62 194 1 194 BIODEGRADABLE 0
7 51 101 51 101 139 7 139 BIODEGRADABLE 0
54.00000000000001 72 185 72 185 173 54.00000000000001 173 BIODEGRADABLE 0
92 0 206 0 206 80 92 80 BIODEGRADABLE 0
165 53 270 53 270 146 165 146 BIODEGRADABLE 0
259 0 371 0 371 106 259 106 BIODEGRADABLE 0