137 111 248 111 248 235 137 235 BIODEGRADABLE 0
150 225.99999999999997 261 225.99999999999997 261 287 150 287 BIODEGRADABLE 0
200 287 243 287 243 355 200 355 BIODEGRADABLE 0
255.00000000000003 238.99999999999997 289 238.99999999999997 289 324 255.00000000000003 324 BIODEGRADABLE 0
281 237 329 237 329 285 281 285 BIODEGRADABLE 0
285 198 320 198 320 254.00000000000003 285 254.00000000000003 BIODEGRADABLE 0
270 102 316 102 316 142 270 142 BIODEGRADABLE 0
207 48 251.99999999999997 48 251.99999999999997 96 207 96 BIODEGRADABLE 0
28 191 102 191 102 212.99999999999997 28 212.99999999999997 BIODEGRADABLE 0
45 157 108.00000000000001 157 108.00000000000001 185 45 185 BIODEGRADABLE 0
82 133 143 133 143 181 82 181 BIODEGRADABLE 0
56 102 93 102 93 128 56 128 BIODEGRADABLE 0
83 83 137 83 137 119.99999999999999 83 119.99999999999999 BIODEGRADABLE 0
132 94 172 94 172 128 132 128 BIODEGRADABLE 0
119.99999999999999 57.00000000000001 172 57.00000000000001 172 91 119.99999999999999 91 BIODEGRADABLE 0
161 59.99999999999999 209 59.99999999999999 209 100 161 100 BIODEGRADABLE 0
183 35 207 35 207 74 183 74 BIODEGRADABLE 0
209 80 251.99999999999997 80 251.99999999999997 117 209 117 BIODEGRADABLE 0
196 102 239.99999999999997 102 239.99999999999997 142 196 142 BIODEGRADABLE 0
224 124 282 124 282 178 224 178 BIODEGRADABLE 0
287 148 331 148 331 196 287 196 BIODEGRADABLE 0
326 189 354 189 354 233 326 233 BIODEGRADABLE 0
292 206 318 206 318 251.99999999999997 292 251.99999999999997 BIODEGRADABLE 0
135 333 167 333 167 361 135 361 BIODEGRADABLE 0
152 292 206 292 206 348 152 348 BIODEGRADABLE 0
106 294 156 294 156 344 106 344 BIODEGRADABLE 0
45 211 80 211 80 259 45 259 BIODEGRADABLE 0
80 215.00000000000003 182 215.00000000000003 182 298 80 298 BIODEGRADABLE 0
156 274 200 274 200 314 156 314 BIODEGRADABLE 0
67 255.00000000000003 110 255.00000000000003 110 309 67 309 BIODEGRADABLE 0
84 292 106 292 106 318 84 318 BIODEGRADABLE 0
26 34 352 34 352 363 26 363 BIODEGRADABLE 0