93 87 197 87 197 251 93 251 BIODEGRADABLE 0
168 37 274 37 274 161 168 161 BIODEGRADABLE 0
190 139 278 139 278 295 190 295 BIODEGRADABLE 0
258 134 360 134 360 332 258 332 BIODEGRADABLE 0
279 50 386 50 386 256 279 256 BIODEGRADABLE 0
40 228.00000000000003 262 228.00000000000003 262 402 40 402 BIODEGRADABLE 0
36 188 94 188 94 384 36 384 BIODEGRADABLE 0
61 151 114.00000000000001 151 114.00000000000001 282 61 282 BIODEGRADABLE 0
112 317 150 317 150 387 112 387 BIODEGRADABLE 0
252.99999999999997 294 327 294 327 415 252.99999999999997 415 BIODEGRADABLE 0
96 372 238 372 238 416 96 416 BIODEGRADABLE 0
323 308 393 308 393 414 323 414 BIODEGRADABLE 0