1 171 142 171 142 344 1 344 BIODEGRADABLE 0
1 366 408 366 408 415 1 415 BIODEGRADABLE 0
62.99999999999999 203 241.00000000000003 203 241.00000000000003 349 62.99999999999999 349 BIODEGRADABLE 0
139 223 322 223 322 359 139 359 BIODEGRADABLE 0
207 259 364 259 364 361 207 361 BIODEGRADABLE 0
233 179 267 179 267 204 233 204 BIODEGRADABLE 0
272 179 314 179 314 195 272 195 BIODEGRADABLE 0
277 186 327 186 327 207 277 207 BIODEGRADABLE 0
249 207 317 207 317 221 249 221 BIODEGRADABLE 0
259 115 277 115 277 124 259 124 BIODEGRADABLE 0
272 119.99999999999999 293 119.99999999999999 293 130 272 130 BIODEGRADABLE 0
288 127.00000000000001 306 127.00000000000001 306 137 288 137 BIODEGRADABLE 0
212 119 228.00000000000003 119 228.00000000000003 132 212 132 BIODEGRADABLE 0
215.00000000000003 130 249 130 249 152 215.00000000000003 152 BIODEGRADABLE 0
244 137 291 137 291 157 244 157 BIODEGRADABLE 0
272 133 314 133 314 165 272 165 BIODEGRADABLE 0
267 87 293 87 293 100 267 100 BIODEGRADABLE 0
281 94 317 94 317 106.99999999999999 281 106.99999999999999 BIODEGRADABLE 0
299 102 335 102 335 115 299 115 BIODEGRADABLE 0
312 110 359 110 359 156 312 156 BIODEGRADABLE 0
346 118 372 118 372 142 346 142 BIODEGRADABLE 0
1 0 166 0 166 211 1 211 BIODEGRADABLE 0
42 0 176 0 176 92 42 92 BIODEGRADABLE 0
68 41 160 41 160 123 68 123 BIODEGRADABLE 0
94 1 251 1 251 67 94 67 BIODEGRADABLE 0
112 20 220 20 220 76 112 76 BIODEGRADABLE 0
183 0 265 0 265 32 183 32 BIODEGRADABLE 0
178 3 286 3 286 65 178 65 BIODEGRADABLE 0
251 48 309 48 309 76 251 76 BIODEGRADABLE 0
232 0 307 0 307 32 232 32 BIODEGRADABLE 0
275 0 413 0 413 17 275 17 BIODEGRADABLE 0
317 21 383 21 383 57.00000000000001 317 57.00000000000001 BIODEGRADABLE 0
375 145 414 145 414 162 375 162 BIODEGRADABLE 0
359 157 398 157 398 177 359 177 BIODEGRADABLE 0
375 175 414 175 414 195 375 195 BIODEGRADABLE 0
390 194 414 194 414 206 390 206 BIODEGRADABLE 0
403 221 413 221 413 243 403 243 BIODEGRADABLE 0
395 125 411 125 411 139 395 139 BIODEGRADABLE 0