106.99999999999999 166 245 166 245 259 106.99999999999999 259 BIODEGRADABLE 0
139 102 287 102 287 172 139 172 BIODEGRADABLE 0
166 77 210 77 210 103 166 103 BIODEGRADABLE 0
206 62.99999999999999 260 62.99999999999999 260 89 206 89 BIODEGRADABLE 0
176 52 228.00000000000003 52 228.00000000000003 76 176 76 BIODEGRADABLE 0
223 52 248 52 248 64 223 64 BIODEGRADABLE 0
186 35 236 35 236 53 186 53 BIODEGRADABLE 0
203 73 337 73 337 130 203 130 BIODEGRADABLE 0
289 94 415 94 415 196 289 196 BIODEGRADABLE 0
201 153 325 153 325 238 201 238 BIODEGRADABLE 0
213.99999999999997 244 248 244 248 266 213.99999999999997 266 BIODEGRADABLE 0
252.99999999999997 225 325 225 325 263 252.99999999999997 263 BIODEGRADABLE 0
308 187 414 187 414 275 308 275 BIODEGRADABLE 0
309 252.99999999999997 369 252.99999999999997 369 285 309 285 BIODEGRADABLE 0
258 264 312 264 312 298 258 298 BIODEGRADABLE 0
223 269 257 269 257 295 223 295 BIODEGRADABLE 0
206 280 225.99999999999997 280 225.99999999999997 294 206 294 BIODEGRADABLE 0
174 262 218 262 218 283 174 283 BIODEGRADABLE 0
169 280 196 280 196 296 169 296 BIODEGRADABLE 0
146 260 173 260 173 276 146 276 BIODEGRADABLE 0
176 289 236 289 236 309 176 309 BIODEGRADABLE 0
238 298 399 298 399 364 238 364 BIODEGRADABLE 0
239.99999999999997 296 282 296 282 320 239.99999999999997 320 BIODEGRADABLE 0
233 314 265 314 265 340 233 340 BIODEGRADABLE 0
212.99999999999997 330 243 330 243 351 212.99999999999997 351 BIODEGRADABLE 0
193 321 230 321 230 345 193 345 BIODEGRADABLE 0
194 310 228.00000000000003 310 228.00000000000003 326 194 326 BIODEGRADABLE 0
146 332 196 332 196 348 146 348 BIODEGRADABLE 0
149 347 191 347 191 358 149 358 BIODEGRADABLE 0
193 345 218 345 218 370 193 370 BIODEGRADABLE 0
364 294 391 294 391 310 364 310 BIODEGRADABLE 0
384 287 404 287 404 300 384 300 BIODEGRADABLE 0
337 281 371 281 371 299 337 299 BIODEGRADABLE 0
332 302 364 302 364 318 332 318 BIODEGRADABLE 0
367 309 394 309 394 325 367 325 BIODEGRADABLE 0
255.00000000000003 325 415 325 415 390 255.00000000000003 390 BIODEGRADABLE 0
369 238 415 238 415 289 369 289 BIODEGRADABLE 0
367 263 409 263 409 275 367 275 BIODEGRADABLE 0