2 195 57.00000000000001 195 57.00000000000001 311 2 311 BIODEGRADABLE 0
2 304 35 304 35 379 2 379 BIODEGRADABLE 0
1 361 69 361 69 413 1 413 BIODEGRADABLE 0
31 261 99 261 99 369 31 369 BIODEGRADABLE 0
1 136 51 136 51 208 1 208 BIODEGRADABLE 0
31 125.99999999999999 55 125.99999999999999 55 176 31 176 BIODEGRADABLE 0
44 138 59 138 59 183 44 183 BIODEGRADABLE 0
54.00000000000001 123 95 123 95 195 54.00000000000001 195 BIODEGRADABLE 0
44 178 98 178 98 248 44 248 BIODEGRADABLE 0
58 241.00000000000003 98 241.00000000000003 98 279 58 279 BIODEGRADABLE 0
97 218 143 218 143 286 97 286 BIODEGRADABLE 0
73 326 133 326 133 414 73 414 BIODEGRADABLE 0
125.99999999999999 339 180 339 180 414 125.99999999999999 414 BIODEGRADABLE 0
121.00000000000001 261 180 261 180 353 121.00000000000001 353 BIODEGRADABLE 0
106.99999999999999 168 143 168 143 216.00000000000003 106.99999999999999 216.00000000000003 BIODEGRADABLE 0
91 141 121.00000000000001 141 121.00000000000001 211 91 211 BIODEGRADABLE 0
91 105 111 105 111 143 91 143 BIODEGRADABLE 0
109 98 141 98 141 150 109 150 BIODEGRADABLE 0
124 85 139 85 139 100 124 100 BIODEGRADABLE 0
140 66 170 66 170 128 140 128 BIODEGRADABLE 0
134 125.99999999999999 172 125.99999999999999 172 186 134 186 BIODEGRADABLE 0
140 184 176 184 176 236 140 236 BIODEGRADABLE 0
147 203 199 203 199 271 147 271 BIODEGRADABLE 0
170 273 194 273 194 301 170 301 BIODEGRADABLE 0
179 304 223 304 223 374 179 374 BIODEGRADABLE 0
173 354 252.99999999999997 354 252.99999999999997 414 173 414 BIODEGRADABLE 0
255.00000000000003 331 345 331 345 413 255.00000000000003 413 BIODEGRADABLE 0
349 308 412 308 412 414 349 414 BIODEGRADABLE 0
320 224 374 224 374 326 320 326 BIODEGRADABLE 0
267 223 331 223 331 333 267 333 BIODEGRADABLE 0
224 271 276 271 276 366 224 366 BIODEGRADABLE 0
375 235 415 235 415 339 375 339 BIODEGRADABLE 0
377 215.00000000000003 415 215.00000000000003 415 255.00000000000003 377 255.00000000000003 BIODEGRADABLE 0
321 183 376 183 376 243 321 243 BIODEGRADABLE 0
278 191 319 191 319 233 278 233 BIODEGRADABLE 0
252.99999999999997 173 285 173 285 231 252.99999999999997 231 BIODEGRADABLE 0
228.00000000000003 216.00000000000003 266 216.00000000000003 266 281 228.00000000000003 281 BIODEGRADABLE 0
194 236 234 236 234 306 194 306 BIODEGRADABLE 0
186 191 219 191 219 236 186 236 BIODEGRADABLE 0
165 136 202 136 202 196 165 196 BIODEGRADABLE 0
174 98 210 98 210 148 174 148 BIODEGRADABLE 0
168 73 187 73 187 118 168 118 BIODEGRADABLE 0
188 58 217 58 217 106 188 106 BIODEGRADABLE 0
201 145 221 145 221 193 201 193 BIODEGRADABLE 0
217 186 251 186 251 238 217 238 BIODEGRADABLE 0
234 148 263 148 263 188 234 188 BIODEGRADABLE 0
212 103 251.99999999999997 103 251.99999999999997 181 212 181 BIODEGRADABLE 0
217 65 241.00000000000003 65 241.00000000000003 105 217 105 BIODEGRADABLE 0
242.00000000000003 55 262 55 262 100 242.00000000000003 100 BIODEGRADABLE 0
250 78 282 78 282 138 250 138 BIODEGRADABLE 0
268 71 286 71 286 103 268 103 BIODEGRADABLE 0
286 68 318 68 318 103 286 103 BIODEGRADABLE 0
289 96 323 96 323 148 289 148 BIODEGRADABLE 0
275 135 301 135 301 183 275 183 BIODEGRADABLE 0
279 100 293 100 293 138 279 138 BIODEGRADABLE 0
288 166 320 166 320 196 288 196 BIODEGRADABLE 0
313 146 350 146 350 188 313 188 BIODEGRADABLE 0
337 136 366 136 366 171 337 171 BIODEGRADABLE 0
324 93 368 93 368 141 324 141 BIODEGRADABLE 0
319 80 355 80 355 105 319 105 BIODEGRADABLE 0
345 62.99999999999999 373 62.99999999999999 373 95 345 95 BIODEGRADABLE 0
368 73 392 73 392 101 368 101 BIODEGRADABLE 0
364 98 394 98 394 148 364 148 BIODEGRADABLE 0
385 123 414 123 414 168 385 168 BIODEGRADABLE 0
392 86 416 86 416 158 392 158 BIODEGRADABLE 0
383 157 415 157 415 216.00000000000003 383 216.00000000000003 BIODEGRADABLE 0
352 153 384 153 384 211 352 211 BIODEGRADABLE 0
14 51 38 51 38 73 14 73 BIODEGRADABLE 0
29.999999999999996 55 54.00000000000001 55 54.00000000000001 70 29.999999999999996 70 BIODEGRADABLE 0
24 21 44 21 44 53 24 53 BIODEGRADABLE 0
44 25 66 25 66 55 44 55 BIODEGRADABLE 0
55 25 93 25 93 73 55 73 BIODEGRADABLE 0
89 23 111 23 111 55 89 55 BIODEGRADABLE 0
62.99999999999999 0 95 0 95 35 62.99999999999999 35 BIODEGRADABLE 0
147 0 191 0 191 40 147 40 BIODEGRADABLE 0
211 10 243 10 243 20 211 20 BIODEGRADABLE 0
319 23 331 23 331 41 319 41 BIODEGRADABLE 0
303 16 319 16 319 38 303 38 BIODEGRADABLE 0
283 18 302 18 302 36 283 36 BIODEGRADABLE 0
387 25 415 25 415 71 387 71 BIODEGRADABLE 0