3 337 69 337 69 380 3 380 BIODEGRADABLE 0
17 262 73 262 73 313 17 313 BIODEGRADABLE 0
68 314 132 314 132 358 68 358 BIODEGRADABLE 0
22 309 83 309 83 350 22 350 BIODEGRADABLE 0
71 273 117 273 117 313 71 313 BIODEGRADABLE 0
106.99999999999999 273 151 273 151 311 106.99999999999999 311 BIODEGRADABLE 0
127.00000000000001 286 181 286 181 322 127.00000000000001 322 BIODEGRADABLE 0
170 278 197 278 197 300 170 300 BIODEGRADABLE 0
139 251.99999999999997 200 251.99999999999997 200 289 139 289 BIODEGRADABLE 0
190 250 224 250 224 272 190 272 BIODEGRADABLE 0
200 218 238.99999999999997 218 238.99999999999997 246 200 246 BIODEGRADABLE 0
160 238 202 238 202 258 160 258 BIODEGRADABLE 0
132 205 190 205 190 245 132 245 BIODEGRADABLE 0
68 241.00000000000003 146 241.00000000000003 146 273 68 273 BIODEGRADABLE 0
13 212.99999999999997 83 212.99999999999997 83 254.00000000000003 13 254.00000000000003 BIODEGRADABLE 0
83 211 139 211 139 242.00000000000003 83 242.00000000000003 BIODEGRADABLE 0
71 172 119 172 119 213.99999999999997 71 213.99999999999997 BIODEGRADABLE 0
117 176 168 176 168 212.99999999999997 117 212.99999999999997 BIODEGRADABLE 0
190 186 222 186 222 218 190 218 BIODEGRADABLE 0
161 198 197 198 197 219 161 219 BIODEGRADABLE 0
158 159 204 159 204 200 158 200 BIODEGRADABLE 0
178 156 205 156 205 172 178 172 BIODEGRADABLE 0
124 133 170 133 170 175 124 175 BIODEGRADABLE 0
122 102 168 102 168 138 122 138 BIODEGRADABLE 0
85 110 141 110 141 140 85 140 BIODEGRADABLE 0
69 140 127.00000000000001 140 127.00000000000001 171 69 171 BIODEGRADABLE 0
14.999999999999998 133 73 133 73 171 14.999999999999998 171 BIODEGRADABLE 0
12 178 73 178 73 213.99999999999997 12 213.99999999999997 BIODEGRADABLE 0
27.000000000000004 163 73 163 73 183 27.000000000000004 183 BIODEGRADABLE 0
5 98 71 98 71 135 5 135 BIODEGRADABLE 0
81 75 127.00000000000001 75 127.00000000000001 112 81 112 BIODEGRADABLE 0
37 40 91 40 91 81 37 81 BIODEGRADABLE 0
14 81 78 81 78 112 14 112 BIODEGRADABLE 0
73 62 97 62 97 78 73 78 BIODEGRADABLE 0