102 167 273 167 273 359 102 359 BIODEGRADABLE 0
101 296 315 296 315 415 101 415 BIODEGRADABLE 0
1 163 154 163 154 415 1 415 BIODEGRADABLE 0
1 348 61 348 61 415 1 415 BIODEGRADABLE 0
1 0 176 0 176 178 1 178 BIODEGRADABLE 0
159 18 294 18 294 190 159 190 BIODEGRADABLE 0
294 4 330 4 330 36 294 36 BIODEGRADABLE 0
241.00000000000003 184 287 184 287 213.99999999999997 241.00000000000003 213.99999999999997 BIODEGRADABLE 0
249 213.99999999999997 289 213.99999999999997 289 237 249 237 BIODEGRADABLE 0
327 226.99999999999997 359 226.99999999999997 359 258 327 258 BIODEGRADABLE 0
329 385 359 385 359 405 329 405 BIODEGRADABLE 0
283 387 309 387 309 415 283 415 BIODEGRADABLE 0
302 325 332 325 332 346 302 346 BIODEGRADABLE 0
311 294 343 294 343 320 311 320 BIODEGRADABLE 0
334 281 364 281 364 311 334 311 BIODEGRADABLE 0
323 312 361 312 361 340 323 340 BIODEGRADABLE 0
319 177 357 177 357 209 319 209 BIODEGRADABLE 0
298 175 324 175 324 206 298 206 BIODEGRADABLE 0
279 147 315 147 315 178 279 178 BIODEGRADABLE 0
76 220 108.00000000000001 220 108.00000000000001 238 76 238 BIODEGRADABLE 0
80 238 114.00000000000001 238 114.00000000000001 261 80 261 BIODEGRADABLE 0
357 199 376 199 376 233 357 233 BIODEGRADABLE 0
359 164 376 164 376 196 359 196 BIODEGRADABLE 0
319 140 359 140 359 168 319 168 BIODEGRADABLE 0
329 121.00000000000001 355 121.00000000000001 355 142 329 142 BIODEGRADABLE 0
344 105 374 105 374 137 344 137 BIODEGRADABLE 0
361 125.99999999999999 376 125.99999999999999 376 158 361 158 BIODEGRADABLE 0
334 96 355 96 355 116 334 116 BIODEGRADABLE 0
366 0 376 0 376 39 366 39 BIODEGRADABLE 0