117 202 158 202 158 260 117 260 BIODEGRADABLE 0
282 191 313 191 313 226.99999999999997 282 226.99999999999997 BIODEGRADABLE 0
252.99999999999997 237 273 237 273 257 252.99999999999997 257 BIODEGRADABLE 0
177 260 344 260 344 280 177 280 BIODEGRADABLE 0
319 232 413 232 413 269 319 269 BIODEGRADABLE 0
278 181 414 181 414 225 278 225 BIODEGRADABLE 0
317 125.99999999999999 414 125.99999999999999 414 181 317 181 BIODEGRADABLE 0
305 2 395 2 395 147 305 147 BIODEGRADABLE 0
379 2 414 2 414 130 379 130 BIODEGRADABLE 0
379 2 414 2 414 98 379 98 BIODEGRADABLE 0
238.99999999999997 269 414 269 414 310 238.99999999999997 310 BIODEGRADABLE 0
286 289 336 289 336 337 286 337 BIODEGRADABLE 0
323 314 389 314 389 392 323 392 BIODEGRADABLE 0
159 244 344 244 344 415 159 415 BIODEGRADABLE 0
329 398 376 398 376 415 329 415 BIODEGRADABLE 0
162 142 269 142 269 244 162 244 BIODEGRADABLE 0
229.00000000000003 4 317 4 317 165 229.00000000000003 165 BIODEGRADABLE 0
238 2 298 2 298 74 238 74 BIODEGRADABLE 0
160 65 298 65 298 131 160 131 BIODEGRADABLE 0
210 2 262 2 262 68 210 68 BIODEGRADABLE 0
98 18 228.00000000000003 18 228.00000000000003 59.99999999999999 98 59.99999999999999 BIODEGRADABLE 0
142 2 216.00000000000003 2 216.00000000000003 28 142 28 BIODEGRADABLE 0
72 92 140 92 140 368 72 368 BIODEGRADABLE 0
74 119 146 119 146 177 74 177 BIODEGRADABLE 0
64 285 204 285 204 379 64 379 BIODEGRADABLE 0
97 243 165 243 165 390 97 390 BIODEGRADABLE 0
14.999999999999998 184 109 184 109 315 14.999999999999998 315 BIODEGRADABLE 0
0 209 84 209 84 283 0 283 BIODEGRADABLE 0
1 200 74 200 74 249 1 249 BIODEGRADABLE 0
1 128 88 128 88 208 1 208 BIODEGRADABLE 0
1 75 96 75 96 139 1 139 BIODEGRADABLE 0
27.000000000000004 2 123 2 123 101 27.000000000000004 101 BIODEGRADABLE 0
1 332 53 332 53 363 1 363 BIODEGRADABLE 0
1 143 414 143 414 315 1 315 BIODEGRADABLE 0
27.000000000000004 2 383 2 383 397 27.000000000000004 397 BIODEGRADABLE 0
124 384 376 384 376 415 124 415 BIODEGRADABLE 0