195 106 357 106 357 216.00000000000003 195 216.00000000000003 BIODEGRADABLE 0
234 79 264 79 264 105 234 105 BIODEGRADABLE 0
200 18 323 18 323 88 200 88 BIODEGRADABLE 0
19 2 173 2 173 99 19 99 BIODEGRADABLE 0
280 84 412 84 412 164 280 164 BIODEGRADABLE 0
18 124 209 124 209 232 18 232 BIODEGRADABLE 0
234 226.99999999999997 309 226.99999999999997 309 277 234 277 BIODEGRADABLE 0
344 251 369 251 369 277 344 277 BIODEGRADABLE 0
359 242.00000000000003 389 242.00000000000003 389 263 359 263 BIODEGRADABLE 0
216.00000000000003 292 398 292 398 391 216.00000000000003 391 BIODEGRADABLE 0
116 297 270 297 270 371 116 371 BIODEGRADABLE 0
9 262 166 262 166 317 9 317 BIODEGRADABLE 0
26 350 98 350 98 403 26 403 BIODEGRADABLE 0
306 358 399 358 399 415 306 415 BIODEGRADABLE 0