267 50 355 50 355 106 267 106 BIODEGRADABLE 0
289 106 393 106 393 171 289 171 BIODEGRADABLE 0
307 183 398 183 398 260 307 260 BIODEGRADABLE 0
323 252.99999999999997 411 252.99999999999997 411 314 323 314 BIODEGRADABLE 0
306 325 378 325 378 415 306 415 BIODEGRADABLE 0
268 322 334 322 334 374 268 374 BIODEGRADABLE 0
260 376 337 376 337 415 260 415 BIODEGRADABLE 0
364 347 414 347 414 394 364 394 BIODEGRADABLE 0
344 314 414 314 414 350 344 350 BIODEGRADABLE 0
238.99999999999997 324 267 324 267 371 238.99999999999997 371 BIODEGRADABLE 0
225.99999999999997 373 264 373 264 415 225.99999999999997 415 BIODEGRADABLE 0
252.99999999999997 306 321 306 321 322 252.99999999999997 322 BIODEGRADABLE 0
180 327 238.99999999999997 327 238.99999999999997 381 180 381 BIODEGRADABLE 0
148 347 218 347 218 397 148 397 BIODEGRADABLE 0
151 297 205 297 205 345 151 345 BIODEGRADABLE 0
119 291 171 291 171 344 119 344 BIODEGRADABLE 0
166 247 234 247 234 306 166 306 BIODEGRADABLE 0
210 239.99999999999997 280 239.99999999999997 280 300 210 300 BIODEGRADABLE 0
155 264 171 264 171 291 155 291 BIODEGRADABLE 0
119 241.00000000000003 173 241.00000000000003 173 268 119 268 BIODEGRADABLE 0
93 209 200 209 200 271 93 271 BIODEGRADABLE 0
150 153 191 153 191 209 150 209 BIODEGRADABLE 0
157 148 280 148 280 244 157 244 BIODEGRADABLE 0
136 75 264 75 264 159 136 159 BIODEGRADABLE 0
25 49 171 49 171 205 25 205 BIODEGRADABLE 0