36 28 140 28 140 164 36 164 BIODEGRADABLE 0
204 3 315 3 315 112 204 112 BIODEGRADABLE 0
127.00000000000001 52 239.99999999999997 52 239.99999999999997 270 127.00000000000001 270 BIODEGRADABLE 0
94 241.00000000000003 169 241.00000000000003 169 377 94 377 BIODEGRADABLE 0
37 139 125 139 125 287 37 287 BIODEGRADABLE 0
10 186 93 186 93 344 10 344 BIODEGRADABLE 0
129 263 218 263 218 407 129 407 BIODEGRADABLE 0
194 223 307 223 307 415 194 415 BIODEGRADABLE 0
254.00000000000003 77 376 77 376 251 254.00000000000003 251 BIODEGRADABLE 0
280 245 366 245 366 414 280 414 BIODEGRADABLE 0
309 179 402 179 402 325 309 325 BIODEGRADABLE 0