147 16 307 16 307 122 147 122 BIODEGRADABLE 0
108.00000000000001 52 210 52 210 140 108.00000000000001 140 BIODEGRADABLE 0
59.99999999999999 46 138 46 138 106 59.99999999999999 106 BIODEGRADABLE 0
38 135 166 135 166 223 38 223 BIODEGRADABLE 0
58 209 163 209 163 290 58 290 BIODEGRADABLE 0
21 207 73 207 73 257 21 257 BIODEGRADABLE 0
17 248 89 248 89 308 17 308 BIODEGRADABLE 0
75 247 193 247 193 351 75 351 BIODEGRADABLE 0
26 302 166 302 166 360 26 360 BIODEGRADABLE 0
156 237 281 237 281 367 156 367 BIODEGRADABLE 0
261 264 363 264 363 358 261 358 BIODEGRADABLE 0
218 317 267 317 267 367 218 367 BIODEGRADABLE 0
263 130 351 130 351 306 263 306 BIODEGRADABLE 0
229.00000000000003 171 289 171 289 267 229.00000000000003 267 BIODEGRADABLE 0
325 90 409 90 409 256 325 256 BIODEGRADABLE 0
241.00000000000003 93 373 93 373 259 241.00000000000003 259 BIODEGRADABLE 0
20 19 406 19 406 367 20 367 BIODEGRADABLE 0