0 3 106 3 106 78 0 78 BIODEGRADABLE 0
36 3 118 3 118 41 36 41 BIODEGRADABLE 0
106 182 228.00000000000003 182 228.00000000000003 262 106 262 BIODEGRADABLE 0
176 94 223 94 223 196 176 196 BIODEGRADABLE 0
119.99999999999999 110 184 110 184 180 119.99999999999999 180 BIODEGRADABLE 0
130 73 201 73 201 121.00000000000001 130 121.00000000000001 BIODEGRADABLE 0
97 105 137 105 137 153 97 153 BIODEGRADABLE 0
67 143 119.99999999999999 143 119.99999999999999 175 67 175 BIODEGRADABLE 0
61 173 121.00000000000001 173 121.00000000000001 203 61 203 BIODEGRADABLE 0
203 64 359 64 359 114.00000000000001 203 114.00000000000001 BIODEGRADABLE 0
256 79 390 79 390 357 256 357 BIODEGRADABLE 0
391 98 415 98 415 225.99999999999997 391 225.99999999999997 BIODEGRADABLE 0
321 184 411 184 411 275 321 275 BIODEGRADABLE 0
351 134 398 134 398 225 351 225 BIODEGRADABLE 0
254.00000000000003 106.99999999999999 325 106.99999999999999 325 285 254.00000000000003 285 BIODEGRADABLE 0
226.99999999999997 106.99999999999999 286 106.99999999999999 286 235 226.99999999999997 235 BIODEGRADABLE 0
210 102 251 102 251 248 210 248 BIODEGRADABLE 0
185 323 256 323 256 377 185 377 BIODEGRADABLE 0
203 316 329 316 329 398 203 398 BIODEGRADABLE 0
286 314 414 314 414 414 286 414 BIODEGRADABLE 0
306 362 332 362 332 382 306 382 BIODEGRADABLE 0
330 289 414 289 414 369 330 369 BIODEGRADABLE 0
326 293 386 293 386 334 326 334 BIODEGRADABLE 0
375 237 415 237 415 321 375 321 BIODEGRADABLE 0
259 373 293 373 293 414 259 414 BIODEGRADABLE 0
207 394 257 394 257 416 207 416 BIODEGRADABLE 0
178 388 210 388 210 415 178 415 BIODEGRADABLE 0
164 344 202 344 202 398 164 398 BIODEGRADABLE 0
151 359 165 359 165 391 151 391 BIODEGRADABLE 0
130 341 164 341 164 384 130 384 BIODEGRADABLE 0
101 332 133 332 133 362 101 362 BIODEGRADABLE 0
73 273 109 273 109 348 73 348 BIODEGRADABLE 0
104 284 186 284 186 341 104 341 BIODEGRADABLE 0
161 328 182 328 182 353 161 353 BIODEGRADABLE 0
61 267 233 267 233 339 61 339 BIODEGRADABLE 0
206 307 256 307 256 341 206 341 BIODEGRADABLE 0
29 221 291 221 291 323 29 323 BIODEGRADABLE 0
87 237 135 237 135 252.99999999999997 87 252.99999999999997 BIODEGRADABLE 0
37 203 289 203 289 323 37 323 BIODEGRADABLE 0
27.000000000000004 68 415 68 415 415 27.000000000000004 415 BIODEGRADABLE 0