307 116 397 116 397 236 307 236 BIODEGRADABLE 0
221 114.00000000000001 311 114.00000000000001 311 200 221 200 BIODEGRADABLE 0
115 116 235 116 235 298 115 298 BIODEGRADABLE 0
1 20 156 20 156 415 1 415 BIODEGRADABLE 0
162 198 415 198 415 358 162 358 BIODEGRADABLE 0
366 115 415 115 415 203 366 203 BIODEGRADABLE 0
298 264 395 264 395 326 298 326 BIODEGRADABLE 0
260 294 330 294 330 380 260 380 BIODEGRADABLE 0
148 316 299 316 299 415 148 415 BIODEGRADABLE 0
285 307 368 307 368 411 285 411 BIODEGRADABLE 0
80 286 172 286 172 415 80 415 BIODEGRADABLE 0
36 375 140 375 140 415 36 415 BIODEGRADABLE 0
299 295 415 295 415 415 299 415 BIODEGRADABLE 0
230 184 296 184 296 250 230 250 BIODEGRADABLE 0