386 282 414 282 414 396 386 396 BIODEGRADABLE 0
368 368 392 368 392 414 368 414 BIODEGRADABLE 0
342 371 370 371 370 412 342 412 BIODEGRADABLE 0
339 303 385 303 385 375 339 375 BIODEGRADABLE 0
392 129 414 129 414 307 392 307 BIODEGRADABLE 0
366 128 404 128 404 321 366 321 BIODEGRADABLE 0
340 132 398 132 398 323 340 323 BIODEGRADABLE 0
379 75 406 75 406 143 379 143 BIODEGRADABLE 0
360 59.99999999999999 384 59.99999999999999 384 146 360 146 BIODEGRADABLE 0
330 62 376 62 376 146 330 146 BIODEGRADABLE 0
319 59.99999999999999 371 59.99999999999999 371 114.00000000000001 319 114.00000000000001 BIODEGRADABLE 0
259 96 325 96 325 176 259 176 BIODEGRADABLE 0
323 123 339 123 339 161 323 161 BIODEGRADABLE 0
337 144 351 144 351 166 337 166 BIODEGRADABLE 0
353 141 368 141 368 166 353 166 BIODEGRADABLE 0
333 168 357 168 357 198 333 198 BIODEGRADABLE 0
316 157 336 157 336 185 316 185 BIODEGRADABLE 0
289 173 327 173 327 241.00000000000003 289 241.00000000000003 BIODEGRADABLE 0
311 200 359 200 359 282 311 282 BIODEGRADABLE 0
284 243 318 243 318 293 284 293 BIODEGRADABLE 0
304 278 344 278 344 319 304 319 BIODEGRADABLE 0
256 292 346 292 346 396 256 396 BIODEGRADABLE 0
247 270 288 270 288 316 247 316 BIODEGRADABLE 0
252.99999999999997 173 297 173 297 273 252.99999999999997 273 BIODEGRADABLE 0
236 180 274 180 274 244 236 244 BIODEGRADABLE 0
226.99999999999997 238.99999999999997 262 238.99999999999997 262 296 226.99999999999997 296 BIODEGRADABLE 0
222 259 262 259 262 368 222 368 BIODEGRADABLE 0
229.00000000000003 346 256 346 256 378 229.00000000000003 378 BIODEGRADABLE 0
235 376 263 376 263 412 235 412 BIODEGRADABLE 0
222 389 242.00000000000003 389 242.00000000000003 414 222 414 BIODEGRADABLE 0
225.99999999999997 128 267 128 267 194 225.99999999999997 194 BIODEGRADABLE 0
230 46 296 46 296 130 230 130 BIODEGRADABLE 0
225 0 283 0 283 50 225 50 BIODEGRADABLE 0
183 89 225 89 225 185 183 185 BIODEGRADABLE 0
176 96 242.00000000000003 96 242.00000000000003 153 176 153 BIODEGRADABLE 0
76 84 188 84 188 243 76 243 BIODEGRADABLE 0
133 66 177 66 177 118 133 118 BIODEGRADABLE 0
174 171 192 171 192 219 174 219 BIODEGRADABLE 0
158 196 182 196 182 230 158 230 BIODEGRADABLE 0
147 221 167 221 167 255.00000000000003 147 255.00000000000003 BIODEGRADABLE 0
165 230 181 230 181 250 165 250 BIODEGRADABLE 0
115 212 147 212 147 250 115 250 BIODEGRADABLE 0
125.99999999999999 248 136 248 136 270 125.99999999999999 270 BIODEGRADABLE 0
136 250 151 250 151 266 136 266 BIODEGRADABLE 0
152 252.99999999999997 167 252.99999999999997 167 271 152 271 BIODEGRADABLE 0
165 250 174 250 174 264 165 264 BIODEGRADABLE 0
158 266 173 266 173 294 158 294 BIODEGRADABLE 0
142 271 156 271 156 289 142 289 BIODEGRADABLE 0
132 268 144 268 144 282 132 282 BIODEGRADABLE 0
174 237 222 237 222 307 174 307 BIODEGRADABLE 0
191 182 235 182 235 238.99999999999997 191 238.99999999999997 BIODEGRADABLE 0
161 296 229.00000000000003 296 229.00000000000003 405 161 405 BIODEGRADABLE 0
124 339 162 339 162 407 124 407 BIODEGRADABLE 0
130 287 170 287 170 344 130 344 BIODEGRADABLE 0
108.00000000000001 305 135 305 135 362 108.00000000000001 362 BIODEGRADABLE 0
43 101 84 101 84 155 43 155 BIODEGRADABLE 0
68 157 100 157 100 271 68 271 BIODEGRADABLE 0
79 246 132 246 132 330 79 330 BIODEGRADABLE 0
64 325 116 325 116 400 64 400 BIODEGRADABLE 0
20 307 73 307 73 387 20 387 BIODEGRADABLE 0
9 311 27.000000000000004 311 27.000000000000004 341 9 341 BIODEGRADABLE 0
2 336 23 336 23 364 2 364 BIODEGRADABLE 0
0 366 24 366 24 396 0 396 BIODEGRADABLE 0
44 157 88 157 88 330 44 330 BIODEGRADABLE 0
26 150 56 150 56 314 26 314 BIODEGRADABLE 0
4 168 64 168 64 318 4 318 BIODEGRADABLE 0
3 173 27.000000000000004 173 27.000000000000004 213.99999999999997 3 213.99999999999997 BIODEGRADABLE 0
2 118 44 118 44 164 2 164 BIODEGRADABLE 0
1 137 29 137 29 185 1 185 BIODEGRADABLE 0
0 162 12 162 12 246 0 246 BIODEGRADABLE 0
0 250 14.999999999999998 250 14.999999999999998 348 0 348 BIODEGRADABLE 0