140 183 217 183 217 241.00000000000003 140 241.00000000000003 BIODEGRADABLE 0
212 152 292 152 292 206 212 206 BIODEGRADABLE 0
185 103 260 103 260 159 185 159 BIODEGRADABLE 0
206 49 288 49 288 111 206 111 BIODEGRADABLE 0
281 76 352 76 352 130 281 130 BIODEGRADABLE 0
245 110 299 110 299 158 245 158 BIODEGRADABLE 0
294 129 356 129 356 174 294 174 BIODEGRADABLE 0
311 167 377 167 377 211 311 211 BIODEGRADABLE 0
288 177 316 177 316 197 288 197 BIODEGRADABLE 0
260 193 344 193 344 252.99999999999997 260 252.99999999999997 BIODEGRADABLE 0
350 196 412 196 412 254.00000000000003 350 254.00000000000003 BIODEGRADABLE 0
318 222 358 222 358 259 318 259 BIODEGRADABLE 0
275 243 311 243 311 269 275 269 BIODEGRADABLE 0
204 226.99999999999997 277 226.99999999999997 277 281 204 281 BIODEGRADABLE 0
281 254.00000000000003 356 254.00000000000003 356 320 281 320 BIODEGRADABLE 0
215.00000000000003 277 281 277 281 309 215.00000000000003 309 BIODEGRADABLE 0
183 294 221 294 221 326 183 326 BIODEGRADABLE 0
131 246 211 246 211 310 131 310 BIODEGRADABLE 0
215.00000000000003 307 283 307 283 368 215.00000000000003 368 BIODEGRADABLE 0
187 357 247 357 247 402 187 402 BIODEGRADABLE 0
165 328 212 328 212 368 165 368 BIODEGRADABLE 0
125 302 187 302 187 352 125 352 BIODEGRADABLE 0
114.00000000000001 276 150 276 150 310 114.00000000000001 310 BIODEGRADABLE 0
59.99999999999999 249 122 249 122 302 59.99999999999999 302 BIODEGRADABLE 0
73 301 131 301 131 351 73 351 BIODEGRADABLE 0
103 341 169 341 169 388 103 388 BIODEGRADABLE 0
33 180 97 180 97 225 33 225 BIODEGRADABLE 0
73 150 111 150 111 187 73 187 BIODEGRADABLE 0
106 121.00000000000001 172 121.00000000000001 172 171 106 171 BIODEGRADABLE 0
163 94 215.00000000000003 94 215.00000000000003 142 163 142 BIODEGRADABLE 0
133 66 193 66 193 110 133 110 BIODEGRADABLE 0
75 45 133 45 133 98 75 98 BIODEGRADABLE 0
129 100 159 100 159 122 129 122 BIODEGRADABLE 0
62.99999999999999 92 127.00000000000001 92 127.00000000000001 144 62.99999999999999 144 BIODEGRADABLE 0
41 73 86 73 86 121.00000000000001 41 121.00000000000001 BIODEGRADABLE 0
1 90 41 90 41 130 1 130 BIODEGRADABLE 0
17 129 90 129 90 179 17 179 BIODEGRADABLE 0
0 127.00000000000001 17 127.00000000000001 17 171 0 171 BIODEGRADABLE 0
7 169 37 169 37 197 7 197 BIODEGRADABLE 0
0 186 24 186 24 230 0 230 BIODEGRADABLE 0
13 213.99999999999997 73 213.99999999999997 73 251 13 251 BIODEGRADABLE 0
0 233 28 233 28 283 0 283 BIODEGRADABLE 0
0 265 62 265 62 315 0 315 BIODEGRADABLE 0