180 88 371 88 371 294 180 294 BIODEGRADABLE 0
328 3 414 3 414 159 328 159 BIODEGRADABLE 0
354 155 415 155 415 341 354 341 BIODEGRADABLE 0
343 292 415 292 415 384 343 384 BIODEGRADABLE 0
183 258 315 258 315 410 183 410 BIODEGRADABLE 0
290 332 327 332 327 415 290 415 BIODEGRADABLE 0
302 386 381 386 381 415 302 415 BIODEGRADABLE 0
147 345 219 345 219 415 147 415 BIODEGRADABLE 0
133 356 195 356 195 415 133 415 BIODEGRADABLE 0
149 163 249 163 249 324 149 324 BIODEGRADABLE 0
196 2 355 2 355 112 196 112 BIODEGRADABLE 0
150 3 248 3 248 155 150 155 BIODEGRADABLE 0
28 105 195 105 195 251 28 251 BIODEGRADABLE 0
25 39 145 39 145 155 25 155 BIODEGRADABLE 0
0 2 82 2 82 103 0 103 BIODEGRADABLE 0
81 2 163 2 163 64 81 64 BIODEGRADABLE 0
0 156 44 156 44 316 0 316 BIODEGRADABLE 0
27.000000000000004 294 153 294 153 392 27.000000000000004 392 BIODEGRADABLE 0