51 218 124 218 124 302 51 302 BIODEGRADABLE 0
90 265 157 265 157 370 90 370 BIODEGRADABLE 0
136 272 215.00000000000003 272 215.00000000000003 384 136 384 BIODEGRADABLE 0
211 286 271 286 271 370 211 370 BIODEGRADABLE 0
267 245 331 245 331 341 267 341 BIODEGRADABLE 0
268 185 338 185 338 272 268 272 BIODEGRADABLE 0
206 197 276 197 276 289 206 289 BIODEGRADABLE 0
142 185 208 185 208 290 142 290 BIODEGRADABLE 0
108.00000000000001 167 172 167 172 254.00000000000003 108.00000000000001 254.00000000000003 BIODEGRADABLE 0
145 131 191 131 191 183 145 183 BIODEGRADABLE 0
176 151 234 151 234 206 176 206 BIODEGRADABLE 0
235 142 294 142 294 210 235 210 BIODEGRADABLE 0
195 92 257 92 257 163 195 163 BIODEGRADABLE 0
80 116 145 116 145 199 80 199 BIODEGRADABLE 0
71 188 115 188 115 218 71 218 BIODEGRADABLE 0
151 373 207 373 207 405 151 405 BIODEGRADABLE 0
268 334 288 334 288 357 268 357 BIODEGRADABLE 0