151 219 256 219 256 355 151 355 BIODEGRADABLE 0
207 187 283 187 283 305 207 305 BIODEGRADABLE 0
186 132 251 132 251 230 186 230 BIODEGRADABLE 0
136 89 195 89 195 155 136 155 BIODEGRADABLE 0
116 14 233 14 233 148 116 148 BIODEGRADABLE 0
89 237 185 237 185 335 89 335 BIODEGRADABLE 0
138 191 160 191 160 237 138 237 BIODEGRADABLE 0
159 182 179 182 179 216.00000000000003 159 216.00000000000003 BIODEGRADABLE 0
170 29.999999999999996 256 29.999999999999996 256 137 170 137 BIODEGRADABLE 0
189 26 254.00000000000003 26 254.00000000000003 114.00000000000001 189 114.00000000000001 BIODEGRADABLE 0
201 3 263 3 263 103 201 103 BIODEGRADABLE 0
215.00000000000003 2 268 2 268 84 215.00000000000003 84 BIODEGRADABLE 0
229.00000000000003 2 245 2 245 18 229.00000000000003 18 BIODEGRADABLE 0
257 25 277 25 277 57.00000000000001 257 57.00000000000001 BIODEGRADABLE 0
258 3 279 3 279 23 258 23 BIODEGRADABLE 0
275 9 295 9 295 41 275 41 BIODEGRADABLE 0
279 34 303 34 303 66 279 66 BIODEGRADABLE 0
264 52 282 52 282 80 264 80 BIODEGRADABLE 0
306 23 332 23 332 55 306 55 BIODEGRADABLE 0
297 2 319 2 319 29.999999999999996 297 29.999999999999996 BIODEGRADABLE 0
321 3 348 3 348 37 321 37 BIODEGRADABLE 0
346 14 380 14 380 89 346 89 BIODEGRADABLE 0
348 2 380 2 380 9 348 9 BIODEGRADABLE 0
372 2 415 2 415 75 372 75 BIODEGRADABLE 0
156 334 180 334 180 362 156 362 BIODEGRADABLE 0
186 341 204 341 204 375 186 375 BIODEGRADABLE 0
173 359 193 359 193 393 173 393 BIODEGRADABLE 0
151 391 173 391 173 415 151 415 BIODEGRADABLE 0
178 394 194 394 194 416 178 416 BIODEGRADABLE 0
192 378 204 378 204 410 192 410 BIODEGRADABLE 0
256 225 376 225 376 382 256 382 BIODEGRADABLE 0
256 55 376 55 376 230 256 230 BIODEGRADABLE 0
370 61 415 61 415 165 370 165 BIODEGRADABLE 0
375 168 415 168 415 322 375 322 BIODEGRADABLE 0
318 320 415 320 415 415 318 415 BIODEGRADABLE 0
202 338 321 338 321 415 202 415 BIODEGRADABLE 0