245 249 399 249 399 373 245 373 BIODEGRADABLE 0
182 158 350 158 350 322 182 322 BIODEGRADABLE 0
286 159 348 159 348 220 286 220 BIODEGRADABLE 0
238 76 332 76 332 180 238 180 BIODEGRADABLE 0
172 29 294 29 294 106 172 106 BIODEGRADABLE 0
180 2 266 2 266 31 180 31 BIODEGRADABLE 0
5 2 185 2 185 92 5 92 BIODEGRADABLE 0
3 12 99 12 99 172 3 172 BIODEGRADABLE 0
2 95 165 95 165 241.00000000000003 2 241.00000000000003 BIODEGRADABLE 0
103 56 252.99999999999997 56 252.99999999999997 206 103 206 BIODEGRADABLE 0
67 225 195 225 195 355 67 355 BIODEGRADABLE 0
2 236 112 236 112 398 2 398 BIODEGRADABLE 0
3 194 37 194 37 328 3 328 BIODEGRADABLE 0
97 305 247 305 247 395 97 395 BIODEGRADABLE 0
238 334 302 334 302 395 238 395 BIODEGRADABLE 0