44 150 105 150 105 232 44 232 BIODEGRADABLE 0
32 136 76 136 76 172 32 172 BIODEGRADABLE 0
7 58 166 58 166 198 7 198 BIODEGRADABLE 0
108.00000000000001 88 172 88 172 154 108.00000000000001 154 BIODEGRADABLE 0
32 195 204 195 204 397 32 397 BIODEGRADABLE 0
52 33 416 33 416 219 52 219 BIODEGRADABLE 0
262 266 370 266 370 354 262 354 BIODEGRADABLE 0
267 239.99999999999997 339 239.99999999999997 339 285 267 285 BIODEGRADABLE 0
350 243 403 243 403 320 350 320 BIODEGRADABLE 0
99 163 416 163 416 415 99 415 BIODEGRADABLE 0
196 112 310 112 310 292 196 292 BIODEGRADABLE 0
170 101 246 101 246 178 170 178 BIODEGRADABLE 0