207 122 311 122 311 192 207 192 BIODEGRADABLE 0
344 237 412 237 412 335 344 335 BIODEGRADABLE 0
287 344 353 344 353 415 287 415 BIODEGRADABLE 0
291 309 339 309 339 346 291 346 BIODEGRADABLE 0
238.99999999999997 327 298 327 298 385 238.99999999999997 385 BIODEGRADABLE 0
280 222 344 222 344 307 280 307 BIODEGRADABLE 0
241.00000000000003 283 307 283 307 341 241.00000000000003 341 BIODEGRADABLE 0
222 375 292 375 292 414 222 414 BIODEGRADABLE 0
335 305 374 305 374 381 335 381 BIODEGRADABLE 0
318 90 414 90 414 222 318 222 BIODEGRADABLE 0
326 193 414 193 414 263 326 263 BIODEGRADABLE 0
324 72 390 72 390 135 324 135 BIODEGRADABLE 0
307 14.999999999999998 359 14.999999999999998 359 67 307 67 BIODEGRADABLE 0
309 43 348 43 348 102 309 102 BIODEGRADABLE 0
344 39 405 39 405 87 344 87 BIODEGRADABLE 0
230 56 315 56 315 128 230 128 BIODEGRADABLE 0
233 0 309 0 309 59 233 59 BIODEGRADABLE 0
209 28 307 28 307 87 209 87 BIODEGRADABLE 0
165 72 231 72 231 176 165 176 BIODEGRADABLE 0
170 176 218 176 218 225.99999999999997 170 225.99999999999997 BIODEGRADABLE 0
224 193 264 193 264 237 224 237 BIODEGRADABLE 0
242.00000000000003 194 320 194 320 272 242.00000000000003 272 BIODEGRADABLE 0
176 213.99999999999997 248 213.99999999999997 248 294 176 294 BIODEGRADABLE 0
118 266 220 266 220 340 118 340 BIODEGRADABLE 0
198 287 261 287 261 341 198 341 BIODEGRADABLE 0
182 340 289 340 289 414 182 414 BIODEGRADABLE 0
140 351 196 351 196 414 140 414 BIODEGRADABLE 0
98 342 146 342 146 398 98 398 BIODEGRADABLE 0
67 302 121.00000000000001 302 121.00000000000001 387 67 387 BIODEGRADABLE 0
28 281 86 281 86 349 28 349 BIODEGRADABLE 0
4 215.00000000000003 56 215.00000000000003 56 283 4 283 BIODEGRADABLE 0
9 143 61 143 61 217 9 217 BIODEGRADABLE 0
45 135 163 135 163 211 45 211 BIODEGRADABLE 0
102 189 184 189 184 296 102 296 BIODEGRADABLE 0
54.00000000000001 211 106 211 106 301 54.00000000000001 301 BIODEGRADABLE 0
45 74 115 74 115 144 45 144 BIODEGRADABLE 0
87 35 137 35 137 118 87 118 BIODEGRADABLE 0
112.99999999999999 6 201 6 201 80 112.99999999999999 80 BIODEGRADABLE 0
158 0 241.00000000000003 0 241.00000000000003 78 158 78 BIODEGRADABLE 0
124 65 228.00000000000003 65 228.00000000000003 185 124 185 BIODEGRADABLE 0