11 90 59 90 59 194 11 194 BIODEGRADABLE 0
40 47 96 47 96 170 40 170 BIODEGRADABLE 0
59 168 106 168 106 215.00000000000003 59 215.00000000000003 BIODEGRADABLE 0
54.00000000000001 191 80 191 80 233 54.00000000000001 233 BIODEGRADABLE 0
38 186 55 186 55 222 38 222 BIODEGRADABLE 0
13 194 39 194 39 233 13 233 BIODEGRADABLE 0
18 223 38 223 38 262 18 262 BIODEGRADABLE 0
33 228.00000000000003 47 228.00000000000003 47 254.00000000000003 33 254.00000000000003 BIODEGRADABLE 0
45 217 61 217 61 246 45 246 BIODEGRADABLE 0
45 249 62.99999999999999 249 62.99999999999999 281 45 281 BIODEGRADABLE 0
62 243 75 243 75 272 62 272 BIODEGRADABLE 0
62 223 80 223 80 244 62 244 BIODEGRADABLE 0
76 222 86 222 86 246 76 246 BIODEGRADABLE 0
72 241.00000000000003 82 241.00000000000003 82 267 72 267 BIODEGRADABLE 0
36 259 57.00000000000001 259 57.00000000000001 288 36 288 BIODEGRADABLE 0
54.00000000000001 278 79 278 79 314 54.00000000000001 314 BIODEGRADABLE 0
29.999999999999996 278 85 278 85 354 29.999999999999996 354 BIODEGRADABLE 0
84 309 127.00000000000001 309 127.00000000000001 345 84 345 BIODEGRADABLE 0
79 283 93 283 93 312 79 312 BIODEGRADABLE 0
71 272 85 272 85 296 71 296 BIODEGRADABLE 0
81 264 98 264 98 285 81 285 BIODEGRADABLE 0
83 191 125 191 125 265 83 265 BIODEGRADABLE 0
96 267 112.99999999999999 267 112.99999999999999 299 96 299 BIODEGRADABLE 0
109 262 123 262 123 288 109 288 BIODEGRADABLE 0
106 285 119.99999999999999 285 119.99999999999999 314 106 314 BIODEGRADABLE 0
97 301 110 301 110 327 97 327 BIODEGRADABLE 0
92 283 100 283 100 301 92 301 BIODEGRADABLE 0
93 147 109 147 109 191 93 191 BIODEGRADABLE 0
90 155 102 155 102 181 90 181 BIODEGRADABLE 0
100 147 117 147 117 199 100 199 BIODEGRADABLE 0
108.00000000000001 152 118 152 118 181 108.00000000000001 181 BIODEGRADABLE 0
97 102 121.00000000000001 102 121.00000000000001 154 97 154 BIODEGRADABLE 0
88 62.99999999999999 118 62.99999999999999 118 106.99999999999999 88 106.99999999999999 BIODEGRADABLE 0
117 99 134 99 134 165 117 165 BIODEGRADABLE 0
85 327 135 327 135 374 85 374 BIODEGRADABLE 0
133 343 161 343 161 359 133 359 BIODEGRADABLE 0
116 309 148 309 148 345 116 345 BIODEGRADABLE 0
123 304 159 304 159 340 123 340 BIODEGRADABLE 0
93 367 127.00000000000001 367 127.00000000000001 414 93 414 BIODEGRADABLE 0
151 364 190 364 190 408 151 408 BIODEGRADABLE 0
210 353 232 353 232 395 210 395 BIODEGRADABLE 0
188 369 226.99999999999997 369 226.99999999999997 415 188 415 BIODEGRADABLE 0
232 343 287 343 287 413 232 413 BIODEGRADABLE 0
260 382 309 382 309 415 260 415 BIODEGRADABLE 0
287 317 335 317 335 377 287 377 BIODEGRADABLE 0
320 346 364 346 364 416 320 416 BIODEGRADABLE 0
350 306 384 306 384 356 350 356 BIODEGRADABLE 0
318 299 354 299 354 351 318 351 BIODEGRADABLE 0
338 238 392 238 392 306 338 306 BIODEGRADABLE 0
325 270 350 270 350 312 325 312 BIODEGRADABLE 0
315 270 343 270 343 312 315 312 BIODEGRADABLE 0
148 105 173 105 173 171 148 171 BIODEGRADABLE 0
133 112.99999999999999 151 112.99999999999999 151 173 133 173 BIODEGRADABLE 0
129 87 143 87 143 123 129 123 BIODEGRADABLE 0
143 68 155 68 155 106.99999999999999 143 106.99999999999999 BIODEGRADABLE 0
143 11 211 11 211 103 143 103 BIODEGRADABLE 0
162 76 232 76 232 173 162 173 BIODEGRADABLE 0
123 270 143 270 143 314 123 314 BIODEGRADABLE 0
129 251 139 251 139 272 129 272 BIODEGRADABLE 0
125.99999999999999 251.99999999999997 132 251.99999999999997 132 262 125.99999999999999 262 BIODEGRADABLE 0
131 233 139 233 139 246 131 246 BIODEGRADABLE 0
125.99999999999999 231 131 231 131 244 125.99999999999999 244 BIODEGRADABLE 0
127.00000000000001 215.00000000000003 135 215.00000000000003 135 231 127.00000000000001 231 BIODEGRADABLE 0
117 191 131 191 131 215.00000000000003 117 215.00000000000003 BIODEGRADABLE 0
130 189 140 189 140 210 130 210 BIODEGRADABLE 0
121.00000000000001 170 134 170 134 188 121.00000000000001 188 BIODEGRADABLE 0
133 163 143 163 143 189 133 189 BIODEGRADABLE 0
141 168 153 168 153 189 141 189 BIODEGRADABLE 0
150 167 160 167 160 191 150 191 BIODEGRADABLE 0
161 170 173 170 173 194 161 194 BIODEGRADABLE 0
159 194 164 194 164 204 159 204 BIODEGRADABLE 0
147 194 161 194 161 215.00000000000003 147 215.00000000000003 BIODEGRADABLE 0
143 204 149 204 149 222 143 222 BIODEGRADABLE 0
137 257 161 257 161 307 137 307 BIODEGRADABLE 0
147 217 159 217 159 238 147 238 BIODEGRADABLE 0
158 230 170 230 170 251 158 251 BIODEGRADABLE 0
168 223 177 223 177 236 168 236 BIODEGRADABLE 0
161 225 166 225 166 235 161 235 BIODEGRADABLE 0
164 199 178 199 178 223 164 223 BIODEGRADABLE 0
156 204 165 204 165 222 156 222 BIODEGRADABLE 0
174 241.00000000000003 183 241.00000000000003 183 259 174 259 BIODEGRADABLE 0
177 257 186 257 186 273 177 273 BIODEGRADABLE 0
183 270 191 270 191 286 183 286 BIODEGRADABLE 0
190 251 199 251 199 272 190 272 BIODEGRADABLE 0
182 235 198 235 198 259 182 259 BIODEGRADABLE 0
160 265 182 265 182 301 160 301 BIODEGRADABLE 0
186 296 196 296 196 312 186 312 BIODEGRADABLE 0
194 317 199 317 199 335 194 335 BIODEGRADABLE 0
190 328 194 328 194 338 190 338 BIODEGRADABLE 0
187 314 207 314 207 348 187 348 BIODEGRADABLE 0
199 343 216.00000000000003 343 216.00000000000003 364 199 364 BIODEGRADABLE 0
221 338 237 338 237 354 221 354 BIODEGRADABLE 0
223 299 244 299 244 333 223 333 BIODEGRADABLE 0
226.99999999999997 319 231 319 231 327 226.99999999999997 327 BIODEGRADABLE 0
247 280 255.00000000000003 280 255.00000000000003 293 247 293 BIODEGRADABLE 0
236 251 258 251 258 293 236 293 BIODEGRADABLE 0
199 194 212 194 212 246 199 246 BIODEGRADABLE 0
186 170 200 170 200 222 186 222 BIODEGRADABLE 0
174 150 184 150 184 189 174 189 BIODEGRADABLE 0
174 183 196 183 196 233 174 233 BIODEGRADABLE 0
199 158 219 158 219 194 199 194 BIODEGRADABLE 0
215.00000000000003 121.00000000000001 233 121.00000000000001 233 160 215.00000000000003 160 BIODEGRADABLE 0
216.00000000000003 66 230 66 230 110 216.00000000000003 110 BIODEGRADABLE 0
224 47 245 47 245 86 224 86 BIODEGRADABLE 0
243 32 275 32 275 82 243 82 BIODEGRADABLE 0
276 21 308 21 308 81 276 81 BIODEGRADABLE 0
301 6 363 6 363 118 301 118 BIODEGRADABLE 0
344 47 394 47 394 144 344 144 BIODEGRADABLE 0
279 142 343 142 343 223 279 223 BIODEGRADABLE 0
287 76 338 76 338 180 287 180 BIODEGRADABLE 0
287 97 299 97 299 123 287 123 BIODEGRADABLE 0
283 82 293 82 293 92 283 92 BIODEGRADABLE 0
278 94 288 94 288 110 278 110 BIODEGRADABLE 0
283 121.00000000000001 289 121.00000000000001 289 157 283 157 BIODEGRADABLE 0
279 110 284 110 284 142 279 142 BIODEGRADABLE 0
270 112.99999999999999 279 112.99999999999999 279 149 270 149 BIODEGRADABLE 0
259 125.99999999999999 273 125.99999999999999 273 158 259 158 BIODEGRADABLE 0
252.99999999999997 142 277 142 277 178 252.99999999999997 178 BIODEGRADABLE 0
261 84 271 84 271 108.00000000000001 261 108.00000000000001 BIODEGRADABLE 0
258 110 270 110 270 125.99999999999999 258 125.99999999999999 BIODEGRADABLE 0
234 71 259 71 259 106.99999999999999 234 106.99999999999999 BIODEGRADABLE 0
246 106.99999999999999 258 106.99999999999999 258 139 246 139 BIODEGRADABLE 0
234 108.00000000000001 247 108.00000000000001 247 134 234 134 BIODEGRADABLE 0
238 142 251 142 251 168 238 168 BIODEGRADABLE 0
230 131 242.00000000000003 131 242.00000000000003 149 230 149 BIODEGRADABLE 0
224 139 238 139 238 144 224 144 BIODEGRADABLE 0
234 165 247 165 247 191 234 191 BIODEGRADABLE 0
217 181 229.00000000000003 181 229.00000000000003 202 217 202 BIODEGRADABLE 0
231 194 241.00000000000003 194 241.00000000000003 218 231 218 BIODEGRADABLE 0
219 196 229.00000000000003 196 229.00000000000003 220 219 220 BIODEGRADABLE 0
216.00000000000003 220 225 220 225 236 216.00000000000003 236 BIODEGRADABLE 0
206 230 218 230 218 254.00000000000003 206 254.00000000000003 BIODEGRADABLE 0
216.00000000000003 243 224 243 224 267 216.00000000000003 267 BIODEGRADABLE 0
223 251.99999999999997 235 251.99999999999997 235 270 223 270 BIODEGRADABLE 0
224 267 233 267 233 283 224 283 BIODEGRADABLE 0
210 259 223 259 223 285 210 285 BIODEGRADABLE 0
228.00000000000003 217 245 217 245 243 228.00000000000003 243 BIODEGRADABLE 0
229.00000000000003 238 237 238 237 251 229.00000000000003 251 BIODEGRADABLE 0
203 283 215.00000000000003 283 215.00000000000003 309 203 309 BIODEGRADABLE 0
211 296 221 296 221 317 211 317 BIODEGRADABLE 0
252.99999999999997 204 265 204 265 220 252.99999999999997 220 BIODEGRADABLE 0
249 223 258 223 258 244 249 244 BIODEGRADABLE 0
261 251.99999999999997 271 251.99999999999997 271 270 261 270 BIODEGRADABLE 0
245 273 296 273 296 317 245 317 BIODEGRADABLE 0
237 306 273 306 273 364 237 364 BIODEGRADABLE 0
267 294 303 294 303 330 267 330 BIODEGRADABLE 0
272 283 304 283 304 327 272 327 BIODEGRADABLE 0
276 306 310 306 310 340 276 340 BIODEGRADABLE 0
257 223 269 223 269 241.00000000000003 257 241.00000000000003 BIODEGRADABLE 0
260 238 270 238 270 251 260 251 BIODEGRADABLE 0
268 233 280 233 280 251 268 251 BIODEGRADABLE 0
264 220 276 220 276 233 264 233 BIODEGRADABLE 0
266 207 278 207 278 220 266 220 BIODEGRADABLE 0
278 202 287 202 287 218 278 218 BIODEGRADABLE 0
281 186 289 186 289 204 281 204 BIODEGRADABLE 0
287 210 293 210 293 220 287 220 BIODEGRADABLE 0
295 210 301 210 301 228.00000000000003 295 228.00000000000003 BIODEGRADABLE 0
301 215.00000000000003 311 215.00000000000003 311 233 301 233 BIODEGRADABLE 0
299 233 305 233 305 249 299 249 BIODEGRADABLE 0
293 231 298 231 298 241.00000000000003 293 241.00000000000003 BIODEGRADABLE 0
283 238 296 238 296 256 283 256 BIODEGRADABLE 0
287 225 295 225 295 238 287 238 BIODEGRADABLE 0
279 225 285 225 285 241.00000000000003 279 241.00000000000003 BIODEGRADABLE 0
273 233 279 233 279 249 273 249 BIODEGRADABLE 0
270 251 282 251 282 264 270 264 BIODEGRADABLE 0
283 254.00000000000003 299 254.00000000000003 299 283 283 283 BIODEGRADABLE 0
313 223 323 223 323 244 313 244 BIODEGRADABLE 0
302 236 319 236 319 265 302 265 BIODEGRADABLE 0
293 254.00000000000003 314 254.00000000000003 314 283 293 283 BIODEGRADABLE 0
316 267 333 267 333 291 316 291 BIODEGRADABLE 0
303 283 317 283 317 307 303 307 BIODEGRADABLE 0
318 254.00000000000003 336 254.00000000000003 336 270 318 270 BIODEGRADABLE 0
337 254.00000000000003 347 254.00000000000003 347 270 337 270 BIODEGRADABLE 0
319 199 343 199 343 259 319 259 BIODEGRADABLE 0
343 228.00000000000003 369 228.00000000000003 369 260 343 260 BIODEGRADABLE 0
345 139 361 139 361 168 345 168 BIODEGRADABLE 0
335 142 348 142 348 176 335 176 BIODEGRADABLE 0
334 178 347 178 347 199 334 199 BIODEGRADABLE 0
344 170 357 170 357 188 344 188 BIODEGRADABLE 0
343 189 360 189 360 215.00000000000003 343 215.00000000000003 BIODEGRADABLE 0
341 212 365 212 365 236 341 236 BIODEGRADABLE 0
357 165 369 165 369 191 357 191 BIODEGRADABLE 0
359 196 365 196 365 212 359 212 BIODEGRADABLE 0
361 191 374 191 374 225 361 225 BIODEGRADABLE 0
364 225 376 225 376 243 364 243 BIODEGRADABLE 0
373 186 391 186 391 236 373 236 BIODEGRADABLE 0
373 160 382 160 382 176 373 176 BIODEGRADABLE 0
363 142 376 142 376 160 363 160 BIODEGRADABLE 0
377 173 387 173 387 189 377 189 BIODEGRADABLE 0
389 157 398 157 398 175 389 175 BIODEGRADABLE 0
381 154 391 154 391 170 381 170 BIODEGRADABLE 0
377 136 387 136 387 157 377 157 BIODEGRADABLE 0
389 136 399 136 399 154 389 154 BIODEGRADABLE 0
381 121.00000000000001 398 121.00000000000001 398 142 381 142 BIODEGRADABLE 0
398 134 410 134 410 155 398 155 BIODEGRADABLE 0