41 334 245 334 245 415 41 415 BIODEGRADABLE 0
208 310 290 310 290 363 208 363 BIODEGRADABLE 0
244 363 333 363 333 415 244 415 BIODEGRADABLE 0
180 271 268 271 268 327 180 327 BIODEGRADABLE 0
55 284 208 284 208 353 55 353 BIODEGRADABLE 0
19 273 153 273 153 342 19 342 BIODEGRADABLE 0
127.00000000000001 254.00000000000003 232 254.00000000000003 232 290 127.00000000000001 290 BIODEGRADABLE 0
167 243 251 243 251 273 167 273 BIODEGRADABLE 0
256 237 299 237 299 265 256 265 BIODEGRADABLE 0
239.99999999999997 218 280 218 280 242.00000000000003 239.99999999999997 242.00000000000003 BIODEGRADABLE 0
246 190 294 190 294 218 246 218 BIODEGRADABLE 0
232 163 280 163 280 191 232 191 BIODEGRADABLE 0
251.99999999999997 138 304 138 304 168 251.99999999999997 168 BIODEGRADABLE 0
268 89 323 89 323 122 268 122 BIODEGRADABLE 0
191 43 311 43 311 112 191 112 BIODEGRADABLE 0
182 20 232 20 232 56 182 56 BIODEGRADABLE 0
242.00000000000003 17 294 17 294 49 242.00000000000003 49 BIODEGRADABLE 0
226.99999999999997 7 273 7 273 40 226.99999999999997 40 BIODEGRADABLE 0
96 1 232 1 232 33 96 33 BIODEGRADABLE 0
41 10 185 10 185 46 41 46 BIODEGRADABLE 0
34 2 146 2 146 14.999999999999998 34 14.999999999999998 BIODEGRADABLE 0
0 2 134 2 134 200 0 200 BIODEGRADABLE 0
55 38 196 38 196 147 55 147 BIODEGRADABLE 0
167 89 226.99999999999997 89 226.99999999999997 129 167 129 BIODEGRADABLE 0
187 111 275 111 275 171 187 171 BIODEGRADABLE 0
211 167 254.00000000000003 167 254.00000000000003 197 211 197 BIODEGRADABLE 0
134 132 186 132 186 164 134 164 BIODEGRADABLE 0
127.00000000000001 161 218 161 218 220 127.00000000000001 220 BIODEGRADABLE 0
0 182 144 182 144 250 0 250 BIODEGRADABLE 0
0 173 70 173 70 212.99999999999997 0 212.99999999999997 BIODEGRADABLE 0
0 233 125 233 125 381 0 381 BIODEGRADABLE 0