250 146 381 146 381 354 250 354 BIODEGRADABLE 0
201 49 307 49 307 110 201 110 BIODEGRADABLE 0
119 78 161 78 161 128 119 128 BIODEGRADABLE 0
112 110 144 110 144 150 112 150 BIODEGRADABLE 0
156 93 282 93 282 147 156 147 BIODEGRADABLE 0
129 347 251 347 251 375 129 375 BIODEGRADABLE 0
228.00000000000003 354 317 354 317 397 228.00000000000003 397 BIODEGRADABLE 0
199 384 263 384 263 415 199 415 BIODEGRADABLE 0
312 357 414 357 414 415 312 415 BIODEGRADABLE 0
198 308 275 308 275 358 198 358 BIODEGRADABLE 0
260 307 310 307 310 346 260 346 BIODEGRADABLE 0
216.00000000000003 277 293 277 293 319 216.00000000000003 319 BIODEGRADABLE 0
94 387 144 387 144 415 94 415 BIODEGRADABLE 0
139 402 183 402 183 415 139 415 BIODEGRADABLE 0
142 373 216.00000000000003 373 216.00000000000003 401 142 401 BIODEGRADABLE 0
72 361 119 361 119 395 72 395 BIODEGRADABLE 0
77 326 124 326 124 369 77 369 BIODEGRADABLE 0
3 204 67 204 67 287 3 287 BIODEGRADABLE 0
40 282 94 282 94 332 40 332 BIODEGRADABLE 0
14.999999999999998 150 92 150 92 220 14.999999999999998 220 BIODEGRADABLE 0
43 122 106.99999999999999 122 106.99999999999999 160 43 160 BIODEGRADABLE 0
47 89 109 89 109 141 47 141 BIODEGRADABLE 0
350 83 414 83 414 140 350 140 BIODEGRADABLE 0
136 223 208 223 208 265 136 265 BIODEGRADABLE 0
163 188 212.99999999999997 188 212.99999999999997 217 163 217 BIODEGRADABLE 0
8 1 414 1 414 415 8 415 BIODEGRADABLE 0
77 327 235 327 235 415 77 415 BIODEGRADABLE 0
14.999999999999998 1 365 1 365 90 14.999999999999998 90 BIODEGRADABLE 0