2 0 121.00000000000001 0 121.00000000000001 174 2 174 BIODEGRADABLE 0
2 1 24 1 24 39 2 39 BIODEGRADABLE 0
2 311 18 311 18 414 2 414 BIODEGRADABLE 0
16 279 159 279 159 414 16 414 BIODEGRADABLE 0
142 352 296 352 296 414 142 414 BIODEGRADABLE 0
146 167 257 167 257 403 146 403 BIODEGRADABLE 0
79 71 175 71 175 206 79 206 BIODEGRADABLE 0
236 277 339 277 339 414 236 414 BIODEGRADABLE 0
331 376 371 376 371 414 331 414 BIODEGRADABLE 0
243 180 336 180 336 298 243 298 BIODEGRADABLE 0
313 244 415 244 415 415 313 415 BIODEGRADABLE 0
345 309 397 309 397 354 345 354 BIODEGRADABLE 0
386 264 416 264 416 359 386 359 BIODEGRADABLE 0
326 148 415 148 415 269 326 269 BIODEGRADABLE 0
290 0 365 0 365 155 290 155 BIODEGRADABLE 0
191 1 284 1 284 159 191 159 BIODEGRADABLE 0
241.00000000000003 146 302 146 302 210 241.00000000000003 210 BIODEGRADABLE 0
393 2 415 2 415 270 393 270 BIODEGRADABLE 0