62 102 175 102 175 202 62 202 BIODEGRADABLE 0
2 74 78 74 78 163 2 163 BIODEGRADABLE 0
24 154 207 154 207 328 24 328 BIODEGRADABLE 0
168 219 211 219 211 275 168 275 BIODEGRADABLE 0
134 212.99999999999997 261 212.99999999999997 261 371 134 371 BIODEGRADABLE 0
150 143 277 143 277 293 150 293 BIODEGRADABLE 0
116 82 172 82 172 154 116 154 BIODEGRADABLE 0
283 261 311 261 311 295 283 295 BIODEGRADABLE 0
260 293 316 293 316 349 260 349 BIODEGRADABLE 0
236 282 356 282 356 345 236 345 BIODEGRADABLE 0
344 299 372 299 372 325 344 325 BIODEGRADABLE 0
282 299 415 299 415 374 282 374 BIODEGRADABLE 0
0 1 415 1 415 372 0 372 BIODEGRADABLE 0