43 261 65 261 65 288 43 288 BIODEGRADABLE 0
46 245 82 245 82 272 46 272 BIODEGRADABLE 0
41 215.00000000000003 82 215.00000000000003 82 259 41 259 BIODEGRADABLE 0
41 2 69 2 69 26 41 26 BIODEGRADABLE 0
54.00000000000001 2 88 2 88 42 54.00000000000001 42 BIODEGRADABLE 0
80 2 128 2 128 36 80 36 BIODEGRADABLE 0
99 27.000000000000004 153 27.000000000000004 153 61 99 61 BIODEGRADABLE 0
82 29.999999999999996 112 29.999999999999996 112 46 82 46 BIODEGRADABLE 0
71 42 117 42 117 78 71 78 BIODEGRADABLE 0
106 53 164 53 164 91 106 91 BIODEGRADABLE 0
160 8 210 8 210 46 160 46 BIODEGRADABLE 0
130 2 156 2 156 12 130 12 BIODEGRADABLE 0
110 100 160 100 160 130 110 130 BIODEGRADABLE 0
106 84 138 84 138 103 106 103 BIODEGRADABLE 0
73 94 95 94 95 116 73 116 BIODEGRADABLE 0
41 94 65 94 65 116 41 116 BIODEGRADABLE 0
125 165 164 165 164 199 125 199 BIODEGRADABLE 0
149 159 177 159 177 199 149 199 BIODEGRADABLE 0
97 177 127.00000000000001 177 127.00000000000001 199 97 199 BIODEGRADABLE 0
104 199 156 199 156 219 104 219 BIODEGRADABLE 0
80 230 123 230 123 256 80 256 BIODEGRADABLE 0
82 243 106 243 106 259 82 259 BIODEGRADABLE 0
101 225.99999999999997 153 225.99999999999997 153 261 101 261 BIODEGRADABLE 0
114.00000000000001 200 183 200 183 238 114.00000000000001 238 BIODEGRADABLE 0
342 392 378 392 378 415 342 415 BIODEGRADABLE 0
356 372 382 372 382 393 356 393 BIODEGRADABLE 0
341 346 371 346 371 373 341 373 BIODEGRADABLE 0
334 313 364 313 364 343 334 343 BIODEGRADABLE 0
356 299 376 299 376 321 356 321 BIODEGRADABLE 0
345 286 371 286 371 304 345 304 BIODEGRADABLE 0
358 275 380 275 380 294 358 294 BIODEGRADABLE 0
328 262 360 262 360 289 328 289 BIODEGRADABLE 0
334 246 382 246 382 272 334 272 BIODEGRADABLE 0
358 239.99999999999997 399 239.99999999999997 399 280 358 280 BIODEGRADABLE 0
380 257 416 257 416 303 380 303 BIODEGRADABLE 0
366 249 415 249 415 282 366 282 BIODEGRADABLE 0
381 217 415 217 415 254.00000000000003 381 254.00000000000003 BIODEGRADABLE 0
356 219 386 219 386 241.00000000000003 356 241.00000000000003 BIODEGRADABLE 0
380 184 416 184 416 218 380 218 BIODEGRADABLE 0
375 183 405 183 405 211 375 211 BIODEGRADABLE 0
382 177 408 177 408 188 382 188 BIODEGRADABLE 0
356 191 380 191 380 215.00000000000003 356 215.00000000000003 BIODEGRADABLE 0
405 160 415 160 415 183 405 183 BIODEGRADABLE 0
383 133 415 133 415 162 383 162 BIODEGRADABLE 0
377 105 415 105 415 136 377 136 BIODEGRADABLE 0
381 85 415 85 415 109 381 109 BIODEGRADABLE 0
350 86 386 86 386 114.00000000000001 350 114.00000000000001 BIODEGRADABLE 0
326 72 362 72 362 104 326 104 BIODEGRADABLE 0
308 57.00000000000001 336 57.00000000000001 336 91 308 91 BIODEGRADABLE 0
311 40 347 40 347 67 311 67 BIODEGRADABLE 0
317 27.000000000000004 337 27.000000000000004 337 43 317 43 BIODEGRADABLE 0
302 11 324 11 324 29 302 29 BIODEGRADABLE 0
300 29 322 29 322 49 300 49 BIODEGRADABLE 0
296 17 309 17 309 35 296 35 BIODEGRADABLE 0
272 24 300 24 300 51 272 51 BIODEGRADABLE 0
248 12 296 12 296 32 248 32 BIODEGRADABLE 0
250 27.000000000000004 274 27.000000000000004 274 53 250 53 BIODEGRADABLE 0
278 2 302 2 302 20 278 20 BIODEGRADABLE 0
238.99999999999997 2 280 2 280 13 238.99999999999997 13 BIODEGRADABLE 0
222 2 254.00000000000003 2 254.00000000000003 21 222 21 BIODEGRADABLE 0
196 7 248 7 248 42 196 42 BIODEGRADABLE 0
201 26 244 26 244 61 201 61 BIODEGRADABLE 0
225 49 261 49 261 75 225 75 BIODEGRADABLE 0
255.00000000000003 51 287 51 287 67 255.00000000000003 67 BIODEGRADABLE 0
282 42 306 42 306 69 282 69 BIODEGRADABLE 0
263 51 302 51 302 89 263 89 BIODEGRADABLE 0
283 79 324 79 324 105 283 105 BIODEGRADABLE 0
261 86 293 86 293 110 261 110 BIODEGRADABLE 0
246 70 276 70 276 96 246 96 BIODEGRADABLE 0
212 70 244 70 244 86 212 86 BIODEGRADABLE 0
203 89 226.99999999999997 89 226.99999999999997 115 203 115 BIODEGRADABLE 0
224 94 267 94 267 119.99999999999999 224 119.99999999999999 BIODEGRADABLE 0
117 374 158 374 158 415 117 415 BIODEGRADABLE 0
143 340 173 340 173 367 143 367 BIODEGRADABLE 0
108.00000000000001 321 164 321 164 355 108.00000000000001 355 BIODEGRADABLE 0
97 312 123 312 123 332 97 332 BIODEGRADABLE 0
95 291 127.00000000000001 291 127.00000000000001 305 95 305 BIODEGRADABLE 0
65 304 87 304 87 316 65 316 BIODEGRADABLE 0
76 335 106 335 106 365 76 365 BIODEGRADABLE 0
43 300 67 300 67 340 43 340 BIODEGRADABLE 0
345 226.99999999999997 356 226.99999999999997 356 245 345 245 BIODEGRADABLE 0
313 211 343 211 343 237 313 237 BIODEGRADABLE 0
283 200 319 200 319 224 283 224 BIODEGRADABLE 0
278 194 298 194 298 206 278 206 BIODEGRADABLE 0
274 167 317 167 317 197 274 197 BIODEGRADABLE 0
272 156 287 156 287 172 272 172 BIODEGRADABLE 0
251.99999999999997 138 272 138 272 176 251.99999999999997 176 BIODEGRADABLE 0
220 132 259 132 259 176 220 176 BIODEGRADABLE 0
195 140 231 140 231 168 195 168 BIODEGRADABLE 0
194 106.99999999999999 228.00000000000003 106.99999999999999 228.00000000000003 139 194 139 BIODEGRADABLE 0
252.99999999999997 124 283 124 283 159 252.99999999999997 159 BIODEGRADABLE 0
265 111 278 111 278 129 265 129 BIODEGRADABLE 0
281 132 317 132 317 151 281 151 BIODEGRADABLE 0
285 145 313 145 313 169 285 169 BIODEGRADABLE 0
313 140 326 140 326 168 313 168 BIODEGRADABLE 0
319 149 339 149 339 183 319 183 BIODEGRADABLE 0
336 157 356 157 356 181 336 181 BIODEGRADABLE 0
356 153 390 153 390 183 356 183 BIODEGRADABLE 0
317 119 360 119 360 153 317 153 BIODEGRADABLE 0
341 111 371 111 371 135 341 135 BIODEGRADABLE 0
315 95 347 95 347 119 315 119 BIODEGRADABLE 0
283 110 324 110 324 130 283 130 BIODEGRADABLE 0
201 94 233 94 233 112.99999999999999 201 112.99999999999999 BIODEGRADABLE 0
201 170 239.99999999999997 170 239.99999999999997 194 201 194 BIODEGRADABLE 0
171 160 201 160 201 192 171 192 BIODEGRADABLE 0
149 159 175 159 175 187 149 187 BIODEGRADABLE 0
119 197 183 197 183 235 119 235 BIODEGRADABLE 0
166 186 194 186 194 202 166 202 BIODEGRADABLE 0
184 189 220 189 220 208 184 208 BIODEGRADABLE 0
186 202 244 202 244 221 186 221 BIODEGRADABLE 0
235 175 283 175 283 210 235 210 BIODEGRADABLE 0
210 208 298 208 298 243 210 243 BIODEGRADABLE 0
188 218 239.99999999999997 218 239.99999999999997 252.99999999999997 188 252.99999999999997 BIODEGRADABLE 0
267 238.99999999999997 313 238.99999999999997 313 267 267 267 BIODEGRADABLE 0
244 237 268 237 268 257 244 257 BIODEGRADABLE 0
272 264 308 264 308 284 272 284 BIODEGRADABLE 0
250 266 296 266 296 302 250 302 BIODEGRADABLE 0
218 250 250 250 250 280 218 280 BIODEGRADABLE 0
199 235 226.99999999999997 235 226.99999999999997 286 199 286 BIODEGRADABLE 0
164 256 200 256 200 291 164 291 BIODEGRADABLE 0
173 239.99999999999997 197 239.99999999999997 197 266 173 266 BIODEGRADABLE 0
155 256 175 256 175 266 155 266 BIODEGRADABLE 0
123 257 153 257 153 283 123 283 BIODEGRADABLE 0
147 285 199 285 199 337 147 337 BIODEGRADABLE 0
188 280 229.00000000000003 280 229.00000000000003 307 188 307 BIODEGRADABLE 0
205 284 259 284 259 326 205 326 BIODEGRADABLE 0
246 304 287 304 287 332 246 332 BIODEGRADABLE 0
276 296 302 296 302 316 276 316 BIODEGRADABLE 0
295 286 341 286 341 318 295 318 BIODEGRADABLE 0
313 278 339 278 339 296 313 296 BIODEGRADABLE 0
332 299 349 299 349 318 332 318 BIODEGRADABLE 0
302 321 338 321 338 348 302 348 BIODEGRADABLE 0
285 316 309 316 309 340 285 340 BIODEGRADABLE 0
238.99999999999997 332 278 332 278 358 238.99999999999997 358 BIODEGRADABLE 0
209 326 238.99999999999997 326 238.99999999999997 345 209 345 BIODEGRADABLE 0
192 337 216.00000000000003 337 216.00000000000003 363 192 363 BIODEGRADABLE 0
175 359 199 359 199 375 175 375 BIODEGRADABLE 0
168 372 207 372 207 407 168 407 BIODEGRADABLE 0
205 372 263 372 263 415 205 415 BIODEGRADABLE 0
241.00000000000003 364 287 364 287 391 241.00000000000003 391 BIODEGRADABLE 0
231 346 252.99999999999997 346 252.99999999999997 370 231 370 BIODEGRADABLE 0
274 342 306 342 306 380 274 380 BIODEGRADABLE 0
265 373 315 373 315 410 265 410 BIODEGRADABLE 0
250 386 282 386 282 405 250 405 BIODEGRADABLE 0
194 411 231 411 231 415 194 415 BIODEGRADABLE 0
303 400 345 400 345 415 303 415 BIODEGRADABLE 0
311 372 350 372 350 402 311 402 BIODEGRADABLE 0
304 343 340 343 340 369 304 369 BIODEGRADABLE 0
144 121.00000000000001 192 121.00000000000001 192 157 144 157 BIODEGRADABLE 0
175 87 201 87 201 127.00000000000001 175 127.00000000000001 BIODEGRADABLE 0
388 46 415 46 415 69 388 69 BIODEGRADABLE 0
39 1 415 1 415 416 39 416 BIODEGRADABLE 0