3 1 89 1 89 135 3 135 BIODEGRADABLE 0
65 1 180 1 180 135 65 135 BIODEGRADABLE 0
170 25 278 25 278 144 170 144 BIODEGRADABLE 0
148 2 230 2 230 28 148 28 BIODEGRADABLE 0
218 2 280 2 280 38 218 38 BIODEGRADABLE 0
256 2 354 2 354 46 256 46 BIODEGRADABLE 0
251 38 342 38 342 147 251 147 BIODEGRADABLE 0
328 52 412 52 412 161 328 161 BIODEGRADABLE 0
294 105 337 105 337 147 294 147 BIODEGRADABLE 0
330 2 414 2 414 54.00000000000001 330 54.00000000000001 BIODEGRADABLE 0
377 11 415 11 415 65 377 65 BIODEGRADABLE 0
377 109 415 109 415 167 377 167 BIODEGRADABLE 0
335 155 411 155 411 238.99999999999997 335 238.99999999999997 BIODEGRADABLE 0
277 145 359 145 359 247 277 247 BIODEGRADABLE 0
208 132 301 132 301 264 208 264 BIODEGRADABLE 0
65 129 218 129 218 294 65 294 BIODEGRADABLE 0
2 135 134 135 134 310 2 310 BIODEGRADABLE 0
2 280 59.99999999999999 280 59.99999999999999 388 2 388 BIODEGRADABLE 0
45 287 201 287 201 388 45 388 BIODEGRADABLE 0
199 260 321 260 321 350 199 350 BIODEGRADABLE 0
282 239.99999999999997 385 239.99999999999997 385 340 282 340 BIODEGRADABLE 0
364 233 416 233 416 330 364 330 BIODEGRADABLE 0
354 329 416 329 416 415 354 415 BIODEGRADABLE 0
272 327 371 327 371 415 272 415 BIODEGRADABLE 0
174 348 312 348 312 415 174 415 BIODEGRADABLE 0
81 381 219 381 219 415 81 415 BIODEGRADABLE 0
2 384 103 384 103 415 2 415 BIODEGRADABLE 0