119 296 173 296 173 371 119 371 BIODEGRADABLE 0
114.00000000000001 378 143 378 143 414 114.00000000000001 414 BIODEGRADABLE 0
57.00000000000001 277 87 277 87 305 57.00000000000001 305 BIODEGRADABLE 0
34 197 103 197 103 281 34 281 BIODEGRADABLE 0
2 140 52 140 52 236 2 236 BIODEGRADABLE 0
2 58 68 58 68 146 2 146 BIODEGRADABLE 0
48 112 114.00000000000001 112 114.00000000000001 196 48 196 BIODEGRADABLE 0
45 24 114.00000000000001 24 114.00000000000001 110 45 110 BIODEGRADABLE 0
162 262 212 262 212 330 162 330 BIODEGRADABLE 0
115 64 177 64 177 146 115 146 BIODEGRADABLE 0
91 0 160 0 160 65 91 65 BIODEGRADABLE 0
158 17 222 17 222 92 158 92 BIODEGRADABLE 0
175 86 225 86 225 142 175 142 BIODEGRADABLE 0
149 0 201 0 201 20 149 20 BIODEGRADABLE 0
201 1 237 1 237 39 201 39 BIODEGRADABLE 0
213.99999999999997 29.999999999999996 267 29.999999999999996 267 103 213.99999999999997 103 BIODEGRADABLE 0
225 94 257 94 257 118 225 118 BIODEGRADABLE 0
204 118 257 118 257 180 204 180 BIODEGRADABLE 0
222 180 270 180 270 239.99999999999997 222 239.99999999999997 BIODEGRADABLE 0
262 208 300 208 300 252.99999999999997 262 252.99999999999997 BIODEGRADABLE 0
272 181 317 181 317 247 272 247 BIODEGRADABLE 0
283 142 328 142 328 200 283 200 BIODEGRADABLE 0
317 174 355 174 355 230 317 230 BIODEGRADABLE 0
248 149 286 149 286 187 248 187 BIODEGRADABLE 0
252.99999999999997 84 299 84 299 148 252.99999999999997 148 BIODEGRADABLE 0
291 75 333 75 333 133 291 133 BIODEGRADABLE 0
270 7 315 7 315 82 270 82 BIODEGRADABLE 0
236 0 288 0 288 43 236 43 BIODEGRADABLE 0
2 307 112.99999999999999 307 112.99999999999999 414 2 414 CARDBOARD 0
2 279 56 279 56 309 2 309 CARDBOARD 0
2 236 31 236 31 279 2 279 CARDBOARD 0
212 255.00000000000003 415 255.00000000000003 415 414 212 414 CARDBOARD 0
101 182 220 182 220 262 101 262 CARDBOARD 0
114.00000000000001 144 204 144 204 184 114.00000000000001 184 CARDBOARD 0
95 264 163 264 163 298 95 298 CARDBOARD 0
87 277 123 277 123 395 87 395 CARDBOARD 0
143 371 211 371 211 414 143 414 CARDBOARD 0
172 331 213.99999999999997 331 213.99999999999997 371 172 371 CARDBOARD 0
220 239.99999999999997 262 239.99999999999997 262 257 220 257 CARDBOARD 0
355 195 415 195 415 256 355 256 CARDBOARD 0
313 226.99999999999997 355 226.99999999999997 355 255.00000000000003 313 255.00000000000003 CARDBOARD 0
305 243 315 243 315 252.99999999999997 305 252.99999999999997 CARDBOARD 0
355 0 415 0 415 192 355 192 CARDBOARD 0
313 0 355 0 355 73 313 73 CARDBOARD 0
291 1 317 1 317 9 291 9 CARDBOARD 0
333 76 354 76 354 174 333 174 CARDBOARD 0
323 133 331 133 331 153 323 153 CARDBOARD 0