315 9 377 9 377 101 315 101 BIODEGRADABLE 0
316 105 386 105 386 197 316 197 BIODEGRADABLE 0
308 191 368 191 368 270 308 270 BIODEGRADABLE 0
302 269 360 269 360 355 302 355 BIODEGRADABLE 0
246 98 307 98 307 184 246 184 BIODEGRADABLE 0
250 11 310 11 310 97 250 97 BIODEGRADABLE 0
243 182 299 182 299 263 243 263 BIODEGRADABLE 0
241.00000000000003 267 295 267 295 346 241.00000000000003 346 BIODEGRADABLE 0
234 343 296 343 296 415 234 415 BIODEGRADABLE 0
182 7 244 7 244 103 182 103 BIODEGRADABLE 0
180 98 239.99999999999997 98 239.99999999999997 184 180 184 BIODEGRADABLE 0
180 184 236 184 236 260 180 260 BIODEGRADABLE 0
180 265 233 265 233 344 180 344 BIODEGRADABLE 0
176 348 234 348 234 415 176 415 BIODEGRADABLE 0
119 342 172 342 172 414 119 414 BIODEGRADABLE 0
116 268 174 268 174 344 116 344 BIODEGRADABLE 0
115 182 177 182 177 268 115 268 BIODEGRADABLE 0
112.99999999999999 92 173 92 173 180 112.99999999999999 180 BIODEGRADABLE 0
110 7 174 7 174 97 110 97 BIODEGRADABLE 0
41 3 105 3 105 97 41 97 BIODEGRADABLE 0
46 94 110 94 110 182 46 182 BIODEGRADABLE 0
49 182 112.99999999999999 182 112.99999999999999 268 49 268 BIODEGRADABLE 0
55 270 111 270 111 340 55 340 BIODEGRADABLE 0
53 337 112.99999999999999 337 112.99999999999999 415 53 415 BIODEGRADABLE 0