11 145 195 145 195 323 11 323 BIODEGRADABLE 0
59.99999999999999 293 251 293 251 387 59.99999999999999 387 BIODEGRADABLE 0
175 350 219 350 219 388 175 388 BIODEGRADABLE 0
90 215.00000000000003 130 215.00000000000003 130 255.00000000000003 90 255.00000000000003 BIODEGRADABLE 0
164 200 202 200 202 220 164 220 BIODEGRADABLE 0
197 271 223 271 223 297 197 297 BIODEGRADABLE 0
160 226.99999999999997 274 226.99999999999997 274 313 160 313 BIODEGRADABLE 0
217 276 268 276 268 313 217 313 BIODEGRADABLE 0
276 282 408 282 408 358 276 358 BIODEGRADABLE 0
263 189 403 189 403 296 263 296 BIODEGRADABLE 0
223 31 306 31 306 252.99999999999997 223 252.99999999999997 BIODEGRADABLE 0
122 84 272 84 272 216.00000000000003 122 216.00000000000003 BIODEGRADABLE 0
202 208 282 208 282 228.00000000000003 202 228.00000000000003 BIODEGRADABLE 0
68 52 130 52 130 154 68 154 BIODEGRADABLE 0
13 7 138 7 138 47 13 47 BIODEGRADABLE 0
143 8 355 8 355 95 143 95 BIODEGRADABLE 0
348 34 406 34 406 70 348 70 BIODEGRADABLE 0
355 61 374 61 374 87 355 87 BIODEGRADABLE 0
369 78 395 78 395 123 369 123 BIODEGRADABLE 0
353 89 374 89 374 129 353 129 BIODEGRADABLE 0
321 105 355 105 355 118 321 118 BIODEGRADABLE 0
306 82 352 82 352 103 306 103 BIODEGRADABLE 0
301 105 331 105 331 168 301 168 BIODEGRADABLE 0
306 123 406 123 406 181 306 181 BIODEGRADABLE 0
374 171 406 171 406 201 374 201 BIODEGRADABLE 0
331 178 369 178 369 204 331 204 BIODEGRADABLE 0
295 199 316 199 316 233 295 233 BIODEGRADABLE 0
327 7 410 7 410 137 327 137 BIODEGRADABLE 0