359 158 385 158 385 200 359 200 BIODEGRADABLE 0
361 202 387 202 387 226.99999999999997 361 226.99999999999997 BIODEGRADABLE 0
357 287 385 287 385 318 357 318 BIODEGRADABLE 0
357 315 385 315 385 332 357 332 BIODEGRADABLE 0
348 328 383 328 383 355 348 355 BIODEGRADABLE 0
346 358 384 358 384 383 346 383 BIODEGRADABLE 0
330 371 383 371 383 406 330 406 BIODEGRADABLE 0
339 401 370 401 370 415 339 415 BIODEGRADABLE 0
368 405 386 405 386 415 368 415 BIODEGRADABLE 0
289 374 346 374 346 414 289 414 BIODEGRADABLE 0
306 364 332 364 332 394 306 394 BIODEGRADABLE 0
333 350 359 350 359 374 333 374 BIODEGRADABLE 0
317 303 339 303 339 341 317 341 BIODEGRADABLE 0
298 161 346 161 346 193 298 193 BIODEGRADABLE 0
286 183 299 183 299 193 286 193 BIODEGRADABLE 0
326 144 376 144 376 172 326 172 BIODEGRADABLE 0
335 112.99999999999999 383 112.99999999999999 383 138 335 138 BIODEGRADABLE 0
315 71 385 71 385 112.99999999999999 315 112.99999999999999 BIODEGRADABLE 0
302 32 348 32 348 74 302 74 BIODEGRADABLE 0
348 32 386 32 386 72 348 72 BIODEGRADABLE 0
312 1 374 1 374 32 312 32 BIODEGRADABLE 0
306 1 360 1 360 8 306 8 BIODEGRADABLE 0
273 5 319 5 319 47 273 47 BIODEGRADABLE 0
225.99999999999997 1 280 1 280 28 225.99999999999997 28 BIODEGRADABLE 0
231 29.999999999999996 271 29.999999999999996 271 54.00000000000001 231 54.00000000000001 BIODEGRADABLE 0
242.00000000000003 52 282 52 282 86 242.00000000000003 86 BIODEGRADABLE 0
229.00000000000003 61 251 61 251 94 229.00000000000003 94 BIODEGRADABLE 0
225 86 260 86 260 116 225 116 BIODEGRADABLE 0
229.00000000000003 97 275 97 275 153 229.00000000000003 153 BIODEGRADABLE 0
209 133 231 133 231 155 209 155 BIODEGRADABLE 0
174 133 205 133 205 159 174 159 BIODEGRADABLE 0
135 129 183 129 183 149 135 149 BIODEGRADABLE 0
100 137 148 137 148 171 100 171 BIODEGRADABLE 0
75 133 115 133 115 155 75 155 BIODEGRADABLE 0
46 131 90 131 90 147 46 147 BIODEGRADABLE 0
16 89 47 89 47 121.00000000000001 16 121.00000000000001 BIODEGRADABLE 0
36 99 84 99 84 133 36 133 BIODEGRADABLE 0
84 102 119 102 119 136 84 136 BIODEGRADABLE 0
119 112.99999999999999 147 112.99999999999999 147 139 119 139 BIODEGRADABLE 0
139 96 183 96 183 130 139 130 BIODEGRADABLE 0
141 62.99999999999999 183 62.99999999999999 183 97 141 97 BIODEGRADABLE 0
93 78 143 78 143 114.00000000000001 93 114.00000000000001 BIODEGRADABLE 0
59.99999999999999 61 115 61 115 103 59.99999999999999 103 BIODEGRADABLE 0
29 67 73 67 73 99 29 99 BIODEGRADABLE 0
31 46 59 46 59 72 31 72 BIODEGRADABLE 0
62 34 112 34 112 72 62 72 BIODEGRADABLE 0
102 31 125.99999999999999 31 125.99999999999999 50 102 50 BIODEGRADABLE 0
108.00000000000001 44 158 44 158 80 108.00000000000001 80 BIODEGRADABLE 0
125 29.999999999999996 163 29.999999999999996 163 52 125 52 BIODEGRADABLE 0
168 29.999999999999996 218 29.999999999999996 218 54.00000000000001 168 54.00000000000001 BIODEGRADABLE 0
159 46 185 46 185 66 159 66 BIODEGRADABLE 0
59 1 112.99999999999999 1 112.99999999999999 11 59 11 BIODEGRADABLE 0
0 142 18 142 18 166 0 166 BIODEGRADABLE 0
14 182 38 182 38 208 14 208 BIODEGRADABLE 0
0 62.99999999999999 13 62.99999999999999 13 91 0 91 BIODEGRADABLE 0
262 366 290 366 290 394 262 394 BIODEGRADABLE 0
239.99999999999997 376 273 376 273 412 239.99999999999997 412 BIODEGRADABLE 0
222 383 239.99999999999997 383 239.99999999999997 407 222 407 BIODEGRADABLE 0
249 338 280 338 280 362 249 362 BIODEGRADABLE 0
226.99999999999997 354 258 354 258 382 226.99999999999997 382 BIODEGRADABLE 0
213.99999999999997 355 238 355 238 379 213.99999999999997 379 BIODEGRADABLE 0
209 325 252.99999999999997 325 252.99999999999997 357 209 357 BIODEGRADABLE 0
249 312 275 312 275 338 249 338 BIODEGRADABLE 0
226.99999999999997 312 249 312 249 326 226.99999999999997 326 BIODEGRADABLE 0
236 296 271 296 271 313 236 313 BIODEGRADABLE 0
216.00000000000003 259 256 259 256 299 216.00000000000003 299 BIODEGRADABLE 0
181 239.99999999999997 238 239.99999999999997 238 288 181 288 BIODEGRADABLE 0
207 279 235 279 235 313 207 313 BIODEGRADABLE 0
187 306 226.99999999999997 306 226.99999999999997 332 187 332 BIODEGRADABLE 0
172 331 216.00000000000003 331 216.00000000000003 357 172 357 BIODEGRADABLE 0
183 355 211 355 211 372 183 372 BIODEGRADABLE 0
196 374 229.00000000000003 374 229.00000000000003 393 196 393 BIODEGRADABLE 0
190 389 223 389 223 402 190 402 BIODEGRADABLE 0
150 382 190 382 190 403 150 403 BIODEGRADABLE 0
143 364 200 364 200 391 143 391 BIODEGRADABLE 0
137 344 183 344 183 371 137 371 BIODEGRADABLE 0
139 326 165 326 165 346 139 346 BIODEGRADABLE 0
148 316 192 316 192 336 148 336 BIODEGRADABLE 0
148 297 190 297 190 316 148 316 BIODEGRADABLE 0
183 280 205 280 205 300 183 300 BIODEGRADABLE 0
143 269 185 269 185 302 143 302 BIODEGRADABLE 0
130 233 180 233 180 271 130 271 BIODEGRADABLE 0
172 219 213.99999999999997 219 213.99999999999997 245 172 245 BIODEGRADABLE 0
141 191 187 191 187 233 141 233 BIODEGRADABLE 0
161 174 239.99999999999997 174 239.99999999999997 208 161 208 BIODEGRADABLE 0
102 196 148 196 148 244 102 244 BIODEGRADABLE 0
79 224 132 224 132 262 79 262 BIODEGRADABLE 0
75 244 101 244 101 268 75 268 BIODEGRADABLE 0
73 251.99999999999997 125.99999999999999 251.99999999999997 125.99999999999999 298 73 298 BIODEGRADABLE 0
128 261 152 261 152 280 128 280 BIODEGRADABLE 0
110 274 145 274 145 314 110 314 BIODEGRADABLE 0
77 291 119 291 119 323 77 323 BIODEGRADABLE 0
104 308 146 308 146 336 104 336 BIODEGRADABLE 0
99 337 139 337 139 351 99 351 BIODEGRADABLE 0
106 346 141 346 141 370 106 370 BIODEGRADABLE 0
104 365 144 365 144 393 104 393 BIODEGRADABLE 0
95 379 123 379 123 404 95 404 BIODEGRADABLE 0
75 398 108.00000000000001 398 108.00000000000001 415 75 415 BIODEGRADABLE 0
110 398 125.99999999999999 398 125.99999999999999 415 110 415 BIODEGRADABLE 0
128 396 152 396 152 415 128 415 BIODEGRADABLE 0
152 401 190 401 190 415 152 415 BIODEGRADABLE 0
196 404 218 404 218 415 196 415 BIODEGRADABLE 0
5 382 38 382 38 410 5 410 BIODEGRADABLE 0
0 372 31 372 31 397 0 397 BIODEGRADABLE 0
0 335 33 335 33 374 0 374 BIODEGRADABLE 0
0 308 33 308 33 344 0 344 BIODEGRADABLE 0
5 280 38 280 38 312 5 312 BIODEGRADABLE 0
22 301 59.99999999999999 301 59.99999999999999 335 22 335 BIODEGRADABLE 0
33 323 68 323 68 349 33 349 BIODEGRADABLE 0
31 272 69 272 69 304 31 304 BIODEGRADABLE 0
0 242.00000000000003 31 242.00000000000003 31 274 0 274 BIODEGRADABLE 0
16 255.00000000000003 51 255.00000000000003 51 279 16 279 BIODEGRADABLE 0
27.000000000000004 224 82 224 82 260 27.000000000000004 260 BIODEGRADABLE 0
47 208 71 208 71 228.00000000000003 47 228.00000000000003 BIODEGRADABLE 0
66 197 106 197 106 230 66 230 BIODEGRADABLE 0
51 252.99999999999997 71 252.99999999999997 71 277 51 277 BIODEGRADABLE 0
47 296 82 296 82 322 47 322 BIODEGRADABLE 0
51 338 89 338 89 361 51 361 BIODEGRADABLE 0
86 336 106 336 106 358 86 358 BIODEGRADABLE 0
71 318 104 318 104 337 71 337 BIODEGRADABLE 0
58 382 93 382 93 402 58 402 BIODEGRADABLE 0
71 358 102 358 102 383 71 383 BIODEGRADABLE 0
40 371 64 371 64 387 40 387 BIODEGRADABLE 0
289 191 359 191 359 389 289 389 CARDBOARD 0
277 391 295 391 295 413 277 413 CARDBOARD 0
238 189 288 189 288 258 238 258 CARDBOARD 0
252.99999999999997 260 286 260 286 293 252.99999999999997 293 CARDBOARD 0
271 293 289 293 289 323 271 323 CARDBOARD 0
280 323 289 323 289 349 280 349 CARDBOARD 0
284 349 288 349 288 360 284 360 CARDBOARD 0
196 209 239.99999999999997 209 239.99999999999997 221 196 221 CARDBOARD 0
213.99999999999997 221 238 221 238 238 213.99999999999997 238 CARDBOARD 0
229.00000000000003 238 235 238 235 250 229.00000000000003 250 CARDBOARD 0
226.99999999999997 200 238 200 238 208 226.99999999999997 208 CARDBOARD 0