251 366 332 366 332 414 251 414 BIODEGRADABLE 0
251.99999999999997 335 312 335 312 387 251.99999999999997 387 BIODEGRADABLE 0
151 357 234 357 234 414 151 414 BIODEGRADABLE 0
127.00000000000001 328 192 328 192 394 127.00000000000001 394 BIODEGRADABLE 0
51 348 131 348 131 414 51 414 BIODEGRADABLE 0
23 291 105 291 105 375 23 375 BIODEGRADABLE 0
0 291 17 291 17 373 0 373 BIODEGRADABLE 0
8 266 59 266 59 332 8 332 BIODEGRADABLE 0
65 225 103 225 103 287 65 287 BIODEGRADABLE 0
68 264 133 264 133 326 68 326 BIODEGRADABLE 0
136 244 182 244 182 298 136 298 BIODEGRADABLE 0
140 291 181 291 181 337 140 337 BIODEGRADABLE 0
180 296 216.00000000000003 296 216.00000000000003 355 180 355 BIODEGRADABLE 0
193 268 254.00000000000003 268 254.00000000000003 330 193 330 BIODEGRADABLE 0
228.00000000000003 307 287 307 287 366 228.00000000000003 366 BIODEGRADABLE 0
297 277 336 277 336 339 297 339 BIODEGRADABLE 0
315 316 373 316 373 373 315 373 BIODEGRADABLE 0
353 284 409 284 409 330 353 330 BIODEGRADABLE 0
353 251.99999999999997 404 251.99999999999997 404 289 353 289 BIODEGRADABLE 0
17 209 59 209 59 255.00000000000003 17 255.00000000000003 BIODEGRADABLE 0
1 212 55 212 55 289 1 289 BIODEGRADABLE 0
38 196 89 196 89 248 38 248 BIODEGRADABLE 0
62.99999999999999 170 110 170 110 216.00000000000003 62.99999999999999 216.00000000000003 BIODEGRADABLE 0
98 209 156 209 156 255.00000000000003 98 255.00000000000003 BIODEGRADABLE 0
124 178 180 178 180 228.00000000000003 124 228.00000000000003 BIODEGRADABLE 0
153 230 207 230 207 280 153 280 BIODEGRADABLE 0
176 207 229.00000000000003 207 229.00000000000003 248 176 248 BIODEGRADABLE 0
235 218 291 218 291 268 235 268 BIODEGRADABLE 0
302 220 352 220 352 273 302 273 BIODEGRADABLE 0
291 262 344 262 344 312 291 312 BIODEGRADABLE 0
229.00000000000003 257 273 257 273 303 229.00000000000003 303 BIODEGRADABLE 0
340 173 386 173 386 237 340 237 BIODEGRADABLE 0
401 205 415 205 415 252.99999999999997 401 252.99999999999997 BIODEGRADABLE 0
403 182 415 182 415 212 403 212 BIODEGRADABLE 0
407 150 415 150 415 184 407 184 BIODEGRADABLE 0
338 148 392 148 392 194 338 194 BIODEGRADABLE 0
310 121.00000000000001 350 121.00000000000001 350 180 310 180 BIODEGRADABLE 0
285 157 330 157 330 216.00000000000003 285 216.00000000000003 BIODEGRADABLE 0
266 139 306 139 306 189 266 189 BIODEGRADABLE 0
231 160 275 160 275 213.99999999999997 231 213.99999999999997 BIODEGRADABLE 0
220 132 252.99999999999997 132 252.99999999999997 186 220 186 BIODEGRADABLE 0
213.99999999999997 106.99999999999999 259 106.99999999999999 259 153 213.99999999999997 153 BIODEGRADABLE 0
177 141 216.00000000000003 141 216.00000000000003 198 177 198 BIODEGRADABLE 0
162 116 198 116 198 175 162 175 BIODEGRADABLE 0
136 91 172 91 172 141 136 141 BIODEGRADABLE 0
116 134 164 134 164 193 116 193 BIODEGRADABLE 0
103 119.99999999999999 144 119.99999999999999 144 166 103 166 BIODEGRADABLE 0
169 89 183 89 183 117 169 117 BIODEGRADABLE 0
174 75 195 75 195 103 174 103 BIODEGRADABLE 0
186 106.99999999999999 212.99999999999997 106.99999999999999 212.99999999999997 135 186 135 BIODEGRADABLE 0
193 92 216.00000000000003 92 216.00000000000003 114.00000000000001 193 114.00000000000001 BIODEGRADABLE 0
194 69 220 69 220 91 194 91 BIODEGRADABLE 0
213.99999999999997 82 232 82 232 102 213.99999999999997 102 BIODEGRADABLE 0
235 80 265 80 265 102 235 102 BIODEGRADABLE 0
251.99999999999997 91 278 91 278 119 251.99999999999997 119 BIODEGRADABLE 0
271 109 297 109 297 134 271 134 BIODEGRADABLE 0
287 125.99999999999999 308 125.99999999999999 308 146 287 146 BIODEGRADABLE 0
296 101 324 101 324 123 296 123 BIODEGRADABLE 0
350 98 377 98 377 132 350 132 BIODEGRADABLE 0
371 127.00000000000001 398 127.00000000000001 398 157 371 157 BIODEGRADABLE 0
388 105 410 105 410 135 388 135 BIODEGRADABLE 0
395 134 415 134 415 164 395 164 BIODEGRADABLE 0