239.99999999999997 2 324 2 324 38 239.99999999999997 38 BIODEGRADABLE 0
176 2 223 2 223 71 176 71 BIODEGRADABLE 0
119.99999999999999 2 176 2 176 71 119.99999999999999 71 BIODEGRADABLE 0
178 68 221 68 221 130 178 130 BIODEGRADABLE 0
142 66 178 66 178 128 142 128 BIODEGRADABLE 0
5 3 110 3 110 87 5 87 BIODEGRADABLE 0
20 77 125 77 125 137 20 137 BIODEGRADABLE 0
2 93 32 93 32 162 2 162 BIODEGRADABLE 0
197 121.00000000000001 225 121.00000000000001 225 174 197 174 BIODEGRADABLE 0
178 125 204 125 204 177 178 177 BIODEGRADABLE 0
161 129 185 129 185 177 161 177 BIODEGRADABLE 0
146 130 170 130 170 178 146 178 BIODEGRADABLE 0
108.00000000000001 105 144 105 144 185 108.00000000000001 185 BIODEGRADABLE 0
86 116 118 116 118 182 86 182 BIODEGRADABLE 0
71 123 97 123 97 185 71 185 BIODEGRADABLE 0
41 127.00000000000001 81 127.00000000000001 81 187 41 187 BIODEGRADABLE 0
9 154 54.00000000000001 154 54.00000000000001 212 9 212 BIODEGRADABLE 0
32 209 56 209 56 229.00000000000003 32 229.00000000000003 BIODEGRADABLE 0
59.99999999999999 201 80 201 80 226.99999999999997 59.99999999999999 226.99999999999997 BIODEGRADABLE 0
43 193 67 193 67 212.99999999999997 43 212.99999999999997 BIODEGRADABLE 0
43 223 65 223 65 241.00000000000003 43 241.00000000000003 BIODEGRADABLE 0
67 218 93 218 93 238 67 238 BIODEGRADABLE 0
50 235 78 235 78 252.99999999999997 50 252.99999999999997 BIODEGRADABLE 0
34 244 56 244 56 260 34 260 BIODEGRADABLE 0
24 230 48 230 48 248 24 248 BIODEGRADABLE 0
19 220 43 220 43 238 19 238 BIODEGRADABLE 0
97 183 123 183 123 215.00000000000003 97 215.00000000000003 BIODEGRADABLE 0
84 183 110 183 110 219 84 219 BIODEGRADABLE 0
69 183 99 183 99 219 69 219 BIODEGRADABLE 0
206 177 221 177 221 203 206 203 BIODEGRADABLE 0
200 178 208 178 208 207 200 207 BIODEGRADABLE 0
184 174 204 174 204 212 184 212 BIODEGRADABLE 0
176 177 189 177 189 211 176 211 BIODEGRADABLE 0
168 176 178 176 178 206 168 206 BIODEGRADABLE 0
159 179 169 179 169 211 159 211 BIODEGRADABLE 0
236 116 311 116 311 136 236 136 BIODEGRADABLE 0
241.00000000000003 93 305 93 305 114.00000000000001 241.00000000000003 114.00000000000001 BIODEGRADABLE 0
241.00000000000003 62.99999999999999 303 62.99999999999999 303 95 241.00000000000003 95 BIODEGRADABLE 0
238 50 298 50 298 86 238 86 BIODEGRADABLE 0
241.00000000000003 29 335 29 335 62.99999999999999 241.00000000000003 62.99999999999999 BIODEGRADABLE 0
256 125.99999999999999 294 125.99999999999999 294 216.00000000000003 256 216.00000000000003 BIODEGRADABLE 0
239.99999999999997 133 260 133 260 217 239.99999999999997 217 BIODEGRADABLE 0
243 215.00000000000003 279 215.00000000000003 279 251.99999999999997 243 251.99999999999997 BIODEGRADABLE 0
238 242.00000000000003 290 242.00000000000003 290 294 238 294 BIODEGRADABLE 0
165 209 226.99999999999997 209 226.99999999999997 263 165 263 BIODEGRADABLE 0
88 200 165 200 165 301 88 301 BIODEGRADABLE 0
62 270 112 270 112 318 62 318 BIODEGRADABLE 0
48 241.00000000000003 95 241.00000000000003 95 279 48 279 BIODEGRADABLE 0
176 261 223 261 223 291 176 291 BIODEGRADABLE 0
180 288 223 288 223 310 180 310 BIODEGRADABLE 0
241.00000000000003 289 275 289 275 333 241.00000000000003 333 BIODEGRADABLE 0
239.99999999999997 339 264 339 264 365 239.99999999999997 365 BIODEGRADABLE 0
239.99999999999997 363 264 363 264 383 239.99999999999997 383 BIODEGRADABLE 0
242.00000000000003 381 264 381 264 402 242.00000000000003 402 BIODEGRADABLE 0
238 333 264 333 264 347 238 347 BIODEGRADABLE 0
206 389 225.99999999999997 389 225.99999999999997 407 206 407 BIODEGRADABLE 0
204 360 234 360 234 389 204 389 BIODEGRADABLE 0
199 351 223 351 223 362 199 362 BIODEGRADABLE 0
195 333 226.99999999999997 333 226.99999999999997 351 195 351 BIODEGRADABLE 0
189 317 226.99999999999997 317 226.99999999999997 335 189 335 BIODEGRADABLE 0
183 283 221 283 221 325 183 325 BIODEGRADABLE 0
124 302 174 302 174 331 124 331 BIODEGRADABLE 0
125 288 170 288 170 310 125 310 BIODEGRADABLE 0
180 392 202 392 202 410 180 410 BIODEGRADABLE 0
163 363 197 363 197 395 163 395 BIODEGRADABLE 0
149 339 187 339 187 373 149 373 BIODEGRADABLE 0
144 325 174 325 174 347 144 347 BIODEGRADABLE 0
99 304 119 304 119 328 99 328 BIODEGRADABLE 0
88 318 103 318 103 336 88 336 BIODEGRADABLE 0
71 328 81 328 81 338 71 338 BIODEGRADABLE 0
75 334 90 334 90 345 75 345 BIODEGRADABLE 0
88 326 112 326 112 344 88 344 BIODEGRADABLE 0
110 323 127.00000000000001 323 127.00000000000001 343 110 343 BIODEGRADABLE 0
94 339 116 339 116 352 94 352 BIODEGRADABLE 0
86 349 99 349 99 359 86 359 BIODEGRADABLE 0
114.00000000000001 338 144 338 144 383 114.00000000000001 383 BIODEGRADABLE 0
130 379 172 379 172 415 130 415 BIODEGRADABLE 0