135 331 251.99999999999997 331 251.99999999999997 415 135 415 BIODEGRADABLE 0
219 2 335 2 335 41 219 41 BIODEGRADABLE 0
313 2 414 2 414 77 313 77 BIODEGRADABLE 0
234 356 331 356 331 415 234 415 BIODEGRADABLE 0
340 342 355 342 355 359 340 359 BIODEGRADABLE 0
360 355 377 355 377 365 360 365 BIODEGRADABLE 0
387 359 404 359 404 373 387 373 BIODEGRADABLE 0
387 369 414 369 414 377 387 377 BIODEGRADABLE 0
377 377 392 377 392 394 377 394 BIODEGRADABLE 0
392 394 414 394 414 410 392 410 BIODEGRADABLE 0
96 145 202 145 202 247 96 247 BIODEGRADABLE 0
158 119.99999999999999 286 119.99999999999999 286 186 158 186 BIODEGRADABLE 0
148 185 291 185 291 270 148 270 BIODEGRADABLE 0
180 187 276 187 276 318 180 318 BIODEGRADABLE 0
180 76 300 76 300 184 180 184 BIODEGRADABLE 0
249 92 355 92 355 166 249 166 BIODEGRADABLE 0
276 157 367 157 367 226.99999999999997 276 226.99999999999997 BIODEGRADABLE 0
274 196 365 196 365 295 274 295 BIODEGRADABLE 0
0 69 29.999999999999996 69 29.999999999999996 145 0 145 METAL 0