275 88 300 88 300 106 275 106 BIODEGRADABLE 0
271 103 293 103 293 119 271 119 BIODEGRADABLE 0
257 118 279 118 279 136 257 136 BIODEGRADABLE 0
252.99999999999997 130 273 130 273 145 252.99999999999997 145 BIODEGRADABLE 0
244 144 264 144 264 159 244 159 BIODEGRADABLE 0
243 158 259 158 259 168 243 168 BIODEGRADABLE 0
234 160 250 160 250 174 234 174 BIODEGRADABLE 0
271 77 289 77 289 91 271 91 BIODEGRADABLE 0
273 61 295 61 295 77 273 77 BIODEGRADABLE 0
216.00000000000003 189 234 189 234 201 216.00000000000003 201 BIODEGRADABLE 0
209 180 218 180 218 194 209 194 BIODEGRADABLE 0
216.00000000000003 177 232 177 232 189 216.00000000000003 189 BIODEGRADABLE 0
226.99999999999997 179 241.00000000000003 179 241.00000000000003 189 226.99999999999997 189 BIODEGRADABLE 0
234 171 250 171 250 180 234 180 BIODEGRADABLE 0
216.00000000000003 170 234 170 234 179 216.00000000000003 179 BIODEGRADABLE 0
205 162 213.99999999999997 162 213.99999999999997 176 205 176 BIODEGRADABLE 0
225 161 238.99999999999997 161 238.99999999999997 171 225 171 BIODEGRADABLE 0
232 144 244 144 244 160 232 160 BIODEGRADABLE 0
221 139 241.00000000000003 139 241.00000000000003 153 221 153 BIODEGRADABLE 0
212 147 221 147 221 162 212 162 BIODEGRADABLE 0
218 155 232 155 232 170 218 170 BIODEGRADABLE 0
198 147 212 147 212 161 198 161 BIODEGRADABLE 0
230 127.00000000000001 246 127.00000000000001 246 139 230 139 BIODEGRADABLE 0
243 129 255.00000000000003 129 255.00000000000003 145 243 145 BIODEGRADABLE 0
232 108.00000000000001 254.00000000000003 108.00000000000001 254.00000000000003 119.99999999999999 232 119.99999999999999 BIODEGRADABLE 0
243 117 259 117 259 127.00000000000001 243 127.00000000000001 BIODEGRADABLE 0
244 96 264 96 264 111 244 111 BIODEGRADABLE 0
255.00000000000003 112 271 112 271 118 255.00000000000003 118 BIODEGRADABLE 0
264 96 276 96 276 112 264 112 BIODEGRADABLE 0
193 137 209 137 209 147 193 147 BIODEGRADABLE 0
200 123 212 123 212 135 200 135 BIODEGRADABLE 0
196 117 212 117 212 125 196 125 BIODEGRADABLE 0
191 86 205 86 205 100 191 100 BIODEGRADABLE 0
205 79 217 79 217 93 205 93 BIODEGRADABLE 0
200 65 212 65 212 74 200 74 BIODEGRADABLE 0
198 76 210 76 210 84 198 84 BIODEGRADABLE 0
259 84 275 84 275 96 259 96 BIODEGRADABLE 0
244 84 262 84 262 102 244 102 BIODEGRADABLE 0
232 89 244 89 244 103 232 103 BIODEGRADABLE 0
234 65 250 65 250 79 234 79 BIODEGRADABLE 0
237 78 257 78 257 88 237 88 BIODEGRADABLE 0
221 77 235 77 235 91 221 91 BIODEGRADABLE 0
252.99999999999997 61 278 61 278 83 252.99999999999997 83 BIODEGRADABLE 0
264 47 292 47 292 62 264 62 BIODEGRADABLE 0
264 35 286 35 286 47 264 47 BIODEGRADABLE 0
268 28 284 28 284 37 268 37 BIODEGRADABLE 0
262 14 280 14 280 26 262 26 BIODEGRADABLE 0
252.99999999999997 7 273 7 273 17 252.99999999999997 17 BIODEGRADABLE 0
248 0 268 0 268 8 248 8 BIODEGRADABLE 0
234 1 248 1 248 11 234 11 BIODEGRADABLE 0
238.99999999999997 6 252.99999999999997 6 252.99999999999997 26 238.99999999999997 26 BIODEGRADABLE 0
248 17 264 17 264 31 248 31 BIODEGRADABLE 0
248 31 266 31 266 47 248 47 BIODEGRADABLE 0
238.99999999999997 47 267 47 267 67 238.99999999999997 67 BIODEGRADABLE 0
223 11 238.99999999999997 11 238.99999999999997 27.000000000000004 223 27.000000000000004 BIODEGRADABLE 0
238.99999999999997 29 248 29 248 47 238.99999999999997 47 BIODEGRADABLE 0
221 29 237 29 237 49 221 49 BIODEGRADABLE 0
225 65 234 65 234 74 225 74 BIODEGRADABLE 0
230 49 238.99999999999997 49 238.99999999999997 65 230 65 BIODEGRADABLE 0
209 48 223 48 223 62 209 62 BIODEGRADABLE 0
213.99999999999997 61 223 61 223 75 213.99999999999997 75 BIODEGRADABLE 0
219 48 228.00000000000003 48 228.00000000000003 62 219 62 BIODEGRADABLE 0
192 170 230 170 230 223 192 223 BIODEGRADABLE 0
184 192 216.00000000000003 192 216.00000000000003 242.00000000000003 184 242.00000000000003 BIODEGRADABLE 0
171 209 209 209 209 251 171 251 BIODEGRADABLE 0
159 268 175 268 175 283 159 283 BIODEGRADABLE 0
178 260 194 260 194 280 178 280 BIODEGRADABLE 0
161 388 173 388 173 394 161 394 BIODEGRADABLE 0
166 378 173 378 173 384 166 384 BIODEGRADABLE 0
155 375 159 375 159 381 155 381 BIODEGRADABLE 0
162 378 169 378 169 386 162 386 BIODEGRADABLE 0
169 365 173 365 173 374 169 374 BIODEGRADABLE 0
164 374 171 374 171 378 164 378 BIODEGRADABLE 0
159 366 168 366 168 375 159 375 BIODEGRADABLE 0
164 360 176 360 176 366 164 366 BIODEGRADABLE 0
217 359 238.99999999999997 359 238.99999999999997 415 217 415 BIODEGRADABLE 0
248 406 251.99999999999997 406 251.99999999999997 415 248 415 BIODEGRADABLE 0
246 398 252.99999999999997 398 252.99999999999997 403 246 403 BIODEGRADABLE 0
255.00000000000003 406 264 406 264 415 255.00000000000003 415 BIODEGRADABLE 0
257 398 269 398 269 407 257 407 BIODEGRADABLE 0
268 398 284 398 284 408 268 408 BIODEGRADABLE 0
266 410 275 410 275 415 266 415 BIODEGRADABLE 0
269 394 278 394 278 398 269 398 BIODEGRADABLE 0
266 385 278 385 278 394 266 394 BIODEGRADABLE 0
268 377 275 377 275 383 268 383 BIODEGRADABLE 0
264 368 273 368 273 374 264 374 BIODEGRADABLE 0
266 362 275 362 275 367 266 367 BIODEGRADABLE 0
261 352 273 352 273 360 261 360 BIODEGRADABLE 0
282 389 289 389 289 397 282 397 BIODEGRADABLE 0
282 385 286 385 286 391 282 391 BIODEGRADABLE 0
280 375 284 375 284 386 280 386 BIODEGRADABLE 0
257 389 266 389 266 398 257 398 BIODEGRADABLE 0
246 389 255.00000000000003 389 255.00000000000003 395 246 395 BIODEGRADABLE 0
243 383 250 383 250 387 243 387 BIODEGRADABLE 0
252.99999999999997 383 262 383 262 389 252.99999999999997 389 BIODEGRADABLE 0
238.99999999999997 375 248 375 248 381 238.99999999999997 381 BIODEGRADABLE 0
250 375 262 375 262 383 250 383 BIODEGRADABLE 0
241.00000000000003 368 252.99999999999997 368 252.99999999999997 374 241.00000000000003 374 BIODEGRADABLE 0
251.99999999999997 371 264 371 264 379 251.99999999999997 379 BIODEGRADABLE 0
237 362 246 362 246 368 237 368 BIODEGRADABLE 0
246 362 260 362 260 370 246 370 BIODEGRADABLE 0
250 356 259 356 259 362 250 362 BIODEGRADABLE 0
236 358 248 358 248 362 236 362 BIODEGRADABLE 0