3 330 43 330 43 354 3 354 BIODEGRADABLE 0
45 337 95 337 95 362 45 362 BIODEGRADABLE 0
57.00000000000001 316 97 316 97 345 57.00000000000001 345 BIODEGRADABLE 0
23 317 55 317 55 333 23 333 BIODEGRADABLE 0
3 309 23 309 23 330 3 330 BIODEGRADABLE 0
10 292 42 292 42 317 10 317 BIODEGRADABLE 0
20 276 54.00000000000001 276 54.00000000000001 300 20 300 BIODEGRADABLE 0
3 284 14.999999999999998 284 14.999999999999998 295 3 295 BIODEGRADABLE 0
27.000000000000004 251 84 251 84 276 27.000000000000004 276 BIODEGRADABLE 0
55 265 92 265 92 293 55 293 BIODEGRADABLE 0
45 290 85 290 85 316 45 316 BIODEGRADABLE 0
80 288 134 288 134 316 80 316 BIODEGRADABLE 0
74 316 114.00000000000001 316 114.00000000000001 334 74 334 BIODEGRADABLE 0
117 306 161 306 161 330 117 330 BIODEGRADABLE 0
122 326 179 326 179 354 122 354 BIODEGRADABLE 0
99 323 124 323 124 345 99 345 BIODEGRADABLE 0
127.00000000000001 273 169 273 169 298 127.00000000000001 298 BIODEGRADABLE 0
134 297 168 297 168 309 134 309 BIODEGRADABLE 0
89 261 136 261 136 290 89 290 BIODEGRADABLE 0
84 245 151 245 151 274 84 274 BIODEGRADABLE 0
116 230 176 230 176 255.00000000000003 116 255.00000000000003 BIODEGRADABLE 0
151 251.99999999999997 203 251.99999999999997 203 282 151 282 BIODEGRADABLE 0
157 281 191 281 191 302 157 302 BIODEGRADABLE 0
193 276 223 276 223 301 193 301 BIODEGRADABLE 0
206 298 250 298 250 328 206 328 BIODEGRADABLE 0
236 312 278 312 278 341 236 341 BIODEGRADABLE 0
215.00000000000003 324 233 324 233 334 215.00000000000003 334 BIODEGRADABLE 0
191 322 212.99999999999997 322 212.99999999999997 330 191 330 BIODEGRADABLE 0
156 217 203 217 203 245 156 245 BIODEGRADABLE 0
171 243 205 243 205 263 171 263 BIODEGRADABLE 0
210 0 415 0 415 81 210 81 BIODEGRADABLE 0
238 287 285 287 285 313 238 313 BIODEGRADABLE 0
225.99999999999997 269 283 269 283 298 225.99999999999997 298 BIODEGRADABLE 0
211 244 258 244 258 270 211 270 BIODEGRADABLE 0
206 233 236 233 236 254.00000000000003 206 254.00000000000003 BIODEGRADABLE 0
196 216.00000000000003 225.99999999999997 216.00000000000003 225.99999999999997 234 196 234 BIODEGRADABLE 0
223 209 265 209 265 234 223 234 BIODEGRADABLE 0
243 228.00000000000003 273 228.00000000000003 273 256 243 256 BIODEGRADABLE 0
260 255.00000000000003 307 255.00000000000003 307 283 260 283 BIODEGRADABLE 0
295 274 337 274 337 303 295 303 BIODEGRADABLE 0
273 296 327 296 327 323 273 323 BIODEGRADABLE 0
295 321 347 321 347 348 295 348 BIODEGRADABLE 0
275 323 302 323 302 339 275 339 BIODEGRADABLE 0
282 338 322 338 322 359 282 359 BIODEGRADABLE 0
320 346 352 346 352 359 320 359 BIODEGRADABLE 0
345 349 389 349 389 370 345 370 BIODEGRADABLE 0
345 327 389 327 389 352 345 352 BIODEGRADABLE 0
372 318 414 318 414 348 372 348 BIODEGRADABLE 0
324 299 374 299 374 331 324 331 BIODEGRADABLE 0
376 295 415 295 415 326 376 326 BIODEGRADABLE 0
340 281 387 281 387 303 340 303 BIODEGRADABLE 0
362 269 414 269 414 297 362 297 BIODEGRADABLE 0
312 252.99999999999997 369 252.99999999999997 369 281 312 281 BIODEGRADABLE 0
352 242.00000000000003 402 242.00000000000003 402 270 352 270 BIODEGRADABLE 0
315 235 362 235 362 255.00000000000003 315 255.00000000000003 BIODEGRADABLE 0
270 228.00000000000003 322 228.00000000000003 322 252.99999999999997 270 252.99999999999997 BIODEGRADABLE 0
260 208 302 208 302 230 260 230 BIODEGRADABLE 0
302 209 352 209 352 233 302 233 BIODEGRADABLE 0
349 216.00000000000003 401 216.00000000000003 401 242.00000000000003 349 242.00000000000003 BIODEGRADABLE 0
340 190 377 190 377 216.00000000000003 340 216.00000000000003 BIODEGRADABLE 0
292 187 339 187 339 211 292 211 BIODEGRADABLE 0
292 165 352 165 352 191 292 191 BIODEGRADABLE 0
248 183 292 183 292 209 248 209 BIODEGRADABLE 0
223 195 270 195 270 212.99999999999997 223 212.99999999999997 BIODEGRADABLE 0
216.00000000000003 155 270 155 270 183 216.00000000000003 183 BIODEGRADABLE 0
265 151 312 151 312 180 265 180 BIODEGRADABLE 0
258 141 295 141 295 163 258 163 BIODEGRADABLE 0
295 119.99999999999999 339 119.99999999999999 339 148 295 148 BIODEGRADABLE 0
287 105 317 105 317 130 287 130 BIODEGRADABLE 0
273 123 300 123 300 141 273 141 BIODEGRADABLE 0
215.00000000000003 114.00000000000001 275 114.00000000000001 275 150 215.00000000000003 150 BIODEGRADABLE 0
196 134 250 134 250 159 196 159 BIODEGRADABLE 0
141 141 191 141 191 163 141 163 BIODEGRADABLE 0
119 138 149 138 149 158 119 158 BIODEGRADABLE 0
110 117 144 117 144 142 110 142 BIODEGRADABLE 0
136 112.99999999999999 196 112.99999999999999 196 142 136 142 BIODEGRADABLE 0
154 85 208 85 208 111 154 111 BIODEGRADABLE 0
196 97 236 97 236 121.00000000000001 196 121.00000000000001 BIODEGRADABLE 0
189 75 243 75 243 103 189 103 BIODEGRADABLE 0
238 81 256 81 256 101 238 101 BIODEGRADABLE 0
238 68 272 68 272 93 238 93 BIODEGRADABLE 0
273 68 317 68 317 93 273 93 BIODEGRADABLE 0
295 85 335 85 335 103 295 103 BIODEGRADABLE 0
325 104 350 104 350 124 325 124 BIODEGRADABLE 0
59.99999999999999 0 106.99999999999999 0 106.99999999999999 10 59.99999999999999 10 BIODEGRADABLE 0
57.00000000000001 5 104 5 104 21 57.00000000000001 21 BIODEGRADABLE 0
101 1 142 1 142 7 101 7 BIODEGRADABLE 0
106 7 156 7 156 25 106 25 BIODEGRADABLE 0
141 0 198 0 198 10 141 10 BIODEGRADABLE 0
149 6 176 6 176 22 149 22 BIODEGRADABLE 0
174 20 216.00000000000003 20 216.00000000000003 41 174 41 BIODEGRADABLE 0
179 1 225.99999999999997 1 225.99999999999997 17 179 17 BIODEGRADABLE 0
174 35 211 35 211 55 174 55 BIODEGRADABLE 0
159 49 203 49 203 73 159 73 BIODEGRADABLE 0
154 74 194 74 194 92 154 92 BIODEGRADABLE 0
92 55 156 55 156 84 92 84 BIODEGRADABLE 0
89 81 149 81 149 115 89 115 BIODEGRADABLE 0
77 108.00000000000001 129 108.00000000000001 129 124 77 124 BIODEGRADABLE 0
55 114.00000000000001 109 114.00000000000001 109 138 55 138 BIODEGRADABLE 0
85 131 119 131 119 152 85 152 BIODEGRADABLE 0
117 23 174 23 174 49 117 49 BIODEGRADABLE 0
106.99999999999999 29.999999999999996 159 29.999999999999996 159 56 106.99999999999999 56 BIODEGRADABLE 0
62 32 106 32 106 61 62 61 BIODEGRADABLE 0
27.000000000000004 52 89 52 89 82 27.000000000000004 82 BIODEGRADABLE 0
8 72 75 72 75 106 8 106 BIODEGRADABLE 0
58 86 92 86 92 114.00000000000001 58 114.00000000000001 BIODEGRADABLE 0
38 102 65 102 65 123 38 123 BIODEGRADABLE 0
29.999999999999996 123 67 123 67 141 29.999999999999996 141 BIODEGRADABLE 0
3 106.99999999999999 45 106.99999999999999 45 132 3 132 BIODEGRADABLE 0
3 95 25 95 25 119 3 119 BIODEGRADABLE 0
3 49 29.999999999999996 49 29.999999999999996 78 3 78 BIODEGRADABLE 0
18 31 62 31 62 52 18 52 BIODEGRADABLE 0