307 10 337 10 337 53 307 53 BIODEGRADABLE 0
322 7 389 7 389 50 322 50 BIODEGRADABLE 0
372 1 414 1 414 21 372 21 BIODEGRADABLE 0
372 21 414 21 414 65 372 65 BIODEGRADABLE 0
315 49 387 49 387 88 315 88 BIODEGRADABLE 0
367 65 414 65 414 104 367 104 BIODEGRADABLE 0
387 102 414 102 414 138 387 138 BIODEGRADABLE 0
193 2 243 2 243 38 193 38 BIODEGRADABLE 0
181 21 225 21 225 49 181 49 BIODEGRADABLE 0
157 1 201 1 201 21 157 21 BIODEGRADABLE 0
134 7 184 7 184 41 134 41 BIODEGRADABLE 0
124 23 171 23 171 53 124 53 BIODEGRADABLE 0
176 39 206 39 206 61 176 61 BIODEGRADABLE 0
154 51 194 51 194 72 154 72 BIODEGRADABLE 0
109 39 153 39 153 62.99999999999999 109 62.99999999999999 BIODEGRADABLE 0
75 13 127.00000000000001 13 127.00000000000001 43 75 43 BIODEGRADABLE 0
84 2 151 2 151 23 84 23 BIODEGRADABLE 0
37 29 77 29 77 58 37 58 BIODEGRADABLE 0
3 14.999999999999998 47 14.999999999999998 47 47 3 47 BIODEGRADABLE 0
5 45 52 45 52 74 5 74 BIODEGRADABLE 0
1 32 10 32 10 58 1 58 BIODEGRADABLE 0
1 57.00000000000001 10 57.00000000000001 10 87 1 87 BIODEGRADABLE 0
1 86 13 86 13 115 1 115 BIODEGRADABLE 0
1 112 13 112 13 136 1 136 BIODEGRADABLE 0
2 102 52 102 52 131 2 131 BIODEGRADABLE 0
3 72 45 72 45 100 3 100 BIODEGRADABLE 0
0 129 50 129 50 157 0 157 BIODEGRADABLE 0
42 118 72 118 72 146 42 146 BIODEGRADABLE 0
75 106.99999999999999 171 106.99999999999999 171 131 75 131 BIODEGRADABLE 0
102 84 142 84 142 110 102 110 BIODEGRADABLE 0
72 129 122 129 122 158 72 158 BIODEGRADABLE 0
112 119 184 119 184 144 112 144 BIODEGRADABLE 0
144 143 188 143 188 164 144 164 BIODEGRADABLE 0
104 146 146 146 146 166 104 166 BIODEGRADABLE 0
131 153 188 153 188 167 131 167 BIODEGRADABLE 0
159 165 211 165 211 194 159 194 BIODEGRADABLE 0
1 247 79 247 79 273 1 273 BIODEGRADABLE 0
1 277 62 277 62 305 1 305 BIODEGRADABLE 0
47 270 87 270 87 293 47 293 BIODEGRADABLE 0
42 296 92 296 92 321 42 321 BIODEGRADABLE 0
1 306 62 306 62 335 1 335 BIODEGRADABLE 0
55 322 95 322 95 347 55 347 BIODEGRADABLE 0
47 348 87 348 87 377 47 377 BIODEGRADABLE 0
1 338 52 338 52 365 1 365 BIODEGRADABLE 0
1 373 65 373 65 405 1 405 BIODEGRADABLE 0
1 362 27.000000000000004 362 27.000000000000004 384 1 384 BIODEGRADABLE 0
79 344 119 344 119 373 79 373 BIODEGRADABLE 0
72 376 109 376 109 406 72 406 BIODEGRADABLE 0
86 391 129 391 129 415 86 415 BIODEGRADABLE 0
109 369 156 369 156 408 109 408 BIODEGRADABLE 0
151 356 203 356 203 394 151 394 BIODEGRADABLE 0
176 334 220 334 220 362 176 362 BIODEGRADABLE 0
201 344 251 344 251 382 201 382 BIODEGRADABLE 0
201 384 252.99999999999997 384 252.99999999999997 413 201 413 BIODEGRADABLE 0
210 413 252.99999999999997 413 252.99999999999997 415 210 415 BIODEGRADABLE 0
151 392 212 392 212 415 151 415 BIODEGRADABLE 0
115 407 149 407 149 415 115 415 BIODEGRADABLE 0
127.00000000000001 341 174 341 174 369 127.00000000000001 369 BIODEGRADABLE 0
159 325 186 325 186 346 159 346 BIODEGRADABLE 0
144 319 171 319 171 340 144 340 BIODEGRADABLE 0
129 318 149 318 149 334 129 334 BIODEGRADABLE 0
104 330 141 330 141 356 104 356 BIODEGRADABLE 0
119 283 179 283 179 319 119 319 BIODEGRADABLE 0
134 275 168 275 168 283 134 283 BIODEGRADABLE 0
117 243 179 243 179 277 117 277 BIODEGRADABLE 0
132 225 164 225 164 245 132 245 BIODEGRADABLE 0
166 221 225.99999999999997 221 225.99999999999997 255.00000000000003 166 255.00000000000003 BIODEGRADABLE 0
166 261 228.00000000000003 261 228.00000000000003 297 166 297 BIODEGRADABLE 0
174 296 236 296 236 336 174 336 BIODEGRADABLE 0
221 277 288 277 288 319 221 319 BIODEGRADABLE 0
216.00000000000003 242.00000000000003 280 242.00000000000003 280 278 216.00000000000003 278 BIODEGRADABLE 0
223 205 287 205 287 243 223 243 BIODEGRADABLE 0
196 206 225.99999999999997 206 225.99999999999997 222 196 222 BIODEGRADABLE 0
181 213.99999999999997 199 213.99999999999997 199 222 181 222 BIODEGRADABLE 0
221 193 252.99999999999997 193 252.99999999999997 205 221 205 BIODEGRADABLE 0
188 195 218 195 218 207 188 207 BIODEGRADABLE 0
275 186 349 186 349 222 275 222 BIODEGRADABLE 0
268 222 342 222 342 260 268 260 BIODEGRADABLE 0
335 208 377 208 377 244 335 244 BIODEGRADABLE 0
335 247 377 247 377 283 335 283 BIODEGRADABLE 0
273 261 345 261 345 299 273 299 BIODEGRADABLE 0
277 297 347 297 347 336 277 336 BIODEGRADABLE 0
337 283 387 283 387 319 337 319 BIODEGRADABLE 0
367 254.00000000000003 414 254.00000000000003 414 297 367 297 BIODEGRADABLE 0
404 265 414 265 414 289 404 289 BIODEGRADABLE 0
379 297 413 297 413 329 379 329 BIODEGRADABLE 0
382 330 414 330 414 362 382 362 BIODEGRADABLE 0
374 363 414 363 414 405 374 405 BIODEGRADABLE 0
169 133 241.00000000000003 133 241.00000000000003 151 169 151 BIODEGRADABLE 0
169 82 223 82 223 129 169 129 BIODEGRADABLE 0
149 78 206 78 206 112 149 112 BIODEGRADABLE 0
154 72 181 72 181 96 154 96 BIODEGRADABLE 0
189 150 252.99999999999997 150 252.99999999999997 174 189 174 BIODEGRADABLE 0
196 173 233 173 233 189 196 189 BIODEGRADABLE 0
183 158 243 158 243 182 183 182 BIODEGRADABLE 0
239.99999999999997 171 287 171 287 189 239.99999999999997 189 BIODEGRADABLE 0
292 165 342 165 342 187 292 187 BIODEGRADABLE 0
332 153 384 153 384 179 332 179 BIODEGRADABLE 0
238 150 312 150 312 168 238 168 BIODEGRADABLE 0
282 134 344 134 344 168 282 168 BIODEGRADABLE 0
327 121.00000000000001 384 121.00000000000001 384 153 327 153 BIODEGRADABLE 0
235 111 327 111 327 133 235 133 BIODEGRADABLE 0
216.00000000000003 130 302 130 302 154 216.00000000000003 154 BIODEGRADABLE 0
312 93 384 93 384 133 312 133 BIODEGRADABLE 0
280 85 350 85 350 110 280 110 BIODEGRADABLE 0
203 86 267 86 267 129 203 129 BIODEGRADABLE 0
241.00000000000003 72 315 72 315 110 241.00000000000003 110 BIODEGRADABLE 0
262 52 322 52 322 81 262 81 BIODEGRADABLE 0
189 53 252.99999999999997 53 252.99999999999997 82 189 82 BIODEGRADABLE 0
212.99999999999997 61 267 61 267 87 212.99999999999997 87 BIODEGRADABLE 0