213.99999999999997 37 305 37 305 102 213.99999999999997 102 BIODEGRADABLE 0
252.99999999999997 18 357 18 357 95 252.99999999999997 95 BIODEGRADABLE 0
296 79 353 79 353 112.99999999999999 296 112.99999999999999 BIODEGRADABLE 0
157 102 319 102 319 170 157 170 BIODEGRADABLE 0
175 79 252.99999999999997 79 252.99999999999997 125 175 125 BIODEGRADABLE 0
282 112 344 112 344 159 282 159 BIODEGRADABLE 0
337 112 359 112 359 148 337 148 BIODEGRADABLE 0
303 147 378 147 378 194 303 194 BIODEGRADABLE 0
225.99999999999997 145 298 145 298 191 225.99999999999997 191 BIODEGRADABLE 0
135 159 223 159 223 191 135 191 BIODEGRADABLE 0
112 211 232 211 232 277 112 277 BIODEGRADABLE 0
132 191 218 191 218 237 132 237 BIODEGRADABLE 0
211 211 273 211 273 238.99999999999997 211 238.99999999999997 BIODEGRADABLE 0
216.00000000000003 189 280 189 280 219 216.00000000000003 219 BIODEGRADABLE 0
277 160 323 160 323 248 277 248 BIODEGRADABLE 0
314 182 346 182 346 241.00000000000003 314 241.00000000000003 BIODEGRADABLE 0
317 212.99999999999997 389 212.99999999999997 389 259 317 259 BIODEGRADABLE 0
339 226.99999999999997 401 226.99999999999997 401 247 339 247 BIODEGRADABLE 0
346 192 364 192 364 225.99999999999997 346 225.99999999999997 BIODEGRADABLE 0
91 251.99999999999997 195 251.99999999999997 195 330 91 330 BIODEGRADABLE 0
23 245 105 245 105 286 23 286 BIODEGRADABLE 0
209 241.00000000000003 284 241.00000000000003 284 299 209 299 BIODEGRADABLE 0
187 277 237 277 237 319 187 319 BIODEGRADABLE 0
236 295 282 295 282 330 236 330 BIODEGRADABLE 0
232 301 282 301 282 353 232 353 BIODEGRADABLE 0
264 301 284 301 284 348 264 348 BIODEGRADABLE 0
257 295 357 295 357 383 257 383 BIODEGRADABLE 0
296 239.99999999999997 376 239.99999999999997 376 292 296 292 BIODEGRADABLE 0