267 2 349 2 349 50 267 50 BIODEGRADABLE 0
346 22 407 22 407 62.99999999999999 346 62.99999999999999 BIODEGRADABLE 0
330 41 384 41 384 77 330 77 BIODEGRADABLE 0
353 78 401 78 401 108.00000000000001 353 108.00000000000001 BIODEGRADABLE 0
361 100 415 100 415 148 361 148 BIODEGRADABLE 0
288 93 326 93 326 112.99999999999999 288 112.99999999999999 BIODEGRADABLE 0
324 106 360 106 360 138 324 138 BIODEGRADABLE 0
278 114.00000000000001 321 114.00000000000001 321 149 278 149 BIODEGRADABLE 0
299 142 351 142 351 172 299 172 BIODEGRADABLE 0
339 137 375 137 375 167 339 167 BIODEGRADABLE 0
376 140 414 140 414 180 376 180 BIODEGRADABLE 0
283 49 333 49 333 78 283 78 BIODEGRADABLE 0
303 78 351 78 351 104 303 104 BIODEGRADABLE 0
220 4 260 4 260 32 220 32 BIODEGRADABLE 0
231 37 285 37 285 73 231 73 BIODEGRADABLE 0
188 2 224 2 224 18 188 18 BIODEGRADABLE 0
34 2 244 2 244 116 34 116 BIODEGRADABLE 0
14 59.99999999999999 48 59.99999999999999 48 78 14 78 BIODEGRADABLE 0
50 73 104 73 104 106.99999999999999 50 106.99999999999999 BIODEGRADABLE 0
145 99 231 99 231 171 145 171 BIODEGRADABLE 0
212.99999999999997 73 299 73 299 133 212.99999999999997 133 BIODEGRADABLE 0
274 163 342 163 342 192 274 192 BIODEGRADABLE 0
322 172 360 172 360 198 322 198 BIODEGRADABLE 0
355 172 387 172 387 202 355 202 BIODEGRADABLE 0
384 164 415 164 415 189 384 189 BIODEGRADABLE 0
385 190 412 190 412 210 385 210 BIODEGRADABLE 0
369 194 401 194 401 228.00000000000003 369 228.00000000000003 BIODEGRADABLE 0
337 211 391 211 391 246 337 246 BIODEGRADABLE 0
306 195 344 195 344 230 306 230 BIODEGRADABLE 0
199 135 307 135 307 223 199 223 BIODEGRADABLE 0
190 217 287 217 287 289 190 289 BIODEGRADABLE 0
289 237 337 237 337 277 289 277 BIODEGRADABLE 0
260 208 319 208 319 242.00000000000003 260 242.00000000000003 BIODEGRADABLE 0
276 266 303 266 303 288 276 288 BIODEGRADABLE 0
333 242.00000000000003 353 242.00000000000003 353 265 333 265 BIODEGRADABLE 0
55 84 197 84 197 234 55 234 BIODEGRADABLE 0
5 193 61 193 61 249 5 249 BIODEGRADABLE 0
3 128 48 128 48 192 3 192 BIODEGRADABLE 0
2 87 61 87 61 184 2 184 BIODEGRADABLE 0
161 262 222 262 222 304 161 304 BIODEGRADABLE 0
179 280 256 280 256 374 179 374 BIODEGRADABLE 0
301 339 373 339 373 377 301 377 BIODEGRADABLE 0
278 308 328 308 328 352 278 352 BIODEGRADABLE 0
246 287 312 287 312 329 246 329 BIODEGRADABLE 0
237 376 300 376 300 415 237 415 BIODEGRADABLE 0
245 354 351 354 351 404 245 404 BIODEGRADABLE 0
317 287 405 287 405 335 317 335 BIODEGRADABLE 0
328 256 415 256 415 306 328 306 BIODEGRADABLE 0
368 225.99999999999997 415 225.99999999999997 415 272 368 272 BIODEGRADABLE 0
103 319 256 319 256 415 103 415 BIODEGRADABLE 0
50 266 197 266 197 324 50 324 BIODEGRADABLE 0
55 181 181 181 181 273 55 273 BIODEGRADABLE 0
2 251.99999999999997 70 251.99999999999997 70 337 2 337 BIODEGRADABLE 0
40 381 109 381 109 415 40 415 BIODEGRADABLE 0
5 343 97 343 97 402 5 402 BIODEGRADABLE 0
2 390 39 390 39 415 2 415 BIODEGRADABLE 0
3 319 57.00000000000001 319 57.00000000000001 354 3 354 BIODEGRADABLE 0