16 20 172 20 172 166 16 166 BIODEGRADABLE 0
18 33 122 33 122 177 18 177 BIODEGRADABLE 0
44 176 124 176 124 237 44 237 BIODEGRADABLE 0
81 200 198 200 198 280 81 280 BIODEGRADABLE 0
58 289 95 289 95 349 58 349 BIODEGRADABLE 0
53 321 159 321 159 391 53 391 BIODEGRADABLE 0
237 330 308 330 308 369 237 369 BIODEGRADABLE 0
182 318 345 318 345 392 182 392 BIODEGRADABLE 0
228.00000000000003 260 364 260 364 333 228.00000000000003 333 BIODEGRADABLE 0
252.99999999999997 183 357 183 357 233 252.99999999999997 233 BIODEGRADABLE 0
249 144 345 144 345 188 249 188 BIODEGRADABLE 0
202 24 356 24 356 119.99999999999999 202 119.99999999999999 BIODEGRADABLE 0