266 34 356 34 356 178 266 178 BIODEGRADABLE 0
176 131 339 131 339 204 176 204 BIODEGRADABLE 0
243 129 283 129 283 294 243 294 BIODEGRADABLE 0
186 193 245 193 245 279 186 279 BIODEGRADABLE 0
168 245 272 245 272 365 168 365 BIODEGRADABLE 0
226.99999999999997 208 339 208 339 369 226.99999999999997 369 BIODEGRADABLE 0
295 201 375 201 375 369 295 369 BIODEGRADABLE 0
340 84 415 84 415 239.99999999999997 340 239.99999999999997 BIODEGRADABLE 0
180 52 238.99999999999997 52 238.99999999999997 146 180 146 BIODEGRADABLE 0
109 92 210 92 210 174 109 174 BIODEGRADABLE 0
127.00000000000001 61 151 61 151 99 127.00000000000001 99 BIODEGRADABLE 0
4 48 114.00000000000001 48 114.00000000000001 266 4 266 BIODEGRADABLE 0
2 133 40 133 40 185 2 185 BIODEGRADABLE 0
2 236 29 236 29 276 2 276 BIODEGRADABLE 0
26 252.99999999999997 55 252.99999999999997 55 283 26 283 BIODEGRADABLE 0
72 259 141 259 141 341 72 341 BIODEGRADABLE 0
141 281 248 281 248 339 141 339 BIODEGRADABLE 0
117 301 195 301 195 369 117 369 BIODEGRADABLE 0
98 206 183 206 183 286 98 286 BIODEGRADABLE 0
100 154 186 154 186 208 100 208 BIODEGRADABLE 0
178 135 231 135 231 169 178 169 BIODEGRADABLE 0