295 64 401 64 401 250 295 250 BIODEGRADABLE 0
194 39 315 39 315 235 194 235 BIODEGRADABLE 0
109 7 229.00000000000003 7 229.00000000000003 223 109 223 BIODEGRADABLE 0
2 39 114.00000000000001 39 114.00000000000001 241.00000000000003 2 241.00000000000003 BIODEGRADABLE 0
29.999999999999996 280 125.99999999999999 280 125.99999999999999 380 29.999999999999996 380 BIODEGRADABLE 0
36 164 174 164 174 330 36 330 BIODEGRADABLE 0
1 286 73 286 73 415 1 415 BIODEGRADABLE 0
162 213.99999999999997 315 213.99999999999997 315 400 162 400 BIODEGRADABLE 0
323 170 415 170 415 311 323 311 BIODEGRADABLE 0
292 257 340 257 340 373 292 373 BIODEGRADABLE 0
326 303 398 303 398 385 326 385 BIODEGRADABLE 0
395 302 415 302 415 350 395 350 BIODEGRADABLE 0
327 362 407 362 407 416 327 416 BIODEGRADABLE 0
248 368 347 368 347 415 248 415 BIODEGRADABLE 0
87 325 243 325 243 415 87 415 BIODEGRADABLE 0
46 378 94 378 94 416 46 416 BIODEGRADABLE 0
398 43 415 43 415 180 398 180 CARDBOARD 0
304 2 415 2 415 71 304 71 CARDBOARD 0
179 2 324 2 324 43 179 43 CARDBOARD 0
40 3 119.99999999999999 3 119.99999999999999 39 40 39 CARDBOARD 0
2 223 37 223 37 289 2 289 CARDBOARD 0