26 312 90 312 90 398 26 398 BIODEGRADABLE 0
2 305 28 305 28 414 2 414 BIODEGRADABLE 0
29 396 67 396 67 414 29 414 BIODEGRADABLE 0
9 213.99999999999997 71 213.99999999999997 71 312 9 312 BIODEGRADABLE 0
2 268 23 268 23 309 2 309 BIODEGRADABLE 0
20 280 64 280 64 319 20 319 BIODEGRADABLE 0
2 109 29.999999999999996 109 29.999999999999996 200 2 200 BIODEGRADABLE 0
2 177 29.999999999999996 177 29.999999999999996 255.00000000000003 2 255.00000000000003 BIODEGRADABLE 0
32 139 84 139 84 230 32 230 BIODEGRADABLE 0
79 166 137 166 137 257 79 257 BIODEGRADABLE 0
68 221 115 221 115 303 68 303 BIODEGRADABLE 0
86 289 144 289 144 393 86 393 BIODEGRADABLE 0
109 375 169 375 169 414 109 414 BIODEGRADABLE 0
67 373 111 373 111 414 67 414 BIODEGRADABLE 0
85 57.00000000000001 161 57.00000000000001 161 157 85 157 BIODEGRADABLE 0
21 44 85 44 85 132 21 132 BIODEGRADABLE 0
81 1 144 1 144 62 81 62 BIODEGRADABLE 0
137 1 203 1 203 68 137 68 BIODEGRADABLE 0
159 64 229.00000000000003 64 229.00000000000003 144 159 144 BIODEGRADABLE 0
132 130 204 130 204 244 132 244 BIODEGRADABLE 0
186 198 260 198 260 310 186 310 BIODEGRADABLE 0
168 323 216.00000000000003 323 216.00000000000003 414 168 414 BIODEGRADABLE 0
119.99999999999999 250 185 250 185 362 119.99999999999999 362 BIODEGRADABLE 0
156 218 208 218 208 309 156 309 BIODEGRADABLE 0
215.00000000000003 323 291 323 291 414 215.00000000000003 414 BIODEGRADABLE 0
274 366 288 366 288 414 274 414 BIODEGRADABLE 0
252.99999999999997 257 313 257 313 359 252.99999999999997 359 BIODEGRADABLE 0
295 316 369 316 369 414 295 414 BIODEGRADABLE 0
366 331 415 331 415 414 366 414 BIODEGRADABLE 0
313 264 357 264 357 344 313 344 BIODEGRADABLE 0
289 166 354 166 354 266 289 266 BIODEGRADABLE 0
272 178 306 178 306 266 272 266 BIODEGRADABLE 0
222 178 274 178 274 262 222 262 BIODEGRADABLE 0
232 71 292 71 292 180 232 180 BIODEGRADABLE 0
206 41 260 41 260 116 206 116 BIODEGRADABLE 0
207 1 281 1 281 71 207 71 BIODEGRADABLE 0
257 1 323 1 323 100 257 100 BIODEGRADABLE 0
279 71 344 71 344 185 279 185 BIODEGRADABLE 0
321 18 389 18 389 109 321 109 BIODEGRADABLE 0
348 89 408 89 408 196 348 196 BIODEGRADABLE 0
376 174 415 174 415 258 376 258 BIODEGRADABLE 0
358 221 415 221 415 335 358 335 BIODEGRADABLE 0
385 42 415 42 415 130 385 130 BIODEGRADABLE 0
370 1 415 1 415 46 370 46 BIODEGRADABLE 0
294 0 354 0 354 48 294 48 BIODEGRADABLE 0
1 1 415 1 415 414 1 414 BIODEGRADABLE 0