103 3 226.99999999999997 3 226.99999999999997 290 103 290 BIODEGRADABLE 0
57.00000000000001 65 106.99999999999999 65 106.99999999999999 212.99999999999997 57.00000000000001 212.99999999999997 BIODEGRADABLE 0
2 3 69 3 69 57.00000000000001 2 57.00000000000001 BIODEGRADABLE 0
6 20 67 20 67 125.99999999999999 6 125.99999999999999 BIODEGRADABLE 0
2 92 62 92 62 268 2 268 BIODEGRADABLE 0
2 205 152 205 152 369 2 369 BIODEGRADABLE 0
1 332 21 332 21 415 1 415 BIODEGRADABLE 0
14.999999999999998 354 94 354 94 415 14.999999999999998 415 BIODEGRADABLE 0
87 346 141 346 141 415 87 415 BIODEGRADABLE 0
133 250 226.99999999999997 250 226.99999999999997 415 133 415 BIODEGRADABLE 0
196 203 230 203 230 285 196 285 BIODEGRADABLE 0
218 99 294 99 294 211 218 211 BIODEGRADABLE 0
217 29.999999999999996 255.00000000000003 29.999999999999996 255.00000000000003 146 217 146 BIODEGRADABLE 0
203 189 219 189 219 223 203 223 BIODEGRADABLE 0
221 332 282 332 282 415 221 415 BIODEGRADABLE 0
217 211 324 211 324 379 217 379 BIODEGRADABLE 0
277 119 311 119 311 231 277 231 BIODEGRADABLE 0
287 3 371 3 371 164 287 164 BIODEGRADABLE 0
249 3 299 3 299 59.99999999999999 249 59.99999999999999 BIODEGRADABLE 0
252.99999999999997 52 287 52 287 104 252.99999999999997 104 BIODEGRADABLE 0
316 67 415 67 415 229.00000000000003 316 229.00000000000003 BIODEGRADABLE 0
368 3 416 3 416 89 368 89 BIODEGRADABLE 0
292 183 358 183 358 379 292 379 BIODEGRADABLE 0
333 225.99999999999997 397 225.99999999999997 397 416 333 416 BIODEGRADABLE 0
283 364 358 364 358 415 283 415 BIODEGRADABLE 0
378 364 415 364 415 415 378 415 BIODEGRADABLE 0
377 239.99999999999997 415 239.99999999999997 415 365 377 365 BIODEGRADABLE 0
364 178 415 178 415 261 364 261 BIODEGRADABLE 0