3 370 62.99999999999999 370 62.99999999999999 415 3 415 BIODEGRADABLE 0
6 321 76 321 76 381 6 381 BIODEGRADABLE 0
3 272 33 272 33 302 3 302 BIODEGRADABLE 0
3 242.00000000000003 62.99999999999999 242.00000000000003 62.99999999999999 282 3 282 BIODEGRADABLE 0
3 205 79 205 79 245 3 245 BIODEGRADABLE 0
62 212 181 212 181 276 62 276 BIODEGRADABLE 0
273 219 365 219 365 283 273 283 BIODEGRADABLE 0
194 249 300 249 300 306 194 306 BIODEGRADABLE 0
114.00000000000001 291 249 291 249 324 114.00000000000001 324 BIODEGRADABLE 0
362 254.00000000000003 415 254.00000000000003 415 309 362 309 BIODEGRADABLE 0
239.99999999999997 285 415 285 415 386 239.99999999999997 386 BIODEGRADABLE 0
168 317 257 317 257 374 168 374 BIODEGRADABLE 0
127.00000000000001 329 195 329 195 369 127.00000000000001 369 BIODEGRADABLE 0
71 359 303 359 303 414 71 414 BIODEGRADABLE 0
71 221 295 221 295 327 71 327 BIODEGRADABLE 0
11 284 133 284 133 356 11 356 BIODEGRADABLE 0
38 108.00000000000001 165 108.00000000000001 165 169 38 169 BIODEGRADABLE 0
170 178 270 178 270 225 170 225 BIODEGRADABLE 0
41 171 179 171 179 232 41 232 BIODEGRADABLE 0
3 189 79 189 79 321 3 321 BIODEGRADABLE 0
152 118 416 118 416 220 152 220 BIODEGRADABLE 0
151 44 389 44 389 160 151 160 BIODEGRADABLE 0
364 90 415 90 415 137 364 137 BIODEGRADABLE 0
368 0 416 0 416 90 368 90 BIODEGRADABLE 0
300 0 362 0 362 24 300 24 BIODEGRADABLE 0
257 10 313 10 313 53 257 53 BIODEGRADABLE 0
157 19 263 19 263 73 157 73 BIODEGRADABLE 0
176 70 246 70 246 94 176 94 BIODEGRADABLE 0
138 75 254.00000000000003 75 254.00000000000003 125 138 125 BIODEGRADABLE 0
103 68 181 68 181 111 103 111 BIODEGRADABLE 0
97 1 197 1 197 27.000000000000004 97 27.000000000000004 BIODEGRADABLE 0
64 0 117 0 117 12 64 12 BIODEGRADABLE 0
3 0 71 0 71 22 3 22 BIODEGRADABLE 0
17 17 160 17 160 77 17 77 BIODEGRADABLE 0
3 74 59 74 59 111 3 111 BIODEGRADABLE 0
41 78 103 78 103 115 41 115 BIODEGRADABLE 0
3 109 95 109 95 171 3 171 BIODEGRADABLE 0
195 0 265 0 265 22 195 22 BIODEGRADABLE 0