2 33 118 33 118 160 2 160 BIODEGRADABLE 0
2 51 148 51 148 270 2 270 BIODEGRADABLE 0
22 165 96 165 96 287 22 287 BIODEGRADABLE 0
2 98 24 98 24 206 2 206 BIODEGRADABLE 0
2 131 59.99999999999999 131 59.99999999999999 359 2 359 BIODEGRADABLE 0
52 285 129 285 129 397 52 397 BIODEGRADABLE 0
2 342 65 342 65 414 2 414 BIODEGRADABLE 0
2 386 93 386 93 416 2 416 BIODEGRADABLE 0
99 359 180 359 180 415 99 415 BIODEGRADABLE 0
129 258 211 258 211 366 129 366 BIODEGRADABLE 0
115 219 203 219 203 313 115 313 BIODEGRADABLE 0
106.99999999999999 86 211 86 211 230 106.99999999999999 230 BIODEGRADABLE 0
106.99999999999999 31 247 31 247 163 106.99999999999999 163 BIODEGRADABLE 0
139 33 231 33 231 53 139 53 BIODEGRADABLE 0
236 44 292 44 292 116 236 116 BIODEGRADABLE 0
222 36 416 36 416 88 222 88 BIODEGRADABLE 0
299 86 377 86 377 189 299 189 BIODEGRADABLE 0
274 118 316 118 316 180 274 180 BIODEGRADABLE 0
244 88 294 88 294 193 244 193 BIODEGRADABLE 0
267 171 319 171 319 228.00000000000003 267 228.00000000000003 BIODEGRADABLE 0
339 124 415 124 415 268 339 268 BIODEGRADABLE 0
375 83 415 83 415 206 375 206 BIODEGRADABLE 0
361 143 413 143 413 225.99999999999997 361 225.99999999999997 BIODEGRADABLE 0
361 210 415 210 415 340 361 340 BIODEGRADABLE 0
269 158 399 158 399 390 269 390 BIODEGRADABLE 0
206 188 312 188 312 346 206 346 BIODEGRADABLE 0
193 165 243 165 243 217 193 217 BIODEGRADABLE 0
298 379 379 379 379 415 298 415 BIODEGRADABLE 0
353 336 377 336 377 388 353 388 BIODEGRADABLE 0
394 295 415 295 415 349 394 349 BIODEGRADABLE 0
192 314 269 314 269 410 192 410 BIODEGRADABLE 0
129 259 211 259 211 362 129 362 BIODEGRADABLE 0
147 357 212 357 212 415 147 415 BIODEGRADABLE 0
131 357 178 357 178 415 131 415 BIODEGRADABLE 0
207 381 314 381 314 415 207 415 BIODEGRADABLE 0
1 29.999999999999996 415 29.999999999999996 415 415 1 415 BIODEGRADABLE 0