117 232 267 232 267 262 117 262 BIODEGRADABLE 0
55 2 326 2 326 166 55 166 BIODEGRADABLE 0
288 62 415 62 415 162 288 162 BIODEGRADABLE 0
373 157 415 157 415 223 373 223 BIODEGRADABLE 0
389 213.99999999999997 415 213.99999999999997 415 269 389 269 BIODEGRADABLE 0
303 164 400 164 400 257 303 257 BIODEGRADABLE 0
238 136 341 136 341 189 238 189 BIODEGRADABLE 0
20 118 132 118 132 223 20 223 BIODEGRADABLE 0
104 169 242.00000000000003 169 242.00000000000003 191 104 191 BIODEGRADABLE 0
0 118 64 118 64 200 0 200 BIODEGRADABLE 0
212.99999999999997 232 321 232 321 289 212.99999999999997 289 BIODEGRADABLE 0