176 4 415 4 415 256 176 256 BIODEGRADABLE 0
91 9 221 9 221 133 91 133 BIODEGRADABLE 0
92 2 174 2 174 14.999999999999998 92 14.999999999999998 BIODEGRADABLE 0
1 19 117 19 117 117 1 117 BIODEGRADABLE 0
1 0 117 0 117 56 1 56 BIODEGRADABLE 0
2 78 80 78 80 141 2 141 BIODEGRADABLE 0
74 96 193 96 193 178 74 178 BIODEGRADABLE 0
39 142 148 142 148 246 39 246 BIODEGRADABLE 0
0 119 80 119 80 233 0 233 BIODEGRADABLE 0
1 225 83 225 83 328 1 328 BIODEGRADABLE 0
56 211 170 211 170 318 56 318 BIODEGRADABLE 0
39 246 206 246 206 381 39 381 BIODEGRADABLE 0
196 231 348 231 348 374 196 374 BIODEGRADABLE 0
326 238.99999999999997 414 238.99999999999997 414 402 326 402 BIODEGRADABLE 0
264 355 415 355 415 415 264 415 BIODEGRADABLE 0
130 305 293 305 293 415 130 415 BIODEGRADABLE 0
0 264 67 264 67 368 0 368 BIODEGRADABLE 0