196 3 381 3 381 121.00000000000001 196 121.00000000000001 BIODEGRADABLE 0
217 100 229.00000000000003 100 229.00000000000003 129 217 129 BIODEGRADABLE 0
212 84 225 84 225 105 212 105 BIODEGRADABLE 0
7 3 51 3 51 53 7 53 BIODEGRADABLE 0
11 34 40 34 40 81 11 81 BIODEGRADABLE 0
1 42 12 42 12 89 1 89 BIODEGRADABLE 0
50 3 97 3 97 40 50 40 BIODEGRADABLE 0
94 2 127.00000000000001 2 127.00000000000001 76 94 76 BIODEGRADABLE 0
71 65 129 65 129 199 71 199 BIODEGRADABLE 0
33 34 88 34 88 170 33 170 BIODEGRADABLE 0
8 74 28 74 28 110 8 110 BIODEGRADABLE 0
1 314 77 314 77 415 1 415 BIODEGRADABLE 0
46 322 66 322 66 380 46 380 BIODEGRADABLE 0
32 314 49 314 49 348 32 348 BIODEGRADABLE 0
1 238.99999999999997 17 238.99999999999997 17 338 1 338 BIODEGRADABLE 0
3 238.99999999999997 14.999999999999998 238.99999999999997 14.999999999999998 317 3 317 BIODEGRADABLE 0
8 241.00000000000003 20 241.00000000000003 20 285 8 285 BIODEGRADABLE 0
14.999999999999998 286 27.000000000000004 286 27.000000000000004 325 14.999999999999998 325 BIODEGRADABLE 0
29.999999999999996 277 54.00000000000001 277 54.00000000000001 327 29.999999999999996 327 BIODEGRADABLE 0
21 259 38 259 38 301 21 301 BIODEGRADABLE 0
18 178 81 178 81 306 18 306 BIODEGRADABLE 0
59 170 78 170 78 202 59 202 BIODEGRADABLE 0
43 155 67 155 67 191 43 191 BIODEGRADABLE 0
32 147 46 147 46 176 32 176 BIODEGRADABLE 0
28 110 48 110 48 152 28 152 BIODEGRADABLE 0
20 87 35 87 35 129 20 129 BIODEGRADABLE 0
7 115 23 115 23 144 7 144 BIODEGRADABLE 0
2 141 23 141 23 170 2 170 BIODEGRADABLE 0
17 147 32 147 32 194 17 194 BIODEGRADABLE 0
1 165 17 165 17 231 1 231 BIODEGRADABLE 0
77 251 132 251 132 415 77 415 BIODEGRADABLE 0
53 238 143 238 143 415 53 415 BIODEGRADABLE 0
79 183 112.99999999999999 183 112.99999999999999 254.00000000000003 79 254.00000000000003 BIODEGRADABLE 0
114.00000000000001 121.00000000000001 218 121.00000000000001 218 325 114.00000000000001 325 BIODEGRADABLE 0
165 82 216.00000000000003 82 216.00000000000003 186 165 186 BIODEGRADABLE 0
157 27.000000000000004 200 27.000000000000004 200 112.99999999999999 157 112.99999999999999 BIODEGRADABLE 0
165 3 205 3 205 27.000000000000004 165 27.000000000000004 BIODEGRADABLE 0
127.00000000000001 3 172 3 172 95 127.00000000000001 95 BIODEGRADABLE 0
128 50 158 50 158 134 128 134 BIODEGRADABLE 0
159 353 213.99999999999997 353 213.99999999999997 415 159 415 BIODEGRADABLE 0
140 361 166 361 166 415 140 415 BIODEGRADABLE 0
128 309 178 309 178 364 128 364 BIODEGRADABLE 0
147 319 163 319 163 343 147 343 BIODEGRADABLE 0
243 329 315 329 315 415 243 415 BIODEGRADABLE 0
204 247 274 247 274 351 204 351 BIODEGRADABLE 0
210 102 308 102 308 338 210 338 BIODEGRADABLE 0
194 304 219 304 219 354 194 354 BIODEGRADABLE 0
176 286 198 286 198 338 176 338 BIODEGRADABLE 0
196 267 212 267 212 306 196 306 BIODEGRADABLE 0
218 341 239.99999999999997 341 239.99999999999997 385 218 385 BIODEGRADABLE 0
229.00000000000003 359 249 359 249 403 229.00000000000003 403 BIODEGRADABLE 0
209 384 237 384 237 415 209 415 BIODEGRADABLE 0
195 353 217 353 217 403 195 403 BIODEGRADABLE 0
185 382 206 382 206 415 185 415 BIODEGRADABLE 0
173 348 189 348 189 387 173 387 BIODEGRADABLE 0
183 333 200 333 200 380 183 380 BIODEGRADABLE 0
228.00000000000003 118 298 118 298 275 228.00000000000003 275 BIODEGRADABLE 0
286 123 300 123 300 141 286 141 BIODEGRADABLE 0
283 212 309 212 309 280 283 280 BIODEGRADABLE 0
309 199 341 199 341 265 309 265 BIODEGRADABLE 0
326 251 358 251 358 317 326 317 BIODEGRADABLE 0
297 265 329 265 329 317 297 317 BIODEGRADABLE 0
313 314 345 314 345 372 313 372 BIODEGRADABLE 0
343 301 375 301 375 369 343 369 BIODEGRADABLE 0
328 363 360 363 360 415 328 415 BIODEGRADABLE 0
324 380 334 380 334 406 324 406 BIODEGRADABLE 0
327 411 340 411 340 415 327 415 BIODEGRADABLE 0
298 296 306 296 306 322 298 322 BIODEGRADABLE 0
290 280 300 280 300 304 290 304 BIODEGRADABLE 0
296 144 334 144 334 202 296 202 BIODEGRADABLE 0
299 110 365 110 365 152 299 152 BIODEGRADABLE 0
330 163 351 163 351 202 330 202 BIODEGRADABLE 0
343 196 356 196 356 225 343 225 BIODEGRADABLE 0
342 228.00000000000003 351 228.00000000000003 351 249 342 249 BIODEGRADABLE 0
352 225 362 225 362 243 352 243 BIODEGRADABLE 0
355 233 385 233 385 301 355 301 BIODEGRADABLE 0
378 285 391 285 391 319 378 319 BIODEGRADABLE 0
374 319 390 319 390 343 374 343 BIODEGRADABLE 0
361 369 373 369 373 393 361 393 BIODEGRADABLE 0
377 343 398 343 398 385 377 385 BIODEGRADABLE 0
393 388 407 388 407 414 393 414 BIODEGRADABLE 0