144 155 300 155 300 267 144 267 BIODEGRADABLE 0
136 49 290 49 290 157 136 157 BIODEGRADABLE 0
138 2 289 2 289 46 138 46 BIODEGRADABLE 0
33 2 160 2 160 112 33 112 BIODEGRADABLE 0
33 112 165 112 165 217 33 217 BIODEGRADABLE 0
33 216.00000000000003 171 216.00000000000003 171 330 33 330 BIODEGRADABLE 0
31 326 169 326 169 415 31 415 BIODEGRADABLE 0
149 267 313 267 313 388 149 388 BIODEGRADABLE 0
162 384 291 384 291 415 162 415 BIODEGRADABLE 0
288 336 415 336 415 416 288 416 BIODEGRADABLE 0
278 207 415 207 415 321 278 321 BIODEGRADABLE 0
272 91 416 91 416 211 272 211 BIODEGRADABLE 0
261 2 401 2 401 98 261 98 BIODEGRADABLE 0
389 37 415 37 415 116 389 116 BIODEGRADABLE 0