46 209 310 209 310 315 46 315 BIODEGRADABLE 0
207 103 364 103 364 223 207 223 BIODEGRADABLE 0
184 129 384 129 384 211 184 211 BIODEGRADABLE 0
273 162 305 162 305 186 273 186 BIODEGRADABLE 0
269 144 303 144 303 164 269 164 BIODEGRADABLE 0
278 2 416 2 416 150 278 150 BIODEGRADABLE 0
234 2 325 2 325 44 234 44 BIODEGRADABLE 0
64 83 189 83 189 198 64 198 BIODEGRADABLE 0
34 128 64 128 64 156 34 156 BIODEGRADABLE 0
2 1 82 1 82 53 2 53 BIODEGRADABLE 0
3 94 53 94 53 168 3 168 BIODEGRADABLE 0
3 180 21 180 21 226.99999999999997 3 226.99999999999997 BIODEGRADABLE 0
3 238 87 238 87 341 3 341 BIODEGRADABLE 0
309 169 415 169 415 274 309 274 BIODEGRADABLE 0
386 269 415 269 415 313 386 313 BIODEGRADABLE 0
246 271 392 271 392 373 246 373 BIODEGRADABLE 0
159 315 250 315 250 411 159 411 BIODEGRADABLE 0
74 384 187 384 187 415 74 415 BIODEGRADABLE 0
29 325 157 325 157 401 29 401 BIODEGRADABLE 0
3 390 23 390 23 410 3 410 BIODEGRADABLE 0
12 386 46 386 46 408 12 408 BIODEGRADABLE 0
5 356 25 356 25 383 5 383 BIODEGRADABLE 0
220 390 335 390 335 415 220 415 BIODEGRADABLE 0
328 371 415 371 415 416 328 416 BIODEGRADABLE 0
386 322 415 322 415 373 386 373 BIODEGRADABLE 0
128 2 271 2 271 111 128 111 GLASS 0