238 14.999999999999998 362 14.999999999999998 362 135 238 135 BIODEGRADABLE 0
73 2 238 2 238 94 73 94 BIODEGRADABLE 0
86 87 254.00000000000003 87 254.00000000000003 229.00000000000003 86 229.00000000000003 BIODEGRADABLE 0
24 53 116 53 116 138 24 138 BIODEGRADABLE 0
54.00000000000001 203 140 203 140 267 54.00000000000001 267 BIODEGRADABLE 0
0 121.00000000000001 110 121.00000000000001 110 268 0 268 BIODEGRADABLE 0
174 206 288 206 288 283 174 283 BIODEGRADABLE 0
247 132 410 132 410 246 247 246 BIODEGRADABLE 0
238 246 380 246 380 346 238 346 BIODEGRADABLE 0
358 225 414 225 414 340 358 340 BIODEGRADABLE 0
94 239.99999999999997 298 239.99999999999997 298 392 94 392 BIODEGRADABLE 0
0 348 416 348 416 415 0 415 BIODEGRADABLE 0
2 267 86 267 86 322 2 322 BIODEGRADABLE 0
1 238 39 238 39 288 1 288 BIODEGRADABLE 0
1 222 9 222 9 248 1 248 BIODEGRADABLE 0
50 302 114.00000000000001 302 114.00000000000001 354 50 354 BIODEGRADABLE 0
80 344 155 344 155 394 80 394 BIODEGRADABLE 0
103 373 176 373 176 397 103 397 BIODEGRADABLE 0
47 376 98 376 98 415 47 415 BIODEGRADABLE 0
18 342 56 342 56 392 18 392 BIODEGRADABLE 0
0 305 17 305 17 342 0 342 BIODEGRADABLE 0