44 249 189 249 189 367 44 367 BIODEGRADABLE 0
184 324 247 324 247 375 184 375 BIODEGRADABLE 0
204 371 241.00000000000003 371 241.00000000000003 397 204 397 BIODEGRADABLE 0
182 368 213.99999999999997 368 213.99999999999997 410 182 410 BIODEGRADABLE 0
234 369 278 369 278 412 234 412 BIODEGRADABLE 0
243 338 301 338 301 394 243 394 BIODEGRADABLE 0
186 272 230 272 230 324 186 324 BIODEGRADABLE 0
182 229.00000000000003 247 229.00000000000003 247 287 182 287 BIODEGRADABLE 0
265 250 343 250 343 323 265 323 BIODEGRADABLE 0
254.00000000000003 283 338 283 338 329 254.00000000000003 329 BIODEGRADABLE 0
288 318 327 318 327 334 288 334 BIODEGRADABLE 0
321 280 384 280 384 323 321 323 BIODEGRADABLE 0
344 251.99999999999997 388 251.99999999999997 388 297 344 297 BIODEGRADABLE 0
258 234 334 234 334 283 258 283 BIODEGRADABLE 0
249 244 271 244 271 286 249 286 BIODEGRADABLE 0
232 261 262 261 262 305 232 305 BIODEGRADABLE 0
223 289 293 289 293 327 223 327 BIODEGRADABLE 0
212.99999999999997 310 299 310 299 342 212.99999999999997 342 BIODEGRADABLE 0
247 213.99999999999997 291 213.99999999999997 291 254.00000000000003 247 254.00000000000003 BIODEGRADABLE 0
282 212 310 212 310 242.00000000000003 282 242.00000000000003 BIODEGRADABLE 0
314 221 340 221 340 252.99999999999997 314 252.99999999999997 BIODEGRADABLE 0
323 207 371 207 371 251 323 251 BIODEGRADABLE 0
305 162 349 162 349 208 305 208 BIODEGRADABLE 0
1 341 86 341 86 415 1 415 BIODEGRADABLE 0
1 324 35 324 35 343 1 343 BIODEGRADABLE 0
22 42 170 42 170 148 22 148 BIODEGRADABLE 0
65 0 250 0 250 53 65 53 BIODEGRADABLE 0
1 0 93 0 93 66 1 66 BIODEGRADABLE 0
11 102 273 102 273 261 11 261 METAL 0