39 130 245 130 245 276 39 276 BIODEGRADABLE 0
17 83 242.00000000000003 83 242.00000000000003 201 17 201 BIODEGRADABLE 0
71 292 148 292 148 368 71 368 BIODEGRADABLE 0
129 320 197 320 197 389 129 389 BIODEGRADABLE 0
142 386 219 386 219 415 142 415 BIODEGRADABLE 0
165 286 305 286 305 414 165 414 BIODEGRADABLE 0
247 301 345 301 345 354 247 354 BIODEGRADABLE 0
202 272 254.00000000000003 272 254.00000000000003 341 202 341 BIODEGRADABLE 0
290 251 350 251 350 315 290 315 BIODEGRADABLE 0
234 223 307 223 307 275 234 275 BIODEGRADABLE 0
243 275 288 275 288 291 243 291 BIODEGRADABLE 0
37 243 151 243 151 315 37 315 BIODEGRADABLE 0
110 375 153 375 153 415 110 415 BIODEGRADABLE 0
39 170 105 170 105 270 39 270 BIODEGRADABLE 0
5 211 45 211 45 245 5 245 BIODEGRADABLE 0
183 81 258 81 258 135 183 135 BIODEGRADABLE 0
260 95 326 95 326 153 260 153 BIODEGRADABLE 0
242.00000000000003 148 358 148 358 216.00000000000003 242.00000000000003 216.00000000000003 BIODEGRADABLE 0
281 204 358 204 358 257 281 257 BIODEGRADABLE 0
210 48 283 48 283 72 210 72 BIODEGRADABLE 0
215.00000000000003 58 277 58 277 100 215.00000000000003 100 BIODEGRADABLE 0
181 66 221 66 221 87 181 87 BIODEGRADABLE 0
166 14 262 14 262 66 166 66 BIODEGRADABLE 0
116 61 168 61 168 89 116 89 BIODEGRADABLE 0
161 82 189 82 189 98 161 98 BIODEGRADABLE 0
133 32 171 32 171 68 133 68 BIODEGRADABLE 0
101 37 133 37 133 59 101 59 BIODEGRADABLE 0
92 56 112 56 112 84 92 84 BIODEGRADABLE 0
135 0 169 0 169 32 135 32 BIODEGRADABLE 0
170 3 212.99999999999997 3 212.99999999999997 23 170 23 BIODEGRADABLE 0