289 300 323 300 323 332 289 332 BIODEGRADABLE 0
280 335 318 335 318 356 280 356 BIODEGRADABLE 0
255.00000000000003 350 293 350 293 372 255.00000000000003 372 BIODEGRADABLE 0
242.00000000000003 330 280 330 280 354 242.00000000000003 354 BIODEGRADABLE 0
255.00000000000003 312 287 312 287 339 255.00000000000003 339 BIODEGRADABLE 0
273 277 311 277 311 301 273 301 BIODEGRADABLE 0
259 294 287 294 287 309 259 309 BIODEGRADABLE 0
212 306 248 306 248 332 212 332 BIODEGRADABLE 0
212 324 246 324 246 338 212 338 BIODEGRADABLE 0
226.99999999999997 291 257 291 257 306 226.99999999999997 306 BIODEGRADABLE 0
111 318 273 318 273 415 111 415 BIODEGRADABLE 0
112 238 230 238 230 332 112 332 BIODEGRADABLE 0
203 206 294 206 294 290 203 290 BIODEGRADABLE 0
55 169 162 169 162 295 55 295 BIODEGRADABLE 0
130 171 268 171 268 262 130 262 BIODEGRADABLE 0
82 129 251.99999999999997 129 251.99999999999997 187 82 187 BIODEGRADABLE 0
37 61 130 61 130 125.99999999999999 37 125.99999999999999 BIODEGRADABLE 0
39 28 89 28 89 64 39 64 BIODEGRADABLE 0
9 38 39 38 39 86 9 86 BIODEGRADABLE 0
9 1 106 1 106 43 9 43 BIODEGRADABLE 0