195 47 395 47 395 183 195 183 BIODEGRADABLE 0
159 100 384 100 384 220 159 220 BIODEGRADABLE 0
148 144 362 144 362 262 148 262 BIODEGRADABLE 0
151 183 337 183 337 283 151 283 BIODEGRADABLE 0
199 208 311 208 311 370 199 370 BIODEGRADABLE 0
131 217 232 217 232 395 131 395 BIODEGRADABLE 0
76 220 174 220 174 374 76 374 BIODEGRADABLE 0
29.999999999999996 222 152 222 152 323 29.999999999999996 323 BIODEGRADABLE 0
1 205 146 205 146 274 1 274 BIODEGRADABLE 0
24 52 180 52 180 208 24 208 BIODEGRADABLE 0
114.00000000000001 31 228.00000000000003 31 228.00000000000003 211 114.00000000000001 211 BIODEGRADABLE 0
71 129 137 129 137 213.99999999999997 71 213.99999999999997 BIODEGRADABLE 0
21 37 161 37 161 161 21 161 BIODEGRADABLE 0
26 59.99999999999999 122 59.99999999999999 122 200 26 200 BIODEGRADABLE 0