20 279 103 279 103 407 20 407 BIODEGRADABLE 0
2 288 29 288 29 415 2 415 BIODEGRADABLE 0
10 196 86 196 86 288 10 288 BIODEGRADABLE 0
73 143 143 143 143 262 73 262 BIODEGRADABLE 0
97 223 175 223 175 359 97 359 BIODEGRADABLE 0
81 356 154 356 154 415 81 415 BIODEGRADABLE 0
20 390 80 390 80 416 20 416 BIODEGRADABLE 0
136 303 228.00000000000003 303 228.00000000000003 415 136 415 BIODEGRADABLE 0
157 178 246 178 246 306 157 306 BIODEGRADABLE 0
147 95 205 95 205 205 147 205 BIODEGRADABLE 0
200 80 283 80 283 205 200 205 BIODEGRADABLE 0
244 161 341 161 341 295 244 295 BIODEGRADABLE 0
225.99999999999997 282 316 282 316 415 225.99999999999997 415 BIODEGRADABLE 0
224 42 303 42 303 155 224 155 BIODEGRADABLE 0
290 110 375 110 375 229.00000000000003 290 229.00000000000003 BIODEGRADABLE 0
297 252.99999999999997 363 252.99999999999997 363 372 297 372 BIODEGRADABLE 0
311 312 403 312 403 415 311 415 BIODEGRADABLE 0