123 333 261 333 261 415 123 415 BIODEGRADABLE 0
156 250 291 250 291 344 156 344 BIODEGRADABLE 0
85 230 204 230 204 314 85 314 BIODEGRADABLE 0
48 291 151 291 151 370 48 370 BIODEGRADABLE 0
18 217 112 217 112 285 18 285 BIODEGRADABLE 0
32 125.99999999999999 108.00000000000001 125.99999999999999 108.00000000000001 192 32 192 BIODEGRADABLE 0
35 59 133 59 133 129 35 129 BIODEGRADABLE 0
57.00000000000001 146 135 146 135 232 57.00000000000001 232 BIODEGRADABLE 0
124 42 204 42 204 130 124 130 BIODEGRADABLE 0
133 128 193 128 193 216.00000000000003 133 216.00000000000003 BIODEGRADABLE 0
172 143 288 143 288 249 172 249 BIODEGRADABLE 0
185 47 293 47 293 154 185 154 BIODEGRADABLE 0
272 74 414 74 414 194 272 194 BIODEGRADABLE 0
249 220 402 220 402 332 249 332 BIODEGRADABLE 0