296 29.999999999999996 368 29.999999999999996 368 122 296 122 BIODEGRADABLE 0
350 67 395 67 395 141 350 141 BIODEGRADABLE 0
328 177 361 177 361 235 328 235 BIODEGRADABLE 0
268 154 334 154 334 267 268 267 BIODEGRADABLE 0
222 138 274 138 274 212 222 212 BIODEGRADABLE 0
148 122 223 122 223 212 148 212 BIODEGRADABLE 0
94 122 153 122 153 193 94 193 BIODEGRADABLE 0
76 161 119.99999999999999 161 119.99999999999999 244 76 244 BIODEGRADABLE 0
112 193 174 193 174 281 112 281 BIODEGRADABLE 0
167 205 212.99999999999997 205 212.99999999999997 269 167 269 BIODEGRADABLE 0
147 267 209 267 209 317 147 317 BIODEGRADABLE 0
205 265 259 265 259 320 205 320 BIODEGRADABLE 0
210 205 270 205 270 285 210 285 BIODEGRADABLE 0
243 264 273 264 273 308 243 308 BIODEGRADABLE 0
261 252.99999999999997 319 252.99999999999997 319 308 261 308 BIODEGRADABLE 0
357 310 415 310 415 415 357 415 BIODEGRADABLE 0
5 191 149 191 149 345 5 345 METAL 0
2 218 116 218 116 260 2 260 METAL 0
1 236 79 236 79 415 1 415 GLASS 0
59.99999999999999 320 122 320 122 416 59.99999999999999 416 GLASS 0