255.00000000000003 305 414 305 414 404 255.00000000000003 404 BIODEGRADABLE 0
157 347 348 347 348 415 157 415 BIODEGRADABLE 0
153 268 305 268 305 351 153 351 BIODEGRADABLE 0
0 279 164 279 164 385 0 385 BIODEGRADABLE 0
57.00000000000001 356 161 356 161 415 57.00000000000001 415 BIODEGRADABLE 0
146 395 189 395 189 415 146 415 BIODEGRADABLE 0
41 383 71 383 71 415 41 415 BIODEGRADABLE 0
7 378 50 378 50 415 7 415 BIODEGRADABLE 0
106.99999999999999 192 307 192 307 283 106.99999999999999 283 BIODEGRADABLE 0
25 248 143 248 143 300 25 300 BIODEGRADABLE 0
1 257 34 257 34 323 1 323 BIODEGRADABLE 0
1 205 116 205 116 251.99999999999997 1 251.99999999999997 BIODEGRADABLE 0
75 97 173 97 173 224 75 224 BIODEGRADABLE 0
1 145 82 145 82 211 1 211 BIODEGRADABLE 0
12 85 103 85 103 151 12 151 BIODEGRADABLE 0
71 14 212 14 212 100 71 100 BIODEGRADABLE 0
125 56 305 56 305 180 125 180 BIODEGRADABLE 0
357 254.00000000000003 414 254.00000000000003 414 298 357 298 BIODEGRADABLE 0
343 400 400 400 400 415 343 415 BIODEGRADABLE 0
326 383 362 383 362 404 326 404 BIODEGRADABLE 0
398 403 414 403 414 413 398 413 BIODEGRADABLE 0
294 256 353 256 353 299 294 299 BIODEGRADABLE 0
262 223 330 223 330 264 262 264 BIODEGRADABLE 0
312 197 382 197 382 233 312 233 BIODEGRADABLE 0
334 225.99999999999997 391 225.99999999999997 391 256 334 256 BIODEGRADABLE 0
386 212 414 212 414 252.99999999999997 386 252.99999999999997 BIODEGRADABLE 0
371 190 409 190 409 212 371 212 BIODEGRADABLE 0
323 157 411 157 411 197 323 197 BIODEGRADABLE 0
284 176 327 176 327 212 284 212 BIODEGRADABLE 0
277 138 341 138 341 173 277 173 BIODEGRADABLE 0
226.99999999999997 154 291 154 291 192 226.99999999999997 192 BIODEGRADABLE 0
173 177 223 177 223 198 173 198 BIODEGRADABLE 0
148 194 176 194 176 213.99999999999997 148 213.99999999999997 BIODEGRADABLE 0
360 106 414 106 414 164 360 164 BIODEGRADABLE 0
323 106 377 106 377 148 323 148 BIODEGRADABLE 0
287 91 346 91 346 137 287 137 BIODEGRADABLE 0
330 61 398 61 398 105 330 105 BIODEGRADABLE 0
396 59.99999999999999 414 59.99999999999999 414 106 396 106 BIODEGRADABLE 0
362 5 414 5 414 62.99999999999999 362 62.99999999999999 BIODEGRADABLE 0
307 38 364 38 364 68 307 68 BIODEGRADABLE 0
282 50 334 50 334 88 282 88 BIODEGRADABLE 0
300 0 373 0 373 40 300 40 BIODEGRADABLE 0
364 0 412 0 412 12 364 12 BIODEGRADABLE 0
255.00000000000003 20 309 20 309 55 255.00000000000003 55 BIODEGRADABLE 0
209 37 275 37 275 73 209 73 BIODEGRADABLE 0
199 0 278 0 278 34 199 34 BIODEGRADABLE 0
273 0 309 0 309 14.999999999999998 273 14.999999999999998 BIODEGRADABLE 0
160 5 212 5 212 26 160 26 BIODEGRADABLE 0
155 1 203 1 203 17 155 17 BIODEGRADABLE 0
123 6 159 6 159 18 123 18 BIODEGRADABLE 0
114.00000000000001 0 162 0 162 9 114.00000000000001 9 BIODEGRADABLE 0
80 0 118 0 118 14.999999999999998 80 14.999999999999998 BIODEGRADABLE 0
73 14.999999999999998 119 14.999999999999998 119 39 73 39 BIODEGRADABLE 0
53 38 89 38 89 73 53 73 BIODEGRADABLE 0
35 68 73 68 73 86 35 86 BIODEGRADABLE 0
2 90 29.999999999999996 90 29.999999999999996 111 2 111 BIODEGRADABLE 0
5 117 29.999999999999996 117 29.999999999999996 138 5 138 BIODEGRADABLE 0
2 139 29.999999999999996 139 29.999999999999996 145 2 145 BIODEGRADABLE 0
1 118 7 118 7 144 1 144 BIODEGRADABLE 0
1 86 9 86 9 117 1 117 BIODEGRADABLE 0
1 58 32 58 32 90 1 90 BIODEGRADABLE 0
35 40 55 40 55 67 35 67 BIODEGRADABLE 0
12 31 48 31 48 59 12 59 BIODEGRADABLE 0
0 40 14 40 14 62 0 62 BIODEGRADABLE 0
1 0 35 0 35 38 1 38 BIODEGRADABLE 0
37 20 57.00000000000001 20 57.00000000000001 35 37 35 BIODEGRADABLE 0
52 2 80 2 80 29 52 29 BIODEGRADABLE 0
53 23 75 23 75 45 53 45 BIODEGRADABLE 0