236 39 398 39 398 141 236 141 BIODEGRADABLE 0
232 137 350 137 350 233 232 233 BIODEGRADABLE 0
212 239.99999999999997 352 239.99999999999997 352 356 212 356 BIODEGRADABLE 0
85 290 226.99999999999997 290 226.99999999999997 395 85 395 BIODEGRADABLE 0
76 159 232 159 232 271 76 271 BIODEGRADABLE 0
2 131 116 131 116 225 2 225 BIODEGRADABLE 0
338 337 415 337 415 415 338 415 BIODEGRADABLE 0
12 1 136 1 136 91 12 91 BIODEGRADABLE 0
2 293 116 293 116 384 2 384 BIODEGRADABLE 0
119.99999999999999 0 327 0 327 40 119.99999999999999 40 BIODEGRADABLE 0
119.99999999999999 45 231 45 231 157 119.99999999999999 157 BIODEGRADABLE 0
213.99999999999997 359 336 359 336 415 213.99999999999997 415 BIODEGRADABLE 0