119 50 407 50 407 144 119 144 BIODEGRADABLE 0
37 2 237 2 237 162 37 162 BIODEGRADABLE 0
123 111 409 111 409 165 123 165 BIODEGRADABLE 0
118 135 398 135 398 193 118 193 BIODEGRADABLE 0
121.00000000000001 168 285 168 285 225.99999999999997 121.00000000000001 225.99999999999997 BIODEGRADABLE 0
128 163 319 163 319 197 128 197 BIODEGRADABLE 0
237 170 403 170 403 261 237 261 BIODEGRADABLE 0
205 209 396 209 396 306 205 306 BIODEGRADABLE 0
166 245 380 245 380 360 166 360 BIODEGRADABLE 0
146 304 353 304 353 394 146 394 BIODEGRADABLE 0
125 314 340 314 340 415 125 415 BIODEGRADABLE 0
97 340 196 340 196 415 97 415 BIODEGRADABLE 0
84 345 144 345 144 415 84 415 BIODEGRADABLE 0
9 165 234 165 234 336 9 336 BIODEGRADABLE 0