367 59 415 59 415 151 367 151 BIODEGRADABLE 0
404 137 414 137 414 183 404 183 BIODEGRADABLE 0
319 31 391 31 391 91 319 91 BIODEGRADABLE 0
326 0 415 0 415 62.99999999999999 326 62.99999999999999 BIODEGRADABLE 0
237 65 257 65 257 87 237 87 BIODEGRADABLE 0
250 51 278 51 278 69 250 69 BIODEGRADABLE 0
259 65 279 65 279 91 259 91 BIODEGRADABLE 0
272 61 298 61 298 97 272 97 BIODEGRADABLE 0
267 91 289 91 289 112.99999999999999 267 112.99999999999999 BIODEGRADABLE 0
243 89 267 89 267 112.99999999999999 243 112.99999999999999 BIODEGRADABLE 0
238 53 294 53 294 115 238 115 BIODEGRADABLE 0
278 145 314 145 314 183 278 183 BIODEGRADABLE 0
322 221 362 221 362 267 322 267 BIODEGRADABLE 0
301 274 327 274 327 300 301 300 BIODEGRADABLE 0
320 272 361 272 361 294 320 294 BIODEGRADABLE 0
329 278 381 278 381 312 329 312 BIODEGRADABLE 0
337 312 363 312 363 332 337 332 BIODEGRADABLE 0
353 298 385 298 385 330 353 330 BIODEGRADABLE 0
289 250 387 250 387 352 289 352 BIODEGRADABLE 0
348 332 372 332 372 350 348 350 BIODEGRADABLE 0
339 342 356 342 356 358 339 358 BIODEGRADABLE 0
320 328 336 328 336 336 320 336 BIODEGRADABLE 0
324 336 341 336 341 348 324 348 BIODEGRADABLE 0
303 314 327 314 327 338 303 338 BIODEGRADABLE 0
233 308 265 308 265 346 233 346 BIODEGRADABLE 0
178 239.99999999999997 195 239.99999999999997 195 290 178 290 BIODEGRADABLE 0
188 251.99999999999997 225.99999999999997 251.99999999999997 225.99999999999997 296 188 296 BIODEGRADABLE 0
199 235 216.00000000000003 235 216.00000000000003 263 199 263 BIODEGRADABLE 0
166 223 233 223 233 289 166 289 BIODEGRADABLE 0
197 131 216.00000000000003 131 216.00000000000003 155 197 155 BIODEGRADABLE 0
209 129 219 129 219 159 209 159 BIODEGRADABLE 0
211 145 225 145 225 165 211 165 BIODEGRADABLE 0
202 153 213.99999999999997 153 213.99999999999997 179 202 179 BIODEGRADABLE 0
180 167 202 167 202 189 180 189 BIODEGRADABLE 0
180 147 199 147 199 169 180 169 BIODEGRADABLE 0
176 129 195 129 195 151 176 151 BIODEGRADABLE 0
166 123 178 123 178 141 166 141 BIODEGRADABLE 0
163 141 177 141 177 167 163 167 BIODEGRADABLE 0
173 169 189 169 189 189 173 189 BIODEGRADABLE 0
163 125 225 125 225 189 163 189 BIODEGRADABLE 0
212.99999999999997 33 235 33 235 91 212.99999999999997 91 BIODEGRADABLE 0
165 10 221 10 221 52 165 52 BIODEGRADABLE 0
128 0 163 0 163 65 128 65 BIODEGRADABLE 0
152 37 202 37 202 93 152 93 BIODEGRADABLE 0
103 14 147 14 147 74 103 74 BIODEGRADABLE 0
101 49 142 49 142 99 101 99 BIODEGRADABLE 0
123 75 163 75 163 99 123 99 BIODEGRADABLE 0
55 304 231 304 231 414 55 414 BIODEGRADABLE 0
171 368 236 368 236 414 171 414 BIODEGRADABLE 0
123 362 161 362 161 414 123 414 BIODEGRADABLE 0
99 366 127.00000000000001 366 127.00000000000001 410 99 410 BIODEGRADABLE 0
135 374 175 374 175 410 135 410 BIODEGRADABLE 0
154 334 195 334 195 370 154 370 BIODEGRADABLE 0
112 326 148 326 148 354 112 354 BIODEGRADABLE 0
84 338 119.99999999999999 338 119.99999999999999 376 84 376 BIODEGRADABLE 0
62.99999999999999 366 94 366 94 400 62.99999999999999 400 BIODEGRADABLE 0
72 380 116 380 116 414 72 414 BIODEGRADABLE 0
135 332 166 332 166 364 135 364 BIODEGRADABLE 0
183 342 221 342 221 378 183 378 BIODEGRADABLE 0
199 380 228.00000000000003 380 228.00000000000003 414 199 414 BIODEGRADABLE 0
177 390 194 390 194 414 177 414 BIODEGRADABLE 0
129 306 160 306 160 334 129 334 BIODEGRADABLE 0
159 318 190 318 190 344 159 344 BIODEGRADABLE 0
96 308 128 308 128 334 96 334 BIODEGRADABLE 0
81 328 117 328 117 358 81 358 BIODEGRADABLE 0
62 334 90 334 90 360 62 360 BIODEGRADABLE 0
53 352 89 352 89 386 53 386 BIODEGRADABLE 0
0 87 84 87 84 209 0 209 BIODEGRADABLE 0
71 125 129 125 129 179 71 179 BIODEGRADABLE 0
100 153 134 153 134 207 100 207 BIODEGRADABLE 0
105 187 127.00000000000001 187 127.00000000000001 263 105 263 BIODEGRADABLE 0
69 169 110 169 110 238.99999999999997 69 238.99999999999997 BIODEGRADABLE 0
77 215.00000000000003 111 215.00000000000003 111 277 77 277 BIODEGRADABLE 0
57.00000000000001 230 88 230 88 302 57.00000000000001 302 BIODEGRADABLE 0
31 217 75 217 75 297 31 297 BIODEGRADABLE 0
19 223 50 223 50 295 19 295 BIODEGRADABLE 0
0 175 77 175 77 285 0 285 BIODEGRADABLE 0
183 109 272 109 272 183 183 183 METAL 0
130 79 176 79 176 129 130 129 METAL 0