334 374 414 374 414 415 334 415 BIODEGRADABLE 0
392 325 414 325 414 407 392 407 BIODEGRADABLE 0
325 49 414 49 414 119 325 119 BIODEGRADABLE 0
392 49 414 49 414 85 392 85 BIODEGRADABLE 0
389 7 414 7 414 51 389 51 BIODEGRADABLE 0
347 1 414 1 414 57.00000000000001 347 57.00000000000001 BIODEGRADABLE 0
303 2 357 2 357 32 303 32 BIODEGRADABLE 0
307 21 371 21 371 43 307 43 BIODEGRADABLE 0
302 36 386 36 386 74 302 74 BIODEGRADABLE 0
277 40 317 40 317 83 277 83 BIODEGRADABLE 0
308 74 342 74 342 102 308 102 BIODEGRADABLE 0
335 77 377 77 377 121.00000000000001 335 121.00000000000001 BIODEGRADABLE 0
374 110 414 110 414 146 374 146 BIODEGRADABLE 0
231 112.99999999999999 414 112.99999999999999 414 278 231 278 BIODEGRADABLE 0
45 2 243 2 243 128 45 128 BIODEGRADABLE 0
38 2 196 2 196 142 38 142 BIODEGRADABLE 0
181 122 414 122 414 305 181 305 BIODEGRADABLE 0
146 142 414 142 414 346 146 346 BIODEGRADABLE 0
201 269 293 269 293 337 201 337 BIODEGRADABLE 0
277 283 379 283 379 353 277 353 BIODEGRADABLE 0
309 346 395 346 395 415 309 415 BIODEGRADABLE 0
243 320 313 320 313 412 243 412 BIODEGRADABLE 0
144 218 218 218 218 297 144 297 BIODEGRADABLE 0
196 220 285 220 285 282 196 282 BIODEGRADABLE 0
114.00000000000001 166 208 166 208 225.99999999999997 114.00000000000001 225.99999999999997 BIODEGRADABLE 0
87 125 154 125 154 182 87 182 BIODEGRADABLE 0
72 112 116 112 116 154 72 154 BIODEGRADABLE 0
52 79 102 79 102 133 52 133 BIODEGRADABLE 0
2 61 62 61 62 125 2 125 BIODEGRADABLE 0
0 21 18 21 18 72 0 72 BIODEGRADABLE 0
0 11 169 11 169 142 0 142 BIODEGRADABLE 0
64 283 228.00000000000003 283 228.00000000000003 371 64 371 BIODEGRADABLE 0
0 235 75 235 75 283 0 283 BIODEGRADABLE 0
42 403 217 403 217 415 42 415 BIODEGRADABLE 0
59 355 211 355 211 415 59 415 BIODEGRADABLE 0
109 346 254.00000000000003 346 254.00000000000003 415 109 415 BIODEGRADABLE 0
188 370 245 370 245 408 188 408 BIODEGRADABLE 0
0 353 57.00000000000001 353 57.00000000000001 407 0 407 BIODEGRADABLE 0
0 300 50 300 50 347 0 347 BIODEGRADABLE 0
0 185 89 185 89 231 0 231 BIODEGRADABLE 0
0 146 55 146 55 181 0 181 BIODEGRADABLE 0
0 127.00000000000001 27.000000000000004 127.00000000000001 27.000000000000004 143 0 143 BIODEGRADABLE 0
57.00000000000001 228.00000000000003 149 228.00000000000003 149 292 57.00000000000001 292 BIODEGRADABLE 0