1 269 51 269 51 398 1 398 BIODEGRADABLE 0
26 198 90 198 90 324 26 324 BIODEGRADABLE 0
2 74 46 74 46 192 2 192 BIODEGRADABLE 0
34 108.00000000000001 99 108.00000000000001 99 218 34 218 BIODEGRADABLE 0
82 140 158 140 158 280 82 280 BIODEGRADABLE 0
95 34 171 34 171 174 95 174 BIODEGRADABLE 0
61 1 133 1 133 111 61 111 BIODEGRADABLE 0
159 121.00000000000001 235 121.00000000000001 235 269 159 269 BIODEGRADABLE 0
124 213.99999999999997 192 213.99999999999997 192 366 124 366 BIODEGRADABLE 0
74 287 156 287 156 413 74 413 BIODEGRADABLE 0
190 358 256 358 256 414 190 414 BIODEGRADABLE 0
185 245 268 245 268 387 185 387 BIODEGRADABLE 0
256 311 338 311 338 413 256 413 BIODEGRADABLE 0
255.00000000000003 195 335 195 335 327 255.00000000000003 327 BIODEGRADABLE 0
230 112.99999999999999 295 112.99999999999999 295 245 230 245 BIODEGRADABLE 0
296 90 372 90 372 261 296 261 BIODEGRADABLE 0
249 40 329 40 329 156 249 156 BIODEGRADABLE 0
204 1 268 1 268 103 204 103 BIODEGRADABLE 0
169 84 233 84 233 158 169 158 BIODEGRADABLE 0
162 13 206 13 206 100 162 100 BIODEGRADABLE 0
186 0 212 0 212 29 186 29 BIODEGRADABLE 0
262 0 320 0 320 48 262 48 BIODEGRADABLE 0
311 3 383 3 383 98 311 98 BIODEGRADABLE 0
340 45 409 45 409 177 340 177 BIODEGRADABLE 0