275 2 377 2 377 37 275 37 BIODEGRADABLE 0
386 38 414 38 414 74 386 74 BIODEGRADABLE 0
276 256 414 256 414 392 276 392 BIODEGRADABLE 0
336 152 414 152 414 270 336 270 BIODEGRADABLE 0
235 367 414 367 414 415 235 415 BIODEGRADABLE 0
1 212 218 212 218 415 1 415 BIODEGRADABLE 0
160 202 298 202 298 274 160 274 BIODEGRADABLE 0
137 123 346 123 346 229.00000000000003 137 229.00000000000003 BIODEGRADABLE 0
216.00000000000003 101 330 101 330 136 216.00000000000003 136 BIODEGRADABLE 0
336 164 366 164 366 180 336 180 BIODEGRADABLE 0
53 103 289 103 289 215.00000000000003 53 215.00000000000003 BIODEGRADABLE 0
59 46 327 46 327 112 59 112 BIODEGRADABLE 0
100 2 312 2 312 108.00000000000001 100 108.00000000000001 BIODEGRADABLE 0
248 23 296 23 296 67 248 67 BIODEGRADABLE 0
196 2 237 2 237 34 196 34 BIODEGRADABLE 0
296 41 328 41 328 65 296 65 BIODEGRADABLE 0