32 296 225.99999999999997 296 225.99999999999997 376 32 376 BIODEGRADABLE 0
200 242.00000000000003 383 242.00000000000003 383 303 200 303 BIODEGRADABLE 0
141 325 354 325 354 415 141 415 BIODEGRADABLE 0
224 407 265 407 265 415 224 415 BIODEGRADABLE 0
320 312 414 312 414 394 320 394 BIODEGRADABLE 0
344 257 414 257 414 301 344 301 BIODEGRADABLE 0
0 194 46 194 46 229.00000000000003 0 229.00000000000003 BIODEGRADABLE 0
0 174 48 174 48 198 0 198 BIODEGRADABLE 0
12 78 202 78 202 161 12 161 BIODEGRADABLE 0
157 34 375 34 375 104 157 104 BIODEGRADABLE 0
220 6 279 6 279 32 220 32 BIODEGRADABLE 0
157 130 333 130 333 174 157 174 BIODEGRADABLE 0
102 172 300 172 300 224 102 224 BIODEGRADABLE 0
139 180 333 180 333 268 139 268 BIODEGRADABLE 0