371 3 415 3 415 69 371 69 BIODEGRADABLE 0
376 69 415 69 415 124 376 124 BIODEGRADABLE 0
382 142 415 142 415 192 382 192 BIODEGRADABLE 0
382 137 400 137 400 162 382 162 BIODEGRADABLE 0
383 199 415 199 415 270 383 270 BIODEGRADABLE 0
379 172 394 172 394 202 379 202 BIODEGRADABLE 0
370 144 382 144 382 172 370 172 BIODEGRADABLE 0
371 124 392 124 392 142 371 142 BIODEGRADABLE 0
373 106.99999999999999 385 106.99999999999999 385 119 373 119 BIODEGRADABLE 0
350 115 365 115 365 135 350 135 BIODEGRADABLE 0
334 43 374 43 374 119 334 119 BIODEGRADABLE 0
300 28 350 28 350 101 300 101 BIODEGRADABLE 0
398 270 414 270 414 298 398 298 BIODEGRADABLE 0
367 279 415 279 415 411 367 411 BIODEGRADABLE 0
368 259 396 259 396 293 368 293 BIODEGRADABLE 0
364 231 388 231 388 265 364 265 BIODEGRADABLE 0
355 254.00000000000003 373 254.00000000000003 373 286 355 286 BIODEGRADABLE 0
323 233 365 233 365 263 323 263 BIODEGRADABLE 0
331 233 346 233 346 249 331 249 BIODEGRADABLE 0
301 179 352 179 352 245 301 245 BIODEGRADABLE 0
347 167 374 167 374 199 347 199 BIODEGRADABLE 0
359 199 385 199 385 229.00000000000003 359 229.00000000000003 BIODEGRADABLE 0
346 147 368 147 368 181 346 181 BIODEGRADABLE 0
327 153 347 153 347 181 327 181 BIODEGRADABLE 0
328 119 374 119 374 151 328 151 BIODEGRADABLE 0
308 251.99999999999997 374 251.99999999999997 374 348 308 348 BIODEGRADABLE 0
335 336 367 336 367 370 335 370 BIODEGRADABLE 0
325 352 379 352 379 400 325 400 BIODEGRADABLE 0
296 345 328 345 328 384 296 384 BIODEGRADABLE 0
305 385 321 385 321 405 305 405 BIODEGRADABLE 0
302 386 318 386 318 415 302 415 BIODEGRADABLE 0
317 412 332 412 332 416 317 416 BIODEGRADABLE 0
319 356 415 356 415 416 319 416 BIODEGRADABLE 0
296 297 317 297 317 325 296 325 BIODEGRADABLE 0
311 320 326 320 326 343 311 343 BIODEGRADABLE 0
283 268 322 268 322 334 283 334 BIODEGRADABLE 0
298 238 319 238 319 270 298 270 BIODEGRADABLE 0
260 197 302 197 302 284 260 284 BIODEGRADABLE 0
260 263 278 263 278 288 260 288 BIODEGRADABLE 0
265 220 281 220 281 239.99999999999997 265 239.99999999999997 BIODEGRADABLE 0
235 212.99999999999997 265 212.99999999999997 265 254.00000000000003 235 254.00000000000003 BIODEGRADABLE 0
233 176 261 176 261 220 233 220 BIODEGRADABLE 0
257 149 295 149 295 201 257 201 BIODEGRADABLE 0
284 140 299 140 299 165 284 165 BIODEGRADABLE 0
252.99999999999997 135 271 135 271 163 252.99999999999997 163 BIODEGRADABLE 0
266 119 284 119 284 149 266 149 BIODEGRADABLE 0
233 142 257 142 257 190 233 190 BIODEGRADABLE 0
256 73 289 73 289 117 256 117 BIODEGRADABLE 0
220 291 280 291 280 339 220 339 BIODEGRADABLE 0
206 284 222 284 222 302 206 302 BIODEGRADABLE 0
206 302 220 302 220 311 206 311 BIODEGRADABLE 0
199 295 209 295 209 307 199 307 BIODEGRADABLE 0
225.99999999999997 321 280 321 280 405 225.99999999999997 405 BIODEGRADABLE 0
275 300 307 300 307 357 275 357 BIODEGRADABLE 0
188 311 230 311 230 379 188 379 BIODEGRADABLE 0
98 259 203 259 203 405 98 405 BIODEGRADABLE 0
160 380 200 380 200 412 160 412 BIODEGRADABLE 0
188 380 222 380 222 416 188 416 BIODEGRADABLE 0
219 381 236 381 236 415 219 415 BIODEGRADABLE 0
233 400 267 400 267 415 233 415 BIODEGRADABLE 0
268 364 319 364 319 416 268 416 BIODEGRADABLE 0
139 402 178 402 178 415 139 415 BIODEGRADABLE 0
43 361 143 361 143 415 43 415 BIODEGRADABLE 0
0 300 92 300 92 416 0 416 BIODEGRADABLE 0
1 277 65 277 65 364 1 364 BIODEGRADABLE 0
1 272 11 272 11 343 1 343 BIODEGRADABLE 0
1 170 29 170 29 270 1 270 BIODEGRADABLE 0
14.999999999999998 208 69 208 69 327 14.999999999999998 327 BIODEGRADABLE 0
22 302 68 302 68 364 22 364 BIODEGRADABLE 0
72 222 116 222 116 272 72 272 BIODEGRADABLE 0
59.99999999999999 195 84 195 84 251.99999999999997 59.99999999999999 251.99999999999997 BIODEGRADABLE 0
85 172 143 172 143 222 85 222 BIODEGRADABLE 0
102 185 156 185 156 258 102 258 BIODEGRADABLE 0
65 251.99999999999997 122 251.99999999999997 122 302 65 302 BIODEGRADABLE 0
73 291 106.99999999999999 291 106.99999999999999 332 73 332 BIODEGRADABLE 0
40 41 164 41 164 199 40 199 BIODEGRADABLE 0
90 23 146 23 146 89 90 89 BIODEGRADABLE 0
77 94 101 94 101 130 77 130 BIODEGRADABLE 0
17 57.00000000000001 92 57.00000000000001 92 162 17 162 BIODEGRADABLE 0
42 3 80 3 80 39 42 39 BIODEGRADABLE 0
110 2 149 2 149 16 110 16 BIODEGRADABLE 0
161 39 191 39 191 80 161 80 BIODEGRADABLE 0
290 117 329 117 329 211 290 211 BIODEGRADABLE 0
165 2 377 2 377 125.99999999999999 165 125.99999999999999 BIODEGRADABLE 0
143 3 224 3 224 39 143 39 BIODEGRADABLE 0
1 172 11 172 11 202 1 202 BIODEGRADABLE 0
0 2 24 2 24 153 0 153 BIODEGRADABLE 0
14.999999999999998 2 65 2 65 96 14.999999999999998 96 BIODEGRADABLE 0