358 212 406 212 406 286 358 286 BIODEGRADABLE 0
406 239.99999999999997 414 239.99999999999997 414 262 406 262 BIODEGRADABLE 0
386 269 415 269 415 335 386 335 BIODEGRADABLE 0
363 326 413 326 413 409 363 409 BIODEGRADABLE 0
342 269 386 269 386 338 342 338 BIODEGRADABLE 0
316 331 361 331 361 414 316 414 BIODEGRADABLE 0
288 262 338 262 338 340 288 340 BIODEGRADABLE 0
311 242.00000000000003 349 242.00000000000003 349 290 311 290 BIODEGRADABLE 0
323 210 363 210 363 274 323 274 BIODEGRADABLE 0
269 345 315 345 315 414 269 414 BIODEGRADABLE 0
282 335 320 335 320 359 282 359 BIODEGRADABLE 0
263 212 309 212 309 274 263 274 BIODEGRADABLE 0
299 190 341 190 341 250 299 250 BIODEGRADABLE 0
244 248 289 248 289 324 244 324 BIODEGRADABLE 0
211 276 259 276 259 348 211 348 BIODEGRADABLE 0
187 221 233 221 233 293 187 293 BIODEGRADABLE 0
216.00000000000003 190 262 190 262 264 216.00000000000003 264 BIODEGRADABLE 0
168 288 212.99999999999997 288 212.99999999999997 360 168 360 BIODEGRADABLE 0
194 343 230 343 230 369 194 369 BIODEGRADABLE 0
246 340 276 340 276 376 246 376 BIODEGRADABLE 0
228.00000000000003 352 267 352 267 414 228.00000000000003 414 BIODEGRADABLE 0
200 366 246 366 246 414 200 414 BIODEGRADABLE 0
172 357 208 357 208 388 172 388 BIODEGRADABLE 0
157 374 201 374 201 414 157 414 BIODEGRADABLE 0
149 342 181 342 181 385 149 385 BIODEGRADABLE 0
112.99999999999999 283 159 283 159 357 112.99999999999999 357 BIODEGRADABLE 0
109 267 149 267 149 319 109 319 BIODEGRADABLE 0
158 264 188 264 188 300 158 300 BIODEGRADABLE 0
150 278 169 278 169 342 150 342 BIODEGRADABLE 0
100 338 149 338 149 390 100 390 BIODEGRADABLE 0
116 374 157 374 157 414 116 414 BIODEGRADABLE 0
61 371 116 371 116 414 61 414 BIODEGRADABLE 0
41 333 100 333 100 409 41 409 BIODEGRADABLE 0
83 328 109 328 109 371 83 371 BIODEGRADABLE 0
89 310 112.99999999999999 310 112.99999999999999 338 89 338 BIODEGRADABLE 0
52 321 85 321 85 337 52 337 BIODEGRADABLE 0
31 338 51 338 51 381 31 381 BIODEGRADABLE 0
1 370 45 370 45 414 1 414 BIODEGRADABLE 0
71 260 115 260 115 326 71 326 BIODEGRADABLE 0
36 283 80 283 80 343 36 343 BIODEGRADABLE 0
1 308 39 308 39 373 1 373 BIODEGRADABLE 0
0 264 25 264 25 333 0 333 BIODEGRADABLE 0
25 225.99999999999997 73 225.99999999999997 73 302 25 302 BIODEGRADABLE 0
156 233 186 233 186 273 156 273 BIODEGRADABLE 0
102 207 152 207 152 276 102 276 BIODEGRADABLE 0
114.00000000000001 169 152 169 152 217 114.00000000000001 217 BIODEGRADABLE 0
152 162 184 162 184 234 152 234 BIODEGRADABLE 0
59 171 110 171 110 238 59 238 BIODEGRADABLE 0
74 219 108.00000000000001 219 108.00000000000001 262 74 262 BIODEGRADABLE 0
1 236 31 236 31 262 1 262 BIODEGRADABLE 0
13 198 55 198 55 238 13 238 BIODEGRADABLE 0
1 189 18 189 18 231 1 231 BIODEGRADABLE 0
6 203 18 203 18 243 6 243 BIODEGRADABLE 0
37 185 61 185 61 219 37 219 BIODEGRADABLE 0
41 131 73 131 73 183 41 183 BIODEGRADABLE 0
1 141 31 141 31 188 1 188 BIODEGRADABLE 0
9 167 40 167 40 198 9 198 BIODEGRADABLE 0
35 183 61 183 61 217 35 217 BIODEGRADABLE 0
71 125.99999999999999 102 125.99999999999999 102 174 71 174 BIODEGRADABLE 0
98 145 124 145 124 179 98 179 BIODEGRADABLE 0
114.00000000000001 167 152 167 152 212 114.00000000000001 212 BIODEGRADABLE 0
103 119 131 119 131 150 103 150 BIODEGRADABLE 0
127.00000000000001 133 159 133 159 169 127.00000000000001 169 BIODEGRADABLE 0
156 119 186 119 186 167 156 167 BIODEGRADABLE 0
318 117 350 117 350 160 318 160 BIODEGRADABLE 0
301 143 325 143 325 167 301 167 BIODEGRADABLE 0
281 150 301 150 301 169 281 169 BIODEGRADABLE 0
270 136 298 136 298 164 270 164 BIODEGRADABLE 0
295 95 325 95 325 140 295 140 BIODEGRADABLE 0
272 88 298 88 298 136 272 136 BIODEGRADABLE 0
243 100 277 100 277 140 243 140 BIODEGRADABLE 0
238 71 269 71 269 106.99999999999999 238 106.99999999999999 BIODEGRADABLE 0
244 140 272 140 272 162 244 162 BIODEGRADABLE 0
191 116 223 116 223 150 191 150 BIODEGRADABLE 0
220 131 242.00000000000003 131 242.00000000000003 155 220 155 BIODEGRADABLE 0
197 83 230 83 230 131 197 131 BIODEGRADABLE 0
231 83 243 83 243 106.99999999999999 231 106.99999999999999 BIODEGRADABLE 0
175 59.99999999999999 207 59.99999999999999 207 98 175 98 BIODEGRADABLE 0
172 97 201 97 201 131 172 131 BIODEGRADABLE 0
161 76 184 76 184 112 161 112 BIODEGRADABLE 0
140 86 172 86 172 122 140 122 BIODEGRADABLE 0
112.99999999999999 83 142 83 142 121.00000000000001 112.99999999999999 121.00000000000001 BIODEGRADABLE 0