3 302 127.00000000000001 302 127.00000000000001 415 3 415 BIODEGRADABLE 0
103 333 204 333 204 415 103 415 BIODEGRADABLE 0
184 260 296 260 296 402 184 402 BIODEGRADABLE 0
281 328 379 328 379 397 281 397 BIODEGRADABLE 0
345 263 415 263 415 340 345 340 BIODEGRADABLE 0
285 296 358 296 358 333 285 333 BIODEGRADABLE 0
274 251 356 251 356 311 274 311 BIODEGRADABLE 0
335 224 380 224 380 278 335 278 BIODEGRADABLE 0
296 206 341 206 341 251 296 251 BIODEGRADABLE 0
349 215.00000000000003 371 215.00000000000003 371 236 349 236 BIODEGRADABLE 0
337 196 373 196 373 224 337 224 BIODEGRADABLE 0
296 171 364 171 364 211 296 211 BIODEGRADABLE 0
352 167 388 167 388 204 352 204 BIODEGRADABLE 0
350 133 378 133 378 169 350 169 BIODEGRADABLE 0
305 130 361 130 361 172 305 172 BIODEGRADABLE 0
223 203 303 203 303 267 223 267 BIODEGRADABLE 0
34 172 238 172 238 332 34 332 BIODEGRADABLE 0
2 170 32 170 32 268 2 268 BIODEGRADABLE 0
2 45 148 45 148 185 2 185 BIODEGRADABLE 0
140 101 245 101 245 183 140 183 BIODEGRADABLE 0
114.00000000000001 8 247 8 247 103 114.00000000000001 103 BIODEGRADABLE 0
5 1 228.00000000000003 1 228.00000000000003 55 5 55 BIODEGRADABLE 0
193 34 309 34 309 208 193 208 BIODEGRADABLE 0
274 53 324 53 324 105 274 105 BIODEGRADABLE 0
242.00000000000003 0 403 0 403 135 242.00000000000003 135 BIODEGRADABLE 0