274 14 408 14 408 208 274 208 BIODEGRADABLE 0
146 28 281 28 281 212 146 212 BIODEGRADABLE 0
12 80 142 80 142 238 12 238 BIODEGRADABLE 0
2 222 163 222 163 332 2 332 BIODEGRADABLE 0
158 200 300 200 300 336 158 336 BIODEGRADABLE 0
298 196 414 196 414 350 298 350 BIODEGRADABLE 0
1 378 58 378 58 415 1 415 BIODEGRADABLE 0
62.99999999999999 326 184 326 184 415 62.99999999999999 415 BIODEGRADABLE 0
192 334 328 334 328 415 192 415 BIODEGRADABLE 0
320 372 415 372 415 415 320 415 BIODEGRADABLE 0
0 104 33 104 33 244 0 244 BIODEGRADABLE 0
2 2 119 2 119 80 2 80 BIODEGRADABLE 0
117 2 230 2 230 48 117 48 BIODEGRADABLE 0
264 2 340 2 340 29.999999999999996 264 29.999999999999996 BIODEGRADABLE 0
409 2 414 2 414 66 409 66 BIODEGRADABLE 0