156 61 216.00000000000003 61 216.00000000000003 86 156 86 BIODEGRADABLE 0
201 117 252.99999999999997 117 252.99999999999997 151 201 151 BIODEGRADABLE 0
136 114.00000000000001 206 114.00000000000001 206 156 136 156 BIODEGRADABLE 0
77 118 121.00000000000001 118 121.00000000000001 143 77 143 BIODEGRADABLE 0
104 104 164 104 164 128 104 128 BIODEGRADABLE 0
38 144 102 144 102 169 38 169 BIODEGRADABLE 0
92 132 132 132 132 164 92 164 BIODEGRADABLE 0
5 157 62 157 62 195 5 195 BIODEGRADABLE 0
52 161 112 161 112 189 52 189 BIODEGRADABLE 0
112 151 191 151 191 189 112 189 BIODEGRADABLE 0
196 155 270 155 270 189 196 189 BIODEGRADABLE 0
144 176 211 176 211 219 144 219 BIODEGRADABLE 0
212.99999999999997 185 283 185 283 229.00000000000003 212.99999999999997 229.00000000000003 BIODEGRADABLE 0
265 189 317 189 317 229.00000000000003 265 229.00000000000003 BIODEGRADABLE 0
62 186 134 186 134 225 62 225 BIODEGRADABLE 0
0 224 40 224 40 260 0 260 BIODEGRADABLE 0
125.99999999999999 261 203 261 203 304 125.99999999999999 304 BIODEGRADABLE 0
186 232 265 232 265 280 186 280 BIODEGRADABLE 0
196 269 273 269 273 309 196 309 BIODEGRADABLE 0
260 232 310 232 310 274 260 274 BIODEGRADABLE 0
159 222 206 222 206 254.00000000000003 159 254.00000000000003 BIODEGRADABLE 0
105 248 149 248 149 269 105 269 BIODEGRADABLE 0
87 225.99999999999997 144 225.99999999999997 144 248 87 248 BIODEGRADABLE 0
47 236 106.99999999999999 236 106.99999999999999 272 47 272 BIODEGRADABLE 0
72 268 156 268 156 314 72 314 BIODEGRADABLE 0
29.999999999999996 272 77 272 77 306 29.999999999999996 306 BIODEGRADABLE 0
0 251 32 251 32 272 0 272 BIODEGRADABLE 0
0 274 29.999999999999996 274 29.999999999999996 308 0 308 BIODEGRADABLE 0
10 300 52 300 52 346 10 346 BIODEGRADABLE 0
49 312 109 312 109 351 49 351 BIODEGRADABLE 0
79 311 146 311 146 339 79 339 BIODEGRADABLE 0
149 304 223 304 223 330 149 330 BIODEGRADABLE 0
112 332 164 332 164 358 112 358 BIODEGRADABLE 0