289 89 399 89 399 179 289 179 BIODEGRADABLE 0
190 7 264 7 264 54.00000000000001 190 54.00000000000001 BIODEGRADABLE 0
103 1 237 1 237 39 103 39 BIODEGRADABLE 0
10 11 137 11 137 101 10 101 BIODEGRADABLE 0
3 1 95 1 95 79 3 79 BIODEGRADABLE 0
132 29 289 29 289 135 132 135 BIODEGRADABLE 0
217 46 409 46 409 118 217 118 BIODEGRADABLE 0
242.00000000000003 2 392 2 392 82 242.00000000000003 82 BIODEGRADABLE 0
279 1 379 1 379 39 279 39 BIODEGRADABLE 0
346 4 415 4 415 75 346 75 BIODEGRADABLE 0
242.00000000000003 199 336 199 336 265 242.00000000000003 265 BIODEGRADABLE 0
155 198 235 198 235 254.00000000000003 155 254.00000000000003 BIODEGRADABLE 0
110 212.99999999999997 187 212.99999999999997 187 277 110 277 BIODEGRADABLE 0
43 241.00000000000003 135 241.00000000000003 135 349 43 349 BIODEGRADABLE 0
38 198 125 198 125 251.99999999999997 38 251.99999999999997 BIODEGRADABLE 0
82 177 110 177 110 201 82 201 BIODEGRADABLE 0
103 176 125 176 125 196 103 196 BIODEGRADABLE 0
112 169 147 169 147 189 112 189 BIODEGRADABLE 0
75 152 110 152 110 177 75 177 BIODEGRADABLE 0
92 129 122 129 122 155 92 155 BIODEGRADABLE 0
110 150 140 150 140 166 110 166 BIODEGRADABLE 0
115 124 150 124 150 148 115 148 BIODEGRADABLE 0
137 91 207 91 207 159 137 159 BIODEGRADABLE 0
102 159 192 159 192 217 102 217 BIODEGRADABLE 0
175 123 251.99999999999997 123 251.99999999999997 188 175 188 BIODEGRADABLE 0
90 101 148 101 148 129 90 129 BIODEGRADABLE 0
118 83 160 83 160 106.99999999999999 118 106.99999999999999 BIODEGRADABLE 0
102 62.99999999999999 130 62.99999999999999 130 83 102 83 BIODEGRADABLE 0
80 72 125 72 125 98 80 98 BIODEGRADABLE 0
59.99999999999999 93 100 93 100 117 59.99999999999999 117 BIODEGRADABLE 0
35 109 90 109 90 138 35 138 BIODEGRADABLE 0
55 140 83 140 83 156 55 156 BIODEGRADABLE 0
29.999999999999996 127.00000000000001 58 127.00000000000001 58 145 29.999999999999996 145 BIODEGRADABLE 0
3 152 55 152 55 181 3 181 BIODEGRADABLE 0
2 141 29.999999999999996 141 29.999999999999996 163 2 163 BIODEGRADABLE 0
2 117 29.999999999999996 117 29.999999999999996 141 2 141 BIODEGRADABLE 0
5 101 37 101 37 119 5 119 BIODEGRADABLE 0
249 134 277 134 277 148 249 148 BIODEGRADABLE 0
272 140 297 140 297 155 272 155 BIODEGRADABLE 0
247 148 279 148 279 166 247 166 BIODEGRADABLE 0
279 154 309 154 309 170 279 170 BIODEGRADABLE 0
267 165 297 165 297 181 267 181 BIODEGRADABLE 0
259 176 287 176 287 194 259 194 BIODEGRADABLE 0
234 166 262 166 262 180 234 180 BIODEGRADABLE 0
230 180 251.99999999999997 180 251.99999999999997 194 230 194 BIODEGRADABLE 0
204 186 229.00000000000003 186 229.00000000000003 198 204 198 BIODEGRADABLE 0
319 168 351 168 351 180 319 180 BIODEGRADABLE 0
296 174 324 174 324 189 296 189 BIODEGRADABLE 0
327 180 349 180 349 191 327 191 BIODEGRADABLE 0
306 190 334 190 334 204 306 204 BIODEGRADABLE 0
346 188 371 188 371 198 346 198 BIODEGRADABLE 0
356 182 381 182 381 194 356 194 BIODEGRADABLE 0
334 199 354 199 354 210 334 210 BIODEGRADABLE 0
352 200 374 200 374 210 352 210 BIODEGRADABLE 0
367 193 389 193 389 205 367 205 BIODEGRADABLE 0
382 188 404 188 404 199 382 199 BIODEGRADABLE 0
381 199 396 199 396 207 381 207 BIODEGRADABLE 0
381 212 391 212 391 219 381 219 BIODEGRADABLE 0
354 210 379 210 379 218 354 218 BIODEGRADABLE 0
334 210 356 210 356 220 334 220 BIODEGRADABLE 0
337 220 359 220 359 235 337 235 BIODEGRADABLE 0
356 220 381 220 381 231 356 231 BIODEGRADABLE 0
354 230 376 230 376 238 354 238 BIODEGRADABLE 0
388 199 415 199 415 271 388 271 BIODEGRADABLE 0
396 158 415 158 415 201 396 201 BIODEGRADABLE 0
386 84 415 84 415 177 386 177 BIODEGRADABLE 0
337 241.00000000000003 369 241.00000000000003 369 255.00000000000003 337 255.00000000000003 BIODEGRADABLE 0
369 236 387 236 387 250 369 250 BIODEGRADABLE 0
336 255.00000000000003 361 255.00000000000003 361 271 336 271 BIODEGRADABLE 0
364 251.99999999999997 384 251.99999999999997 384 266 364 266 BIODEGRADABLE 0
356 264 376 264 376 275 356 275 BIODEGRADABLE 0
382 264 404 264 404 272 382 272 BIODEGRADABLE 0
386 246 404 246 404 258 386 258 BIODEGRADABLE 0
371 270 389 270 389 282 371 282 BIODEGRADABLE 0
361 277 376 277 376 285 361 285 BIODEGRADABLE 0
344 273 362 273 362 285 344 285 BIODEGRADABLE 0
287 260 361 260 361 354 287 354 BIODEGRADABLE 0
187 255.00000000000003 301 255.00000000000003 301 317 187 317 BIODEGRADABLE 0
119.99999999999999 277 200 277 200 327 119.99999999999999 327 BIODEGRADABLE 0
142 310 229.00000000000003 310 229.00000000000003 350 142 350 BIODEGRADABLE 0
147 342 237 342 237 394 147 394 BIODEGRADABLE 0
222 313 306 313 306 364 222 364 BIODEGRADABLE 0
161 358 324 358 324 415 161 415 BIODEGRADABLE 0
356 264 415 264 415 333 356 333 BIODEGRADABLE 0
386 326 415 326 415 389 386 389 BIODEGRADABLE 0
377 383 415 383 415 416 377 416 BIODEGRADABLE 0
323 316 392 316 392 415 323 415 BIODEGRADABLE 0
307 355 337 355 337 373 307 373 BIODEGRADABLE 0
3 346 85 346 85 396 3 396 BIODEGRADABLE 0
2 380 65 380 65 415 2 415 BIODEGRADABLE 0
112.99999999999999 397 145 397 145 411 112.99999999999999 411 BIODEGRADABLE 0
80 399 112 399 112 415 80 415 BIODEGRADABLE 0
109 412 128 412 128 415 109 415 BIODEGRADABLE 0
128 407 162 407 162 415 128 415 BIODEGRADABLE 0
47 402 78 402 78 415 47 415 BIODEGRADABLE 0
57.00000000000001 290 147 290 147 398 57.00000000000001 398 BIODEGRADABLE 0
58 158 80 158 80 169 58 169 BIODEGRADABLE 0
55 170 73 170 73 181 55 181 BIODEGRADABLE 0
55 184 75 184 75 194 55 194 BIODEGRADABLE 0
78 184 90 184 90 195 78 195 BIODEGRADABLE 0
75 199 90 199 90 207 75 207 BIODEGRADABLE 0
62.99999999999999 195 75 195 75 203 62.99999999999999 203 BIODEGRADABLE 0
58 209 73 209 73 217 58 217 BIODEGRADABLE 0
48 200 62.99999999999999 200 62.99999999999999 210 48 210 BIODEGRADABLE 0
52 183 70 183 70 198 52 198 BIODEGRADABLE 0
32 187 50 187 50 197 32 197 BIODEGRADABLE 0
23 198 48 198 48 210 23 210 BIODEGRADABLE 0
18 181 38 181 38 195 18 195 BIODEGRADABLE 0
2 182 20 182 20 194 2 194 BIODEGRADABLE 0
3 192 18 192 18 202 3 202 BIODEGRADABLE 0
3 205 18 205 18 212 3 212 BIODEGRADABLE 0
20 209 40 209 40 220 20 220 BIODEGRADABLE 0
7 216.00000000000003 25 216.00000000000003 25 228.00000000000003 7 228.00000000000003 BIODEGRADABLE 0
25 221 40 221 40 228.00000000000003 25 228.00000000000003 BIODEGRADABLE 0
3 228.00000000000003 25 228.00000000000003 25 236 3 236 BIODEGRADABLE 0
25 230 37 230 37 239.99999999999997 25 239.99999999999997 BIODEGRADABLE 0
38 230 58 230 58 241.00000000000003 38 241.00000000000003 BIODEGRADABLE 0
28 238.99999999999997 48 238.99999999999997 48 250 28 250 BIODEGRADABLE 0
10 241.00000000000003 32 241.00000000000003 32 252.99999999999997 10 252.99999999999997 BIODEGRADABLE 0
3 244 18 244 18 256 3 256 BIODEGRADABLE 0
2 235 10 235 10 246 2 246 BIODEGRADABLE 0
17 252.99999999999997 35 252.99999999999997 35 267 17 267 BIODEGRADABLE 0
3 256 23 256 23 270 3 270 BIODEGRADABLE 0
29.999999999999996 252.99999999999997 52 252.99999999999997 52 265 29.999999999999996 265 BIODEGRADABLE 0
40 248 59.99999999999999 248 59.99999999999999 256 40 256 BIODEGRADABLE 0
65 249 85 249 85 257 65 257 BIODEGRADABLE 0
57.00000000000001 257 85 257 85 271 57.00000000000001 271 BIODEGRADABLE 0
68 269 80 269 80 281 68 281 BIODEGRADABLE 0
48 270 68 270 68 284 48 284 BIODEGRADABLE 0
53 261 62.99999999999999 261 62.99999999999999 272 53 272 BIODEGRADABLE 0
33 273 48 273 48 285 33 285 BIODEGRADABLE 0
50 274 68 274 68 284 50 284 BIODEGRADABLE 0
55 285 67 285 67 292 55 292 BIODEGRADABLE 0
43 285 55 285 55 293 43 293 BIODEGRADABLE 0
3 270 23 270 23 284 3 284 BIODEGRADABLE 0
20 274 28 274 28 281 20 281 BIODEGRADABLE 0
10 284 28 284 28 292 10 292 BIODEGRADABLE 0
3 291 13 291 13 302 3 302 BIODEGRADABLE 0
7 297 35 297 35 308 7 308 BIODEGRADABLE 0
13 292 25 292 25 298 13 298 BIODEGRADABLE 0
27.000000000000004 293 45 293 45 301 27.000000000000004 301 BIODEGRADABLE 0
45 299 62.99999999999999 299 62.99999999999999 309 45 309 BIODEGRADABLE 0
52 288 70 288 70 299 52 299 BIODEGRADABLE 0
25 303 47 303 47 314 25 314 BIODEGRADABLE 0
28 311 48 311 48 326 28 326 BIODEGRADABLE 0
3 309 28 309 28 321 3 321 BIODEGRADABLE 0
18 317 33 317 33 331 18 331 BIODEGRADABLE 0
3 322 18 322 18 340 3 340 BIODEGRADABLE 0
14.999999999999998 329 25 329 25 339 14.999999999999998 339 BIODEGRADABLE 0
28 325 50 325 50 337 28 337 BIODEGRADABLE 0
22 338 40 338 40 349 22 349 BIODEGRADABLE 0
5 346 25 346 25 357 5 357 BIODEGRADABLE 0