2 43 92 43 92 193 2 193 BIODEGRADABLE 0
97 127.00000000000001 151 127.00000000000001 151 165 97 165 BIODEGRADABLE 0
79 77 117 77 117 131 79 131 BIODEGRADABLE 0
117 89 161 89 161 129 117 129 BIODEGRADABLE 0
111 39 180 39 180 95 111 95 BIODEGRADABLE 0
87 41 116 41 116 79 87 79 BIODEGRADABLE 0
224 41 301 41 301 131 224 131 BIODEGRADABLE 0
170 43 238 43 238 139 170 139 BIODEGRADABLE 0
193 125 219 125 219 159 193 159 BIODEGRADABLE 0
165 116 193 116 193 159 165 159 BIODEGRADABLE 0
151 151 172 151 172 185 151 185 BIODEGRADABLE 0
166 174 192 174 192 212 166 212 BIODEGRADABLE 0
141 172 169 172 169 206 141 206 BIODEGRADABLE 0
110 163 140 163 140 189 110 189 BIODEGRADABLE 0
191 155 215.00000000000003 155 215.00000000000003 193 191 193 BIODEGRADABLE 0
215.00000000000003 142 235 142 235 176 215.00000000000003 176 BIODEGRADABLE 0
212 170 238 170 238 196 212 196 BIODEGRADABLE 0
164 206 188 206 188 236 164 236 BIODEGRADABLE 0
140 202 164 202 164 238 140 238 BIODEGRADABLE 0
117 198 138 198 138 236 117 236 BIODEGRADABLE 0
143 232 167 232 167 247 143 247 BIODEGRADABLE 0
131 234 153 234 153 260 131 260 BIODEGRADABLE 0
177 230 205 230 205 260 177 260 BIODEGRADABLE 0
164 262 186 262 186 292 164 292 BIODEGRADABLE 0
164 236 178 236 178 262 164 262 BIODEGRADABLE 0
149 247 169 247 169 281 149 281 BIODEGRADABLE 0
187 262 211 262 211 284 187 284 BIODEGRADABLE 0
90 247 158 247 158 348 90 348 BIODEGRADABLE 0
71 283 95 283 95 343 71 343 BIODEGRADABLE 0
31 247 105 247 105 324 31 324 BIODEGRADABLE 0
8 245 59.99999999999999 245 59.99999999999999 301 8 301 BIODEGRADABLE 0
241.00000000000003 129 289 129 289 167 241.00000000000003 167 BIODEGRADABLE 0
298 153 360 153 360 228.00000000000003 298 228.00000000000003 BIODEGRADABLE 0
342 127.00000000000001 406 127.00000000000001 406 193 342 193 BIODEGRADABLE 0
363 46 415 46 415 142 363 142 BIODEGRADABLE 0
281 29.999999999999996 403 29.999999999999996 403 105 281 105 BIODEGRADABLE 0
283 88 343 88 343 156 283 156 BIODEGRADABLE 0
336 97 372 97 372 140 336 140 BIODEGRADABLE 0
342 137 415 137 415 292 342 292 BIODEGRADABLE 0
232 191 354 191 354 393 232 393 BIODEGRADABLE 0
154 277 198 277 198 335 154 335 BIODEGRADABLE 0