38 52 193 52 193 213.99999999999997 38 213.99999999999997 BIODEGRADABLE 0
182 25 229.00000000000003 25 229.00000000000003 77 182 77 BIODEGRADABLE 0
14.999999999999998 196 62 196 62 259 14.999999999999998 259 BIODEGRADABLE 0
67 341 77 341 77 357 67 357 BIODEGRADABLE 0
50 343 64 343 64 357 50 357 BIODEGRADABLE 0
43 332 52 332 52 346 43 346 BIODEGRADABLE 0
52 325 70 325 70 341 52 341 BIODEGRADABLE 0
55 309 77 309 77 325 55 325 BIODEGRADABLE 0
43 301 55 301 55 323 43 323 BIODEGRADABLE 0
59 289 79 289 79 307 59 307 BIODEGRADABLE 0
46 275 61 275 61 303 46 303 BIODEGRADABLE 0
58 269 78 269 78 289 58 289 BIODEGRADABLE 0
88 273 94 273 94 289 88 289 BIODEGRADABLE 0
76 270 88 270 88 282 76 282 BIODEGRADABLE 0
92 259 100 259 100 277 92 277 BIODEGRADABLE 0
82 238.99999999999997 88 238.99999999999997 88 259 82 259 BIODEGRADABLE 0
70 238.99999999999997 79 238.99999999999997 79 259 70 259 BIODEGRADABLE 0
93 237 103 237 103 257 93 257 BIODEGRADABLE 0
97 221 111 221 111 238.99999999999997 97 238.99999999999997 BIODEGRADABLE 0
82 223 94 223 94 238.99999999999997 82 238.99999999999997 BIODEGRADABLE 0
71 221 83 221 83 246 71 246 BIODEGRADABLE 0
76 201 86 201 86 223 76 223 BIODEGRADABLE 0
85 195 97 195 97 223 85 223 BIODEGRADABLE 0
97 196 112.99999999999999 196 112.99999999999999 216.00000000000003 97 216.00000000000003 BIODEGRADABLE 0
111 194 125.99999999999999 194 125.99999999999999 216.00000000000003 111 216.00000000000003 BIODEGRADABLE 0
103 230 153 230 153 305 103 305 BIODEGRADABLE 0
96 291 108.00000000000001 291 108.00000000000001 316 96 316 BIODEGRADABLE 0
88 310 103 310 103 346 88 346 BIODEGRADABLE 0
105 311 119.99999999999999 311 119.99999999999999 339 105 339 BIODEGRADABLE 0
106 335 130 335 130 373 106 373 BIODEGRADABLE 0
129 323 155 323 155 355 129 355 BIODEGRADABLE 0
140 293 162 293 162 323 140 323 BIODEGRADABLE 0
119.99999999999999 307 140 307 140 332 119.99999999999999 332 BIODEGRADABLE 0
144 259 176 259 176 305 144 305 BIODEGRADABLE 0
127.00000000000001 171 179 171 179 237 127.00000000000001 237 BIODEGRADABLE 0
192 82 238.99999999999997 82 238.99999999999997 162 192 162 BIODEGRADABLE 0
209 50 249 50 249 86 209 86 BIODEGRADABLE 0
242.00000000000003 34 273 34 273 77 242.00000000000003 77 BIODEGRADABLE 0
236 78 289 78 289 166 236 166 BIODEGRADABLE 0
288 64 332 64 332 128 288 128 BIODEGRADABLE 0
328 25 369 25 369 91 328 91 BIODEGRADABLE 0
324 105 364 105 364 162 324 162 BIODEGRADABLE 0
291 127.00000000000001 326 127.00000000000001 326 191 291 191 BIODEGRADABLE 0
310 171 340 171 340 213.99999999999997 310 213.99999999999997 BIODEGRADABLE 0
343 148 377 148 377 198 343 198 BIODEGRADABLE 0
358 184 392 184 392 225 358 225 BIODEGRADABLE 0
326 200 350 200 350 234 326 234 BIODEGRADABLE 0
218 248 259 248 259 312 218 312 BIODEGRADABLE 0
206 291 238 291 238 327 206 327 BIODEGRADABLE 0
226.99999999999997 316 277 316 277 384 226.99999999999997 384 BIODEGRADABLE 0
168 307 230 307 230 391 168 391 BIODEGRADABLE 0
318 282 364 282 364 364 318 364 BIODEGRADABLE 0
280 295 332 295 332 357 280 357 BIODEGRADABLE 0
345 250 381 250 381 296 345 296 BIODEGRADABLE 0
337 225 375 225 375 262 337 262 BIODEGRADABLE 0
238.99999999999997 303 254.00000000000003 303 254.00000000000003 323 238.99999999999997 323 BIODEGRADABLE 0
255.00000000000003 296 265 296 265 316 255.00000000000003 316 BIODEGRADABLE 0
261 298 276 298 276 318 261 318 BIODEGRADABLE 0
273 294 288 294 288 314 273 314 BIODEGRADABLE 0
285 300 303 300 303 325 285 325 BIODEGRADABLE 0
286 282 302 282 302 304 286 304 BIODEGRADABLE 0
297 268 313 268 313 296 297 296 BIODEGRADABLE 0
284 264 298 264 298 284 284 284 BIODEGRADABLE 0
265 257 283 257 283 277 265 277 BIODEGRADABLE 0
252.99999999999997 264 267 264 267 292 252.99999999999997 292 BIODEGRADABLE 0
261 257 265 257 265 266 261 266 BIODEGRADABLE 0
276 234 288 234 288 262 276 262 BIODEGRADABLE 0
252.99999999999997 238.99999999999997 274 238.99999999999997 274 255.00000000000003 252.99999999999997 255.00000000000003 BIODEGRADABLE 0
283 230 299 230 299 255.00000000000003 283 255.00000000000003 BIODEGRADABLE 0
292 252.99999999999997 304 252.99999999999997 304 269 292 269 BIODEGRADABLE 0
324 269 336 269 336 291 324 291 BIODEGRADABLE 0
318 273 326 273 326 295 318 295 BIODEGRADABLE 0
320 241.00000000000003 330 241.00000000000003 330 271 320 271 BIODEGRADABLE 0
327 223 348 223 348 248 327 248 BIODEGRADABLE 0
315 223 327 223 327 244 315 244 BIODEGRADABLE 0
332 250 347 250 347 280 332 280 BIODEGRADABLE 0
185 148 195 148 195 300 185 300 BIODEGRADABLE 0
180 141 198 141 198 305 180 305 BIODEGRADABLE 0
162 223 198 223 198 264 162 264 BIODEGRADABLE 0
191 200 287 200 287 251.99999999999997 191 251.99999999999997 BIODEGRADABLE 0
202 186 230 186 230 282 202 282 BIODEGRADABLE 0
177 284 215.00000000000003 284 215.00000000000003 334 177 334 BIODEGRADABLE 0
223 223 285 223 285 255.00000000000003 223 255.00000000000003 BIODEGRADABLE 0
272 166 307 166 307 220 272 220 BIODEGRADABLE 0
221 180 281 180 281 216.00000000000003 221 216.00000000000003 BIODEGRADABLE 0