2 380 26 380 26 414 2 414 BIODEGRADABLE 0
32 367 61 367 61 405 32 405 BIODEGRADABLE 0
55 389 79 389 79 414 55 414 BIODEGRADABLE 0
81 382 105 382 105 414 81 414 BIODEGRADABLE 0
87 323 115 323 115 366 87 366 BIODEGRADABLE 0
123 332 173 332 173 407 123 407 BIODEGRADABLE 0
171 303 220 303 220 378 171 378 BIODEGRADABLE 0
170 394 188 394 188 414 170 414 BIODEGRADABLE 0
319 1 415 1 415 147 319 147 BIODEGRADABLE 0
297 111 350 111 350 189 297 189 BIODEGRADABLE 0
336 251.99999999999997 382 251.99999999999997 382 316 336 316 BIODEGRADABLE 0
310 287 360 287 360 373 310 373 BIODEGRADABLE 0
274 342 334 342 334 414 274 414 BIODEGRADABLE 0
252.99999999999997 384 280 384 280 414 252.99999999999997 414 BIODEGRADABLE 0
225 394 252.99999999999997 394 252.99999999999997 414 225 414 BIODEGRADABLE 0
376 323 415 323 415 416 376 416 BIODEGRADABLE 0
395 366 415 366 415 415 395 415 BIODEGRADABLE 0
357 257 415 257 415 415 357 415 BIODEGRADABLE 0
332 344 360 344 360 414 332 414 BIODEGRADABLE 0
302 127.00000000000001 415 127.00000000000001 415 254.00000000000003 302 254.00000000000003 BIODEGRADABLE 0
267 127.00000000000001 339 127.00000000000001 339 264 267 264 BIODEGRADABLE 0
259 141 339 141 339 269 259 269 BIODEGRADABLE 0
245 141 333 141 333 269 245 269 BIODEGRADABLE 0
238 153 341 153 341 269 238 269 BIODEGRADABLE 0
237 177 339 177 339 273 237 273 BIODEGRADABLE 0
205 393 217 393 217 409 205 409 BIODEGRADABLE 0
205 368 223 368 223 398 205 398 BIODEGRADABLE 0
201 373 207 373 207 387 201 387 BIODEGRADABLE 0
218 378 228.00000000000003 378 228.00000000000003 403 218 403 BIODEGRADABLE 0
228.00000000000003 368 242.00000000000003 368 242.00000000000003 396 228.00000000000003 396 BIODEGRADABLE 0
223 339 238 339 238 369 223 369 BIODEGRADABLE 0
223 328 229.00000000000003 328 229.00000000000003 346 223 346 BIODEGRADABLE 0
226.99999999999997 323 236 323 236 339 226.99999999999997 339 BIODEGRADABLE 0
232 305 244 305 244 330 232 330 BIODEGRADABLE 0
238 289 248 289 248 309 238 309 BIODEGRADABLE 0
246 275 262 275 262 291 246 291 BIODEGRADABLE 0
261 268 271 268 271 284 261 284 BIODEGRADABLE 0
273 271 288 271 288 293 273 293 BIODEGRADABLE 0
262 282 277 282 277 302 262 302 BIODEGRADABLE 0
257 301 275 301 275 323 257 323 BIODEGRADABLE 0
248 289 262 289 262 311 248 311 BIODEGRADABLE 0
242.00000000000003 303 256 303 256 328 242.00000000000003 328 BIODEGRADABLE 0
234 328 250 328 250 346 234 346 BIODEGRADABLE 0
248 320 263 320 263 348 248 348 BIODEGRADABLE 0
237 344 252.99999999999997 344 252.99999999999997 369 237 369 BIODEGRADABLE 0
242.00000000000003 366 257 366 257 396 242.00000000000003 396 BIODEGRADABLE 0
260 360 274 360 274 380 260 380 BIODEGRADABLE 0
252.99999999999997 346 265 346 265 366 252.99999999999997 366 BIODEGRADABLE 0
270 353 282 353 282 371 270 371 BIODEGRADABLE 0
264 327 279 327 279 357 264 357 BIODEGRADABLE 0
279 332 297 332 297 364 279 364 BIODEGRADABLE 0
268 302 286 302 286 330 268 330 BIODEGRADABLE 0
286 307 296 307 296 332 286 332 BIODEGRADABLE 0
278 289 298 289 298 311 278 311 BIODEGRADABLE 0
277 255.00000000000003 299 255.00000000000003 299 291 277 291 BIODEGRADABLE 0
297 280 315 280 315 302 297 302 BIODEGRADABLE 0
295 303 313 303 313 341 295 341 BIODEGRADABLE 0
297 257 318 257 318 282 297 282 BIODEGRADABLE 0
290 226.99999999999997 306 226.99999999999997 306 255.00000000000003 290 255.00000000000003 BIODEGRADABLE 0
277 220 293 220 293 248 277 248 BIODEGRADABLE 0
263 244 277 244 277 264 263 264 BIODEGRADABLE 0
255.00000000000003 248 265 248 265 260 255.00000000000003 260 BIODEGRADABLE 0
245 257 259 257 259 279 245 279 BIODEGRADABLE 0
229.00000000000003 254.00000000000003 245 254.00000000000003 245 282 229.00000000000003 282 BIODEGRADABLE 0
229.00000000000003 238.99999999999997 244 238.99999999999997 244 257 229.00000000000003 257 BIODEGRADABLE 0
224 225 238 225 238 243 224 243 BIODEGRADABLE 0
235 213.99999999999997 247 213.99999999999997 247 234 235 234 BIODEGRADABLE 0
238.99999999999997 225 259 225 259 250 238.99999999999997 250 BIODEGRADABLE 0
249 209 265 209 265 225 249 225 BIODEGRADABLE 0
262 209 278 209 278 234 262 234 BIODEGRADABLE 0