316 218 362 218 362 250 316 250 BIODEGRADABLE 0
21 87 78 87 78 117 21 117 BIODEGRADABLE 0
80 93 118 93 118 117 80 117 BIODEGRADABLE 0
55 112 106.99999999999999 112 106.99999999999999 147 55 147 BIODEGRADABLE 0
59.99999999999999 146 96 146 96 174 59.99999999999999 174 BIODEGRADABLE 0
94 135 128 135 128 176 94 176 BIODEGRADABLE 0
119.99999999999999 138 166 138 166 176 119.99999999999999 176 BIODEGRADABLE 0
121.00000000000001 109 164 109 164 136 121.00000000000001 136 BIODEGRADABLE 0
121.00000000000001 94 151 94 151 108.00000000000001 121.00000000000001 108.00000000000001 BIODEGRADABLE 0
123 75 161 75 161 97 123 97 BIODEGRADABLE 0
110 61 146 61 146 82 110 82 BIODEGRADABLE 0
145 45 191 45 191 79 145 79 BIODEGRADABLE 0
159 79 200 79 200 101 159 101 BIODEGRADABLE 0
189 48 241.00000000000003 48 241.00000000000003 88 189 88 BIODEGRADABLE 0
238.99999999999997 49 289 49 289 84 238.99999999999997 84 BIODEGRADABLE 0
252.99999999999997 74 312 74 312 108.00000000000001 252.99999999999997 108.00000000000001 BIODEGRADABLE 0
225 87 291 87 291 117 225 117 BIODEGRADABLE 0
221 101 275 101 275 135 221 135 BIODEGRADABLE 0
271 111 307 111 307 137 271 137 BIODEGRADABLE 0
234 130 291 130 291 166 234 166 BIODEGRADABLE 0
269 162 328 162 328 196 269 196 BIODEGRADABLE 0
287 137 330 137 330 167 287 167 BIODEGRADABLE 0
160 151 212 151 212 189 160 189 BIODEGRADABLE 0
160 119.99999999999999 212 119.99999999999999 212 156 160 156 BIODEGRADABLE 0
168 103 216.00000000000003 103 216.00000000000003 124 168 124 BIODEGRADABLE 0
212 121.00000000000001 237 121.00000000000001 237 151 212 151 BIODEGRADABLE 0
116 176 166 176 166 204 116 204 BIODEGRADABLE 0
159 179 191 179 191 200 159 200 BIODEGRADABLE 0
189 183 237 183 237 221 189 221 BIODEGRADABLE 0
237 191 289 191 289 226.99999999999997 237 226.99999999999997 BIODEGRADABLE 0
278 191 314 191 314 201 278 201 BIODEGRADABLE 0
212 160 266 160 266 195 212 195 BIODEGRADABLE 0