172 187 280 187 280 267 172 267 BIODEGRADABLE 0
99 243 198 243 198 315 99 315 BIODEGRADABLE 0
201 352 289 352 289 415 201 415 BIODEGRADABLE 0
125.99999999999999 303 210 303 210 415 125.99999999999999 415 BIODEGRADABLE 0
73 0 213.99999999999997 0 213.99999999999997 108.00000000000001 73 108.00000000000001 BIODEGRADABLE 0
31 9 119 9 119 81 31 81 BIODEGRADABLE 0
14.999999999999998 1 154 1 154 131 14.999999999999998 131 BIODEGRADABLE 0
14 281 152 281 152 415 14 415 BIODEGRADABLE 0
64 183 128 183 128 222 64 222 BIODEGRADABLE 0
20 192 70 192 70 218 20 218 BIODEGRADABLE 0
16 161 40 161 40 191 16 191 BIODEGRADABLE 0
35 162 88 162 88 198 35 198 BIODEGRADABLE 0
196 270 273 270 273 350 196 350 BIODEGRADABLE 0
203 2 390 2 390 153 203 153 BIODEGRADABLE 0
179 81 236 81 236 117 179 117 BIODEGRADABLE 0
172 59 213.99999999999997 59 213.99999999999997 89 172 89 BIODEGRADABLE 0
150 69 190 69 190 105 150 105 BIODEGRADABLE 0
130 97 168 97 168 125 130 125 BIODEGRADABLE 0
93 117 161 117 161 165 93 165 BIODEGRADABLE 0
97 106 128 106 128 123 97 123 BIODEGRADABLE 0
309 32 410 32 410 91 309 91 BIODEGRADABLE 0
273 8 348 8 348 42 273 42 BIODEGRADABLE 0
322 235 416 235 416 335 322 335 BIODEGRADABLE 0
271 322 395 322 395 402 271 402 BIODEGRADABLE 0
239.99999999999997 247 324 247 324 323 239.99999999999997 323 BIODEGRADABLE 0
254.00000000000003 139 348 139 348 229.00000000000003 254.00000000000003 229.00000000000003 BIODEGRADABLE 0
196 91 293 91 293 189 196 189 BIODEGRADABLE 0
16 122 44 122 44 153 16 153 BIODEGRADABLE 0
38 130 93 130 93 161 38 161 BIODEGRADABLE 0
53 103 95 103 95 131 53 131 BIODEGRADABLE 0
31 90 57.00000000000001 90 57.00000000000001 119.99999999999999 31 119.99999999999999 BIODEGRADABLE 0
11 226.99999999999997 27.000000000000004 226.99999999999997 27.000000000000004 251 11 251 BIODEGRADABLE 0
112.99999999999999 159 148 159 148 187 112.99999999999999 187 BIODEGRADABLE 0
93 146 125.99999999999999 146 125.99999999999999 170 93 170 BIODEGRADABLE 0
141 175 181 175 181 215.00000000000003 141 215.00000000000003 BIODEGRADABLE 0
150 212 198 212 198 243 150 243 BIODEGRADABLE 0
183 204 226.99999999999997 204 226.99999999999997 232 183 232 BIODEGRADABLE 0
179 181 223 181 223 205 179 205 BIODEGRADABLE 0
194 145 232 145 232 175 194 175 BIODEGRADABLE 0
148 153 196 153 196 181 148 181 BIODEGRADABLE 0
161 108.00000000000001 225 108.00000000000001 225 147 161 147 BIODEGRADABLE 0
132 315 152 315 152 326 132 326 BIODEGRADABLE 0
145 328 154 328 154 340 145 340 BIODEGRADABLE 0
132 332 143 332 143 342 132 342 BIODEGRADABLE 0
128 341 150 341 150 357 128 357 BIODEGRADABLE 0
115 371 137 371 137 385 115 385 BIODEGRADABLE 0
108.00000000000001 385 130 385 130 398 108.00000000000001 398 BIODEGRADABLE 0
281 279 415 279 415 415 281 415 BIODEGRADABLE 0
212.99999999999997 1 415 1 415 135 212.99999999999997 135 BIODEGRADABLE 0
119 223 141 223 141 237 119 237 BIODEGRADABLE 0
143 223 159 223 159 237 143 237 BIODEGRADABLE 0
134 232 150 232 150 246 134 246 BIODEGRADABLE 0
145 245 161 245 161 257 145 257 BIODEGRADABLE 0
125.99999999999999 256 146 256 146 267 125.99999999999999 267 BIODEGRADABLE 0
130 239.99999999999997 143 239.99999999999997 143 251.99999999999997 130 251.99999999999997 BIODEGRADABLE 0
108.00000000000001 244 130 244 130 262 108.00000000000001 262 BIODEGRADABLE 0
75 225.99999999999997 99 225.99999999999997 99 243 75 243 BIODEGRADABLE 0
88 243 108.00000000000001 243 108.00000000000001 260 88 260 BIODEGRADABLE 0
115 209 135 209 135 221 115 221 BIODEGRADABLE 0
119 200 141 200 141 212 119 212 BIODEGRADABLE 0
125.99999999999999 186 150 186 150 203 125.99999999999999 203 BIODEGRADABLE 0
112.99999999999999 179 125.99999999999999 179 125.99999999999999 193 112.99999999999999 193 BIODEGRADABLE 0
93 220 115 220 115 230 93 230 BIODEGRADABLE 0
57.00000000000001 221 75 221 75 232 57.00000000000001 232 BIODEGRADABLE 0
42 232 64 232 64 243 42 243 BIODEGRADABLE 0
31 220 55 220 55 236 31 236 BIODEGRADABLE 0
20 220 33 220 33 230 20 230 BIODEGRADABLE 0
13 209 29 209 29 223 13 223 BIODEGRADABLE 0
16 192 25 192 25 206 16 206 BIODEGRADABLE 0
20 269 46 269 46 287 20 287 BIODEGRADABLE 0
20 252.99999999999997 40 252.99999999999997 40 267 20 267 BIODEGRADABLE 0
29 239.99999999999997 51 239.99999999999997 51 254.00000000000003 29 254.00000000000003 BIODEGRADABLE 0
51 246 71 246 71 260 51 260 BIODEGRADABLE 0
40 259 64 259 64 273 40 273 BIODEGRADABLE 0
66 249 84 249 84 265 66 265 BIODEGRADABLE 0
66 265 88 265 88 277 66 277 BIODEGRADABLE 0
84 262 108.00000000000001 262 108.00000000000001 273 84 273 BIODEGRADABLE 0
86 274 106 274 106 284 86 284 BIODEGRADABLE 0
75 288 97 288 97 301 75 301 BIODEGRADABLE 0
102 286 124 286 124 304 102 304 BIODEGRADABLE 0
91 302 115 302 115 313 91 313 BIODEGRADABLE 0
91 313 104 313 104 321 91 321 BIODEGRADABLE 0
58 281 82 281 82 300 58 300 BIODEGRADABLE 0
44 293 70 293 70 309 44 309 BIODEGRADABLE 0
53 309 77 309 77 325 53 325 BIODEGRADABLE 0
71 302 93 302 93 318 71 318 BIODEGRADABLE 0
73 320 97 320 97 337 73 337 BIODEGRADABLE 0
97 323 119 323 119 343 97 343 BIODEGRADABLE 0
102 312 124 312 124 324 102 324 BIODEGRADABLE 0
112.99999999999999 343 135 343 135 360 112.99999999999999 360 BIODEGRADABLE 0
99 360 121.00000000000001 360 121.00000000000001 376 99 376 BIODEGRADABLE 0
86 376 108.00000000000001 376 108.00000000000001 390 86 390 BIODEGRADABLE 0
123 357 139 357 139 368 123 368 BIODEGRADABLE 0
93 347 112.99999999999999 347 112.99999999999999 360 93 360 BIODEGRADABLE 0
84 360 108.00000000000001 360 108.00000000000001 374 84 374 BIODEGRADABLE 0
66 370 88 370 88 382 66 382 BIODEGRADABLE 0
66 357 88 357 88 374 66 374 BIODEGRADABLE 0
82 348 95 348 95 362 82 362 BIODEGRADABLE 0
79 337 101 337 101 350 79 350 BIODEGRADABLE 0
31 309 53 309 53 326 31 326 BIODEGRADABLE 0
38 326 62 326 62 337 38 337 BIODEGRADABLE 0
53 334 69 334 69 346 53 346 BIODEGRADABLE 0
38 340 58 340 58 357 38 357 BIODEGRADABLE 0
33 290 46 290 46 304 33 304 BIODEGRADABLE 0
42 282 59.99999999999999 282 59.99999999999999 293 42 293 BIODEGRADABLE 0
49 293 69 293 69 310 49 310 BIODEGRADABLE 0