208 230 225 230 225 280 208 280 BIODEGRADABLE 0
295 47 355 47 355 170 295 170 BIODEGRADABLE 0
310 3 368 3 368 84 310 84 BIODEGRADABLE 0
289 3 332 3 332 22 289 22 BIODEGRADABLE 0
249 3 309 3 309 121.00000000000001 249 121.00000000000001 BIODEGRADABLE 0
211 3 255.00000000000003 3 255.00000000000003 27.000000000000004 211 27.000000000000004 BIODEGRADABLE 0
285 165 382 165 382 225 285 225 BIODEGRADABLE 0
225 251 238.99999999999997 251 238.99999999999997 293 225 293 BIODEGRADABLE 0
205 259 215.00000000000003 259 215.00000000000003 285 205 285 BIODEGRADABLE 0
217 280 233 280 233 309 217 309 BIODEGRADABLE 0
232 291 249 291 249 333 232 333 BIODEGRADABLE 0
248 304 270 304 270 340 248 340 BIODEGRADABLE 0
260 288 280 288 280 314 260 314 BIODEGRADABLE 0
241.00000000000003 270 259 270 259 306 241.00000000000003 306 BIODEGRADABLE 0
251 225 268 225 268 275 251 275 BIODEGRADABLE 0
258 254.00000000000003 276 254.00000000000003 276 293 258 293 BIODEGRADABLE 0
270 231 288 231 288 270 270 270 BIODEGRADABLE 0
272 270 280 270 280 286 272 286 BIODEGRADABLE 0
241.00000000000003 233 252.99999999999997 233 252.99999999999997 272 241.00000000000003 272 BIODEGRADABLE 0
228.00000000000003 212 245 212 245 251 228.00000000000003 251 BIODEGRADABLE 0
211 209 228.00000000000003 209 228.00000000000003 238 211 238 BIODEGRADABLE 0
222 178 246 178 246 212 222 212 BIODEGRADABLE 0
242.00000000000003 196 264 196 264 230 242.00000000000003 230 BIODEGRADABLE 0
263 194 276 194 276 236 263 236 BIODEGRADABLE 0
275 184 292 184 292 223 275 223 BIODEGRADABLE 0
282 212 295 212 295 238 282 238 BIODEGRADABLE 0
257 178 271 178 271 204 257 204 BIODEGRADABLE 0
250 168 259 168 259 194 250 194 BIODEGRADABLE 0
238 165 251 165 251 191 238 191 BIODEGRADABLE 0
224 147 242.00000000000003 147 242.00000000000003 176 224 176 BIODEGRADABLE 0
218 186 228.00000000000003 186 228.00000000000003 215.00000000000003 218 215.00000000000003 BIODEGRADABLE 0
254.00000000000003 335 285 335 285 390 254.00000000000003 390 BIODEGRADABLE 0
251 390 290 390 290 415 251 415 BIODEGRADABLE 0
231 353 258 353 258 415 231 415 BIODEGRADABLE 0
212 395 249 395 249 415 212 415 BIODEGRADABLE 0
216.00000000000003 372 232 372 232 401 216.00000000000003 401 BIODEGRADABLE 0
196 384 220 384 220 415 196 415 BIODEGRADABLE 0
390 361 416 361 416 415 390 415 BIODEGRADABLE 0
368 87 415 87 415 155 368 155 BIODEGRADABLE 0
375 40 407 40 407 79 375 79 BIODEGRADABLE 0
384 3 405 3 405 39 384 39 BIODEGRADABLE 0
405 3 415 3 415 42 405 42 BIODEGRADABLE 0
391 204 415 204 415 257 391 257 BIODEGRADABLE 0
309 215.00000000000003 356 215.00000000000003 356 260 309 260 BIODEGRADABLE 0
391 249 415 249 415 320 391 320 BIODEGRADABLE 0
349 141 415 141 415 251 349 251 BIODEGRADABLE 0
359 87 415 87 415 155 359 155 BIODEGRADABLE 0
379 3 415 3 415 81 379 81 BIODEGRADABLE 0
376 265 402 265 402 359 376 359 BIODEGRADABLE 0
366 273 391 273 391 351 366 351 BIODEGRADABLE 0
358 259 402 259 402 335 358 335 BIODEGRADABLE 0
356 233 366 233 366 330 356 330 BIODEGRADABLE 0
348 222 378 222 378 327 348 327 BIODEGRADABLE 0
367 241.00000000000003 380 241.00000000000003 380 291 367 291 BIODEGRADABLE 0
343 222 367 222 367 259 343 259 BIODEGRADABLE 0
339 251 345 251 345 301 339 301 BIODEGRADABLE 0
348 249 356 249 356 304 348 304 BIODEGRADABLE 0
325 265 376 265 376 385 325 385 BIODEGRADABLE 0
314 233 384 233 384 406 314 406 BIODEGRADABLE 0
281 346 347 346 347 416 281 416 BIODEGRADABLE 0
285 359 355 359 355 409 285 409 BIODEGRADABLE 0
283 338 313 338 313 382 283 382 BIODEGRADABLE 0
283 314 301 314 301 332 283 332 BIODEGRADABLE 0
299 309 343 309 343 411 299 411 BIODEGRADABLE 0
288 262 342 262 342 398 288 398 BIODEGRADABLE 0
292 259 362 259 362 393 292 393 BIODEGRADABLE 0
308 384 384 384 384 415 308 415 BIODEGRADABLE 0
304 249 317 249 317 330 304 330 BIODEGRADABLE 0
314 225 331 225 331 312 314 312 BIODEGRADABLE 0