3 330 106.99999999999999 330 106.99999999999999 415 3 415 BIODEGRADABLE 0
3 381 29.999999999999996 381 29.999999999999996 415 3 415 BIODEGRADABLE 0
3 295 55 295 55 329 3 329 BIODEGRADABLE 0
3 329 65 329 65 351 3 351 BIODEGRADABLE 0
72 320 109 320 109 337 72 337 BIODEGRADABLE 0
29.999999999999996 342 90 342 90 355 29.999999999999996 355 BIODEGRADABLE 0
87 350 186 350 186 372 87 372 BIODEGRADABLE 0
77 359 119 359 119 379 77 379 BIODEGRADABLE 0
125.99999999999999 292 193 292 193 358 125.99999999999999 358 BIODEGRADABLE 0
3 239.99999999999997 134 239.99999999999997 134 326 3 326 BIODEGRADABLE 0
3 213.99999999999997 159 213.99999999999997 159 324 3 324 BIODEGRADABLE 0
106.99999999999999 311 159 311 159 353 106.99999999999999 353 BIODEGRADABLE 0
156 332 212.99999999999997 332 212.99999999999997 361 156 361 BIODEGRADABLE 0
248 318 310 318 310 365 248 365 BIODEGRADABLE 0
233 361 273 361 273 372 233 372 BIODEGRADABLE 0
196 369 230 369 230 393 196 393 BIODEGRADABLE 0
174 381 248 381 248 415 174 415 BIODEGRADABLE 0
223 306 265 306 265 340 223 340 BIODEGRADABLE 0
257 372 317 372 317 390 257 390 BIODEGRADABLE 0
184 9 280 9 280 70 184 70 BIODEGRADABLE 0
312 106.99999999999999 382 106.99999999999999 382 135 312 135 BIODEGRADABLE 0
248 29.999999999999996 305 29.999999999999996 305 59.99999999999999 248 59.99999999999999 BIODEGRADABLE 0
203 0 267 0 267 32 203 32 BIODEGRADABLE 0
67 0 179 0 179 10 67 10 BIODEGRADABLE 0
52 12 144 12 144 50 52 50 BIODEGRADABLE 0
50 52 179 52 179 104 50 104 BIODEGRADABLE 0
3 18 89 18 89 72 3 72 BIODEGRADABLE 0
3 0 75 0 75 29 3 29 BIODEGRADABLE 0
3 76 171 76 171 176 3 176 BIODEGRADABLE 0
97 66 411 66 411 318 97 318 BIODEGRADABLE 0
2 168 124 168 124 218 2 218 BIODEGRADABLE 0