24 50 90 50 90 148 24 148 BIODEGRADABLE 0
2 41 50 41 50 87 2 87 BIODEGRADABLE 0
2 67 38 67 38 173 2 173 BIODEGRADABLE 0
19 145 91 145 91 243 19 243 BIODEGRADABLE 0
2 171 20 171 20 243 2 243 BIODEGRADABLE 0
11 212 62 212 62 288 11 288 BIODEGRADABLE 0
2 250 28 250 28 317 2 317 BIODEGRADABLE 0
5 284 61 284 61 349 5 349 BIODEGRADABLE 0
2 345 46 345 46 412 2 412 BIODEGRADABLE 0
67 314 118 314 118 388 67 388 BIODEGRADABLE 0
41 330 92 330 92 410 41 410 BIODEGRADABLE 0
46 379 119.99999999999999 379 119.99999999999999 415 46 415 BIODEGRADABLE 0
93 385 124 385 124 415 93 415 BIODEGRADABLE 0
110 330 188 330 188 416 110 416 BIODEGRADABLE 0
62 215.00000000000003 168 215.00000000000003 168 332 62 332 BIODEGRADABLE 0
57.00000000000001 258 103 258 103 310 57.00000000000001 310 BIODEGRADABLE 0
108.00000000000001 137 184 137 184 237 108.00000000000001 237 BIODEGRADABLE 0
79 115 112.99999999999999 115 112.99999999999999 175 79 175 BIODEGRADABLE 0
95 83 151 83 151 141 95 141 BIODEGRADABLE 0
54.00000000000001 41 156 41 156 87 54.00000000000001 87 BIODEGRADABLE 0
156 42 213.99999999999997 42 213.99999999999997 76 156 76 BIODEGRADABLE 0
232 44 302 44 302 81 232 81 BIODEGRADABLE 0
202 41 258 41 258 111 202 111 BIODEGRADABLE 0
303 44 399 44 399 154 303 154 BIODEGRADABLE 0
388 41 416 41 416 87 388 87 BIODEGRADABLE 0
344 97 415 97 415 213.99999999999997 344 213.99999999999997 BIODEGRADABLE 0
368 201 415 201 415 317 368 317 BIODEGRADABLE 0
340 301 405 301 405 355 340 355 BIODEGRADABLE 0
286 353 324 353 324 397 286 397 BIODEGRADABLE 0
274 396 321 396 321 415 274 415 BIODEGRADABLE 0
213.99999999999997 280 270 280 270 384 213.99999999999997 384 BIODEGRADABLE 0
168 302 219 302 219 362 168 362 BIODEGRADABLE 0
180 359 266 359 266 415 180 415 BIODEGRADABLE 0
231 409 278 409 278 415 231 415 BIODEGRADABLE 0
324 303 415 303 415 415 324 415 BIODEGRADABLE 0
272 204 380 204 380 308 272 308 BIODEGRADABLE 0
264 284 315 284 315 384 264 384 BIODEGRADABLE 0
210 173 283 173 283 275 210 275 BIODEGRADABLE 0
184 158 232 158 232 230 184 230 BIODEGRADABLE 0
145 111 226.99999999999997 111 226.99999999999997 212.99999999999997 145 212.99999999999997 BIODEGRADABLE 0
149 232 203 232 203 310 149 310 BIODEGRADABLE 0
223 117 297 117 297 195 223 195 BIODEGRADABLE 0
250 78 342 78 342 230 250 230 BIODEGRADABLE 0
1 38 415 38 415 415 1 415 BIODEGRADABLE 0