404 70 415 70 415 109 404 109 BIODEGRADABLE 0
381 93 415 93 415 142 381 142 BIODEGRADABLE 0
406 147 415 147 415 177 406 177 BIODEGRADABLE 0
394 178 415 178 415 269 394 269 BIODEGRADABLE 0
376 254.00000000000003 396 254.00000000000003 396 288 376 288 BIODEGRADABLE 0
388 266 413 266 413 302 388 302 BIODEGRADABLE 0
391 300 403 300 403 325 391 325 BIODEGRADABLE 0
384 325 398 325 398 337 384 337 BIODEGRADABLE 0
390 333 406 333 406 369 390 369 BIODEGRADABLE 0
372 341 400 341 400 375 372 375 BIODEGRADABLE 0
365 325 381 325 381 350 365 350 BIODEGRADABLE 0
365 348 381 348 381 366 365 366 BIODEGRADABLE 0
350 356 370 356 370 383 350 383 BIODEGRADABLE 0
358 329 368 329 368 354 358 354 BIODEGRADABLE 0
366 308 391 308 391 329 366 329 BIODEGRADABLE 0
376 289 390 289 390 314 376 314 BIODEGRADABLE 0
363 273 381 273 381 292 363 292 BIODEGRADABLE 0
358 287 373 287 373 321 358 321 BIODEGRADABLE 0
343 295 361 295 361 329 343 329 BIODEGRADABLE 0
329 333 355 333 355 362 329 362 BIODEGRADABLE 0
338 352 356 352 356 375 338 375 BIODEGRADABLE 0
325 298 345 298 345 329 325 329 BIODEGRADABLE 0
341 269 363 269 363 296 341 296 BIODEGRADABLE 0
320 268 342 268 342 306 320 306 BIODEGRADABLE 0
327 238.99999999999997 355 238.99999999999997 355 266 327 266 BIODEGRADABLE 0
307 254.00000000000003 330 254.00000000000003 330 294 307 294 BIODEGRADABLE 0
300 292 323 292 323 321 300 321 BIODEGRADABLE 0
310 323 330 323 330 354 310 354 BIODEGRADABLE 0
273 335 315 335 315 369 273 369 BIODEGRADABLE 0
298 358 320 358 320 379 298 379 BIODEGRADABLE 0
320 358 336 358 336 376 320 376 BIODEGRADABLE 0
269 358 287 358 287 379 269 379 BIODEGRADABLE 0
184 331 282 331 282 369 184 369 BIODEGRADABLE 0
177 244 305 244 305 348 177 348 BIODEGRADABLE 0
251.99999999999997 279 285 279 285 306 251.99999999999997 306 BIODEGRADABLE 0
279 281 299 281 299 304 279 304 BIODEGRADABLE 0
254.00000000000003 221 306 221 306 279 254.00000000000003 279 BIODEGRADABLE 0
295 235 318 235 318 271 295 271 BIODEGRADABLE 0
287 196 367 196 367 246 287 246 BIODEGRADABLE 0
355 195 403 195 403 281 355 281 BIODEGRADABLE 0
349 121.00000000000001 403 121.00000000000001 403 219 349 219 BIODEGRADABLE 0
292 127.00000000000001 380 127.00000000000001 380 204 292 204 BIODEGRADABLE 0
247 175 315 175 315 209 247 209 BIODEGRADABLE 0
244 115 292 115 292 179 244 179 BIODEGRADABLE 0
279 62.99999999999999 329 62.99999999999999 329 133 279 133 BIODEGRADABLE 0
323 98 365 98 365 144 323 144 BIODEGRADABLE 0
338 146 346 146 346 162 338 162 BIODEGRADABLE 0
357 69 393 69 393 121.00000000000001 357 121.00000000000001 BIODEGRADABLE 0
320 44 363 44 363 96 320 96 BIODEGRADABLE 0
217 42 279 42 279 121.00000000000001 217 121.00000000000001 BIODEGRADABLE 0
161 62.99999999999999 213.99999999999997 62.99999999999999 213.99999999999997 138 161 138 BIODEGRADABLE 0
141 112.99999999999999 183 112.99999999999999 183 171 141 171 BIODEGRADABLE 0
183 138 189 138 189 148 183 148 BIODEGRADABLE 0
196 109 249 109 249 179 196 179 BIODEGRADABLE 0
177 150 209 150 209 196 177 196 BIODEGRADABLE 0
197 179 257 179 257 254.00000000000003 197 254.00000000000003 BIODEGRADABLE 0
194 238.99999999999997 225.99999999999997 238.99999999999997 225.99999999999997 273 194 273 BIODEGRADABLE 0
222 248 260 248 260 300 222 300 BIODEGRADABLE 0
146 273 199 273 199 333 146 333 BIODEGRADABLE 0
156 333 184 333 184 364 156 364 BIODEGRADABLE 0
146 250 181 250 181 281 146 281 BIODEGRADABLE 0
135 182 188 182 188 250 135 250 BIODEGRADABLE 0
144 331 186 331 186 377 144 377 BIODEGRADABLE 0
116 67 159 67 159 117 116 117 BIODEGRADABLE 0
112.99999999999999 100 148 100 148 144 112.99999999999999 144 BIODEGRADABLE 0
102 142 146 142 146 200 102 200 BIODEGRADABLE 0
86 194 136 194 136 262 86 262 BIODEGRADABLE 0
80 85 118 85 118 127.00000000000001 80 127.00000000000001 BIODEGRADABLE 0
90 125 112.99999999999999 125 112.99999999999999 161 90 161 BIODEGRADABLE 0
29.999999999999996 88 92 88 92 158 29.999999999999996 158 BIODEGRADABLE 0
53 160 99 160 99 210 53 210 BIODEGRADABLE 0
70 221 105 221 105 298 70 298 BIODEGRADABLE 0
28 246 159 246 159 396 28 396 BIODEGRADABLE 0
10 94 100 94 100 286 10 286 BIODEGRADABLE 0
2 162 24 162 24 248 2 248 BIODEGRADABLE 0
2 244 50 244 50 300 2 300 BIODEGRADABLE 0
2 110 24 110 24 146 2 146 BIODEGRADABLE 0
2 148 16 148 16 169 2 169 BIODEGRADABLE 0
2 83 27.000000000000004 83 27.000000000000004 119 2 119 BIODEGRADABLE 0
31 50 45 50 45 79 31 79 BIODEGRADABLE 0
10 46 29.999999999999996 46 29.999999999999996 84 10 84 BIODEGRADABLE 0
2 71 16 71 16 96 2 96 BIODEGRADABLE 0
25 23 151 23 151 141 25 141 BIODEGRADABLE 0
59.99999999999999 56 136 56 136 129 59.99999999999999 129 BIODEGRADABLE 0