74 224 255.00000000000003 224 255.00000000000003 343 74 343 BIODEGRADABLE 0
67 246 136 246 136 308 67 308 BIODEGRADABLE 0
121.00000000000001 183 190 183 190 234 121.00000000000001 234 BIODEGRADABLE 0
69 105 248 105 248 224 69 224 BIODEGRADABLE 0
62 68 110 68 110 100 62 100 BIODEGRADABLE 0
76 24 136 24 136 78 76 78 BIODEGRADABLE 0
59 26 102 26 102 61 59 61 BIODEGRADABLE 0
104 43 222 43 222 135 104 135 BIODEGRADABLE 0
73 331 119 331 119 377 73 377 BIODEGRADABLE 0
56 330 84 330 84 354 56 354 BIODEGRADABLE 0
59 357 93 357 93 381 59 381 BIODEGRADABLE 0
50 381 82 381 82 407 50 407 BIODEGRADABLE 0
59.99999999999999 381 110 381 110 415 59.99999999999999 415 BIODEGRADABLE 0
91 369 145 369 145 404 91 404 BIODEGRADABLE 0
143 378 229.00000000000003 378 229.00000000000003 415 143 415 BIODEGRADABLE 0
106 404 149 404 149 415 106 415 BIODEGRADABLE 0
94 1 158 1 158 35 94 35 BIODEGRADABLE 0
137 1 200 1 200 42 137 42 BIODEGRADABLE 0
181 1 252.99999999999997 1 252.99999999999997 57.00000000000001 181 57.00000000000001 BIODEGRADABLE 0
212.99999999999997 7 317 7 317 96 212.99999999999997 96 BIODEGRADABLE 0
274 224 358 224 358 296 274 296 BIODEGRADABLE 0
294 238 414 238 414 365 294 365 BIODEGRADABLE 0
291 316 386 316 386 375 291 375 BIODEGRADABLE 0
224 361 405 361 405 415 224 415 BIODEGRADABLE 0
273 97 415 97 415 237 273 237 BIODEGRADABLE 0
373 208 415 208 415 272 373 272 BIODEGRADABLE 0
390 312 415 312 415 364 390 364 BIODEGRADABLE 0
386 365 415 365 415 415 386 415 BIODEGRADABLE 0
352 397 382 397 382 415 352 415 BIODEGRADABLE 0
411 272 415 272 415 313 411 313 BIODEGRADABLE 0
345 75 377 75 377 97 345 97 BIODEGRADABLE 0
362 98 388 98 388 108.00000000000001 362 108.00000000000001 BIODEGRADABLE 0
380 92 412 92 412 111 380 111 BIODEGRADABLE 0
378 72 410 72 410 91 378 91 BIODEGRADABLE 0
396 54.00000000000001 415 54.00000000000001 415 85 396 85 BIODEGRADABLE 0
373 43 403 43 403 65 373 65 BIODEGRADABLE 0
358 62 384 62 384 78 358 78 BIODEGRADABLE 0
349 50 371 50 371 70 349 70 BIODEGRADABLE 0
315 69 354 69 354 96 315 96 BIODEGRADABLE 0
321 45 349 45 349 67 321 67 BIODEGRADABLE 0
317 22 349 22 349 46 317 46 BIODEGRADABLE 0
348 21 384 21 384 48 348 48 BIODEGRADABLE 0
380 35 397 35 397 46 380 46 BIODEGRADABLE 0
332 10 364 10 364 26 332 26 BIODEGRADABLE 0
302 8 330 8 330 26 302 26 BIODEGRADABLE 0
304 1 415 1 415 54.00000000000001 304 54.00000000000001 BIODEGRADABLE 0
110 327 224 327 224 378 110 378 BIODEGRADABLE 0
115 279 296 279 296 397 115 397 GLASS 0