8 80 84 80 84 204 8 204 BIODEGRADABLE 0
1 158 32 158 32 254.00000000000003 1 254.00000000000003 BIODEGRADABLE 0
3 57.00000000000001 19 57.00000000000001 19 93 3 93 BIODEGRADABLE 0
1 93 8 93 8 142 1 142 BIODEGRADABLE 0
1 5 14.999999999999998 5 14.999999999999998 62 1 62 BIODEGRADABLE 0
48 34 68 34 68 98 48 98 BIODEGRADABLE 0
23 39 47 39 47 85 23 85 BIODEGRADABLE 0
14.999999999999998 3 37 3 37 49 14.999999999999998 49 BIODEGRADABLE 0
38 3 58 3 58 45 38 45 BIODEGRADABLE 0
55 3 71 3 71 16 55 16 BIODEGRADABLE 0
69 52 87 52 87 91 69 91 BIODEGRADABLE 0
56 13 112 13 112 62 56 62 BIODEGRADABLE 0
68 3 90 3 90 34 68 34 BIODEGRADABLE 0
90 3 132 3 132 62.99999999999999 90 62.99999999999999 BIODEGRADABLE 0
119.99999999999999 3 138 3 138 29 119.99999999999999 29 BIODEGRADABLE 0
78 55 125.99999999999999 55 125.99999999999999 117 78 117 BIODEGRADABLE 0
62.99999999999999 91 87 91 87 130 62.99999999999999 130 BIODEGRADABLE 0
96 96 125.99999999999999 96 125.99999999999999 189 96 189 BIODEGRADABLE 0
83 114.00000000000001 106.99999999999999 114.00000000000001 106.99999999999999 187 83 187 BIODEGRADABLE 0
109 166 123 166 123 202 109 202 BIODEGRADABLE 0
124 187 140 187 140 233 124 233 BIODEGRADABLE 0
121.00000000000001 83 183 83 183 223 121.00000000000001 223 BIODEGRADABLE 0
141 3 204 3 204 125 141 125 BIODEGRADABLE 0
37 204 103 204 103 290 37 290 BIODEGRADABLE 0
1 241.00000000000003 32 241.00000000000003 32 308 1 308 BIODEGRADABLE 0
2 313 29.999999999999996 313 29.999999999999996 377 2 377 BIODEGRADABLE 0
1 398 16 398 16 415 1 415 BIODEGRADABLE 0
14.999999999999998 370 66 370 66 416 14.999999999999998 416 BIODEGRADABLE 0
29 284 75 284 75 372 29 372 BIODEGRADABLE 0
74 264 125.99999999999999 264 125.99999999999999 354 74 354 BIODEGRADABLE 0
100 204 158 204 158 315 100 315 BIODEGRADABLE 0
62.99999999999999 352 111 352 111 416 62.99999999999999 416 BIODEGRADABLE 0
114.00000000000001 403 131 403 131 415 114.00000000000001 415 BIODEGRADABLE 0
112.99999999999999 378 135 378 135 414 112.99999999999999 414 BIODEGRADABLE 0
129 370 151 370 151 404 129 404 BIODEGRADABLE 0
119 352 137 352 137 378 119 378 BIODEGRADABLE 0
106 349 118 349 118 383 106 383 BIODEGRADABLE 0
139 341 155 341 155 367 139 367 BIODEGRADABLE 0
153 346 171 346 171 388 153 388 BIODEGRADABLE 0
151 313 173 313 173 355 151 355 BIODEGRADABLE 0
143 305 159 305 159 341 143 341 BIODEGRADABLE 0
163 285 179 285 179 334 163 334 BIODEGRADABLE 0
176 318 194 318 194 352 176 352 BIODEGRADABLE 0
176 346 194 346 194 390 176 390 BIODEGRADABLE 0
164 365 180 365 180 411 164 411 BIODEGRADABLE 0
177 392 200 392 200 415 177 415 BIODEGRADABLE 0
194 365 210 365 210 401 194 401 BIODEGRADABLE 0
198 339 218 339 218 370 198 370 BIODEGRADABLE 0
207 364 229.00000000000003 364 229.00000000000003 403 207 403 BIODEGRADABLE 0
194 398 221 398 221 415 194 415 BIODEGRADABLE 0
219 383 237 383 237 414 219 414 BIODEGRADABLE 0
235 354 249 354 249 388 235 388 BIODEGRADABLE 0
220 347 236 347 236 375 220 375 BIODEGRADABLE 0
233 387 261 387 261 415 233 415 BIODEGRADABLE 0
254.00000000000003 405 270 405 270 415 254.00000000000003 415 BIODEGRADABLE 0
176 127.00000000000001 260 127.00000000000001 260 349 176 349 BIODEGRADABLE 0
217 13 288 13 288 145 217 145 BIODEGRADABLE 0
220 3 250 3 250 135 220 135 BIODEGRADABLE 0
255.00000000000003 3 273 3 273 57.00000000000001 255.00000000000003 57.00000000000001 BIODEGRADABLE 0
262 24 380 24 380 241.00000000000003 262 241.00000000000003 BIODEGRADABLE 0
247 3 366 3 366 205 247 205 BIODEGRADABLE 0
313 282 335 282 335 324 313 324 BIODEGRADABLE 0
288 269 312 269 312 308 288 308 BIODEGRADABLE 0
310 252.99999999999997 332 252.99999999999997 332 297 310 297 BIODEGRADABLE 0
297 238 319 238 319 274 297 274 BIODEGRADABLE 0
330 207 354 207 354 252.99999999999997 330 252.99999999999997 BIODEGRADABLE 0
300 222 330 222 330 261 300 261 BIODEGRADABLE 0
346 181 364 181 364 212 346 212 BIODEGRADABLE 0
342 369 415 369 415 415 342 415 BIODEGRADABLE 0
355 294 397 294 397 380 355 380 BIODEGRADABLE 0
374 209 416 209 416 300 374 300 BIODEGRADABLE 0
394 276 415 276 415 358 394 358 BIODEGRADABLE 0
354 220 374 220 374 256 354 256 BIODEGRADABLE 0
363 197 383 197 383 233 363 233 BIODEGRADABLE 0
370 168 390 168 390 207 370 207 BIODEGRADABLE 0
359 153 379 153 379 184 359 184 BIODEGRADABLE 0
375 124 393 124 393 158 375 158 BIODEGRADABLE 0
389 142 411 142 411 176 389 176 BIODEGRADABLE 0
403 117 415 117 415 148 403 148 BIODEGRADABLE 0
387 104 409 104 409 140 387 140 BIODEGRADABLE 0
391 70 415 70 415 112 391 112 BIODEGRADABLE 0
379 49 393 49 393 93 379 93 BIODEGRADABLE 0
374 98 390 98 390 124 374 124 BIODEGRADABLE 0
384 21 406 21 406 62.99999999999999 384 62.99999999999999 BIODEGRADABLE 0
363 16 381 16 381 50 363 50 BIODEGRADABLE 0
404 33 415 33 415 73 404 73 BIODEGRADABLE 0
241.00000000000003 204 358 204 358 415 241.00000000000003 415 BIODEGRADABLE 0