124 66 176 66 176 100 124 100 BIODEGRADABLE 0
197 211 268 211 268 257 197 257 BIODEGRADABLE 0
294 137 344 137 344 185 294 185 BIODEGRADABLE 0
322 95 393 95 393 141 322 141 BIODEGRADABLE 0
279 82 331 82 331 134 279 134 BIODEGRADABLE 0
232 80 279 80 279 106 232 106 BIODEGRADABLE 0
196 164 236 164 236 192 196 192 BIODEGRADABLE 0
176 209 200 209 200 241.00000000000003 176 241.00000000000003 BIODEGRADABLE 0
95 188 138 188 138 228.00000000000003 95 228.00000000000003 BIODEGRADABLE 0
95 228.00000000000003 127.00000000000001 228.00000000000003 127.00000000000001 244 95 244 BIODEGRADABLE 0
135 349 193 349 193 383 135 383 BIODEGRADABLE 0
223 339 281 339 281 393 223 393 BIODEGRADABLE 0
264 316 322 316 322 360 264 360 BIODEGRADABLE 0
356 243 371 243 371 273 356 273 BIODEGRADABLE 0
354 198 408 198 408 251 354 251 BIODEGRADABLE 0
245 235 337 235 337 280 245 280 BIODEGRADABLE 0
11 261 54.00000000000001 261 54.00000000000001 299 11 299 BIODEGRADABLE 0
29.999999999999996 222 77 222 77 251.99999999999997 29.999999999999996 251.99999999999997 BIODEGRADABLE 0
11 84 123 84 123 338 11 338 BIODEGRADABLE 0
118 66 260 66 260 382 118 382 BIODEGRADABLE 0
219 41 350 41 350 362 219 362 BIODEGRADABLE 0
328 79 414 79 414 307 328 307 BIODEGRADABLE 0
322 20 332 20 332 28 322 28 BIODEGRADABLE 0
223 7 236 7 236 25 223 25 BIODEGRADABLE 0
206 21 223 21 223 43 206 43 BIODEGRADABLE 0
137 34 152 34 152 54.00000000000001 137 54.00000000000001 BIODEGRADABLE 0
171 2 281 2 281 72 171 72 METAL 0