184 136 415 136 415 415 184 415 BIODEGRADABLE 0
187 381 245 381 245 415 187 415 BIODEGRADABLE 0
268 317 382 317 382 378 268 378 BIODEGRADABLE 0
184 330 415 330 415 415 184 415 BIODEGRADABLE 0
309 0 415 0 415 202 309 202 BIODEGRADABLE 0
309 3 369 3 369 64 309 64 BIODEGRADABLE 0
284 68 320 68 320 116 284 116 BIODEGRADABLE 0
328 40 356 40 356 68 328 68 BIODEGRADABLE 0
251 50 331 50 331 90 251 90 BIODEGRADABLE 0
236 85 288 85 288 146 236 146 BIODEGRADABLE 0
294 119 311 119 311 148 294 148 BIODEGRADABLE 0
243 112.99999999999999 303 112.99999999999999 303 169 243 169 BIODEGRADABLE 0
296 153 322 153 322 175 296 175 BIODEGRADABLE 0
270 0 315 0 315 61 270 61 BIODEGRADABLE 0
257 21 279 21 279 77 257 77 BIODEGRADABLE 0
245 32 271 32 271 64 245 64 BIODEGRADABLE 0
176 47 260 47 260 121.00000000000001 176 121.00000000000001 BIODEGRADABLE 0
148 69 184 69 184 98 148 98 BIODEGRADABLE 0
138 56 183 56 183 77 138 77 BIODEGRADABLE 0
135 96 165 96 165 124 135 124 BIODEGRADABLE 0
176 119 232 119 232 189 176 189 BIODEGRADABLE 0
213.99999999999997 147 266 147 266 185 213.99999999999997 185 BIODEGRADABLE 0
215.00000000000003 170 252.99999999999997 170 252.99999999999997 199 215.00000000000003 199 BIODEGRADABLE 0
199 196 252.99999999999997 196 252.99999999999997 238 199 238 BIODEGRADABLE 0
242.00000000000003 175 270 175 270 223 242.00000000000003 223 BIODEGRADABLE 0
197 228.00000000000003 255.00000000000003 228.00000000000003 255.00000000000003 292 197 292 BIODEGRADABLE 0
185 254.00000000000003 217 254.00000000000003 217 276 185 276 BIODEGRADABLE 0
187 238 221 238 221 256 187 256 BIODEGRADABLE 0
161 196 195 196 195 246 161 246 BIODEGRADABLE 0
124 220 174 220 174 256 124 256 BIODEGRADABLE 0
92 246 163 246 163 330 92 330 BIODEGRADABLE 0
3 252.99999999999997 157 252.99999999999997 157 315 3 315 BIODEGRADABLE 0
2 308 47 308 47 408 2 408 BIODEGRADABLE 0
37 315 82 315 82 405 37 405 BIODEGRADABLE 0
56 344 136 344 136 415 56 415 BIODEGRADABLE 0
93 326 161 326 161 379 93 379 BIODEGRADABLE 0
146 312 204 312 204 381 146 381 BIODEGRADABLE 0
150 245 195 245 195 317 150 317 BIODEGRADABLE 0
163 293 208 293 208 317 163 317 BIODEGRADABLE 0
26 112.99999999999999 339 112.99999999999999 339 415 26 415 BIODEGRADABLE 0
226.99999999999997 0 415 0 415 188 226.99999999999997 188 BIODEGRADABLE 0
71 1 287 1 287 62.99999999999999 71 62.99999999999999 BIODEGRADABLE 0
86 1 116 1 116 31 86 31 BIODEGRADABLE 0
80 0 95 0 95 18 80 18 BIODEGRADABLE 0
110 0 142 0 142 32 110 32 BIODEGRADABLE 0
125.99999999999999 0 172 0 172 14.999999999999998 125.99999999999999 14.999999999999998 BIODEGRADABLE 0
133 11 183 11 183 40 133 40 BIODEGRADABLE 0
28 0 64 0 64 37 28 37 BIODEGRADABLE 0
14.999999999999998 2 32 2 32 23 14.999999999999998 23 BIODEGRADABLE 0
1 0 34 0 34 68 1 68 BIODEGRADABLE 0
24 52 67 52 67 112.99999999999999 24 112.99999999999999 BIODEGRADABLE 0
2 61 28 61 28 95 2 95 BIODEGRADABLE 0
3 100 37 100 37 136 3 136 BIODEGRADABLE 0
2 135 32 135 32 185 2 185 BIODEGRADABLE 0
2 124 19 124 19 145 2 145 BIODEGRADABLE 0
54.00000000000001 26 148 26 148 71 54.00000000000001 71 BIODEGRADABLE 0
2 71 152 71 152 245 2 245 BIODEGRADABLE 0
2 312 52 312 52 397 2 397 BIODEGRADABLE 0
2 395 54.00000000000001 395 54.00000000000001 415 2 415 BIODEGRADABLE 0
1 0 415 0 415 416 1 416 BIODEGRADABLE 0