267 335 339 335 339 378 267 378 BIODEGRADABLE 0
262 285 339 285 339 333 262 333 BIODEGRADABLE 0
251.99999999999997 251 308 251 308 283 251.99999999999997 283 BIODEGRADABLE 0
200 229.00000000000003 260 229.00000000000003 260 271 200 271 BIODEGRADABLE 0
238.99999999999997 186 301 186 301 225.99999999999997 238.99999999999997 225.99999999999997 BIODEGRADABLE 0
248 213.99999999999997 313 213.99999999999997 313 248 248 248 BIODEGRADABLE 0
274 168 330 168 330 206 274 206 BIODEGRADABLE 0
205 275 267 275 267 328 205 328 BIODEGRADABLE 0
245 318 267 318 267 336 245 336 BIODEGRADABLE 0
178 263 222 263 222 300 178 300 BIODEGRADABLE 0
130 232 198 232 198 275 130 275 BIODEGRADABLE 0
145 194 195 194 195 232 145 232 BIODEGRADABLE 0
180 192 238 192 238 226.99999999999997 180 226.99999999999997 BIODEGRADABLE 0
161 151 225.99999999999997 151 225.99999999999997 189 161 189 BIODEGRADABLE 0
173 119 241.00000000000003 119 241.00000000000003 151 173 151 BIODEGRADABLE 0
236 130 284 130 284 152 236 152 BIODEGRADABLE 0
221 152 274 152 274 190 221 190 BIODEGRADABLE 0
94 172 154 172 154 215.00000000000003 94 215.00000000000003 BIODEGRADABLE 0
132 141 173 141 173 183 132 183 BIODEGRADABLE 0
62.99999999999999 223 128 223 128 260 62.99999999999999 260 BIODEGRADABLE 0
116 218 152 218 152 260 116 260 BIODEGRADABLE 0
213.99999999999997 53 308 53 308 119 213.99999999999997 119 BIODEGRADABLE 0
262 106 366 106 366 164 262 164 BIODEGRADABLE 0
294 195 383 195 383 293 294 293 BIODEGRADABLE 0