34 3 70 3 70 53 34 53 BIODEGRADABLE 0
2 32 70 32 70 86 2 86 BIODEGRADABLE 0
8 66 66 66 66 180 8 180 BIODEGRADABLE 0
2 66 11 66 11 130 2 130 BIODEGRADABLE 0
62 106.99999999999999 104 106.99999999999999 104 169 62 169 BIODEGRADABLE 0
41 146 62.99999999999999 146 62.99999999999999 194 41 194 BIODEGRADABLE 0
11 179 61 179 61 257 11 257 BIODEGRADABLE 0
2 226.99999999999997 28 226.99999999999997 28 291 2 291 BIODEGRADABLE 0
2 155 14 155 14 226.99999999999997 2 226.99999999999997 BIODEGRADABLE 0
2 298 12 298 12 332 2 332 BIODEGRADABLE 0
2 337 32 337 32 407 2 407 BIODEGRADABLE 0
14 262 62 262 62 350 14 350 BIODEGRADABLE 0
53 230 99 230 99 310 53 310 BIODEGRADABLE 0
70 300 114.00000000000001 300 114.00000000000001 364 70 364 BIODEGRADABLE 0
31 344 93 344 93 412 31 412 BIODEGRADABLE 0
10 400 81 400 81 415 10 415 BIODEGRADABLE 0
93 348 141 348 141 415 93 415 BIODEGRADABLE 0
127.00000000000001 305 180 305 180 371 127.00000000000001 371 BIODEGRADABLE 0
100 235 150 235 150 321 100 321 BIODEGRADABLE 0
53 157 145 157 145 245 53 245 BIODEGRADABLE 0
124 189 170 189 170 235 124 235 BIODEGRADABLE 0
130 125.99999999999999 183 125.99999999999999 183 198 130 198 BIODEGRADABLE 0
138 32 173 32 173 128 138 128 BIODEGRADABLE 0
97 3 145 3 145 75 97 75 BIODEGRADABLE 0
73 48 135 48 135 130 73 130 BIODEGRADABLE 0
62 18 94 18 94 64 62 64 BIODEGRADABLE 0
138 3 164 3 164 41 138 41 BIODEGRADABLE 0
164 2 220 2 220 68 164 68 BIODEGRADABLE 0
162 62 210 62 210 148 162 148 BIODEGRADABLE 0
173 159 225.99999999999997 159 225.99999999999997 243 173 243 BIODEGRADABLE 0
147 235 193 235 193 305 147 305 BIODEGRADABLE 0
179 293 213.99999999999997 293 213.99999999999997 341 179 341 BIODEGRADABLE 0
180 341 228.00000000000003 341 228.00000000000003 411 180 411 BIODEGRADABLE 0
140 375 185 375 185 415 140 415 BIODEGRADABLE 0
220 301 267 301 267 371 220 371 BIODEGRADABLE 0
221 362 287 362 287 416 221 416 BIODEGRADABLE 0
255.00000000000003 262 303 262 303 332 255.00000000000003 332 BIODEGRADABLE 0
231 200 277 200 277 278 231 278 BIODEGRADABLE 0
218 155 239.99999999999997 155 239.99999999999997 225 218 225 BIODEGRADABLE 0
235 162 267 162 267 200 235 200 BIODEGRADABLE 0
200 103 239.99999999999997 103 239.99999999999997 162 200 162 BIODEGRADABLE 0
206 25 302 25 302 116 206 116 BIODEGRADABLE 0
215.00000000000003 3 251 3 251 46 215.00000000000003 46 BIODEGRADABLE 0
250 3 308 3 308 55 250 55 BIODEGRADABLE 0
301 2 337 2 337 48 301 48 BIODEGRADABLE 0
303 36 330 36 330 98 303 98 BIODEGRADABLE 0
302 86 324 86 324 132 302 132 BIODEGRADABLE 0
236 91 313 91 313 175 236 175 BIODEGRADABLE 0
265 173 313 173 313 238.99999999999997 265 238.99999999999997 BIODEGRADABLE 0
301 130 343 130 343 194 301 194 BIODEGRADABLE 0
312 176 368 176 368 246 312 246 BIODEGRADABLE 0
342 100 389 100 389 193 342 193 BIODEGRADABLE 0
315 59 363 59 363 109 315 109 BIODEGRADABLE 0
365 52 412 52 412 130 365 130 BIODEGRADABLE 0
337 2 389 2 389 66 337 66 BIODEGRADABLE 0
388 2 416 2 416 68 388 68 BIODEGRADABLE 0
350 106.99999999999999 416 106.99999999999999 416 257 350 257 BIODEGRADABLE 0
389 209 415 209 415 248 389 248 BIODEGRADABLE 0
407 166 415 166 415 210 407 210 BIODEGRADABLE 0
364 250 415 250 415 299 364 299 BIODEGRADABLE 0
329 259 406 259 406 302 329 302 BIODEGRADABLE 0
300 278 347 278 347 350 300 350 BIODEGRADABLE 0
270 332 336 332 336 412 270 412 BIODEGRADABLE 0
282 394 382 394 382 416 282 416 BIODEGRADABLE 0
327 350 380 350 380 398 327 398 BIODEGRADABLE 0
376 359 406 359 406 391 376 391 BIODEGRADABLE 0
382 365 415 365 415 415 382 415 BIODEGRADABLE 0
395 298 415 298 415 367 395 367 BIODEGRADABLE 0