349 73 400 73 400 144 349 144 BIODEGRADABLE 0
341 109 415 109 415 195 341 195 BIODEGRADABLE 0
295 81 349 81 349 161 295 161 BIODEGRADABLE 0
327 174 388 174 388 230 327 230 BIODEGRADABLE 0
314 159 346 159 346 197 314 197 BIODEGRADABLE 0
282 155 319 155 319 217 282 217 BIODEGRADABLE 0
274 204 332 204 332 264 274 264 BIODEGRADABLE 0
229.00000000000003 219 275 219 275 262 229.00000000000003 262 BIODEGRADABLE 0
228.00000000000003 245 298 245 298 320 228.00000000000003 320 BIODEGRADABLE 0
181 212 231 212 231 283 181 283 BIODEGRADABLE 0
203 163 245 163 245 234 203 234 BIODEGRADABLE 0
183 264 223 264 223 290 183 290 BIODEGRADABLE 0
131 225.99999999999997 184 225.99999999999997 184 290 131 290 BIODEGRADABLE 0
101 236 167 236 167 320 101 320 BIODEGRADABLE 0
84 178 143 178 143 242.00000000000003 84 242.00000000000003 BIODEGRADABLE 0
138 133 197 133 197 206 138 206 BIODEGRADABLE 0
147 180 205 180 205 232 147 232 BIODEGRADABLE 0
138 193 164 193 164 229.00000000000003 138 229.00000000000003 BIODEGRADABLE 0
178 118 236 118 236 178 178 178 BIODEGRADABLE 0
238.99999999999997 75 295 75 295 217 238.99999999999997 217 BIODEGRADABLE 0
181 41 252.99999999999997 41 252.99999999999997 135 181 135 BIODEGRADABLE 0
122 52 183 52 183 136 122 136 BIODEGRADABLE 0
104 110 152 110 152 178 104 178 BIODEGRADABLE 0
59 185 93 185 93 232 59 232 BIODEGRADABLE 0
59 142 117 142 117 202 59 202 BIODEGRADABLE 0
48 112 80 112 80 159 48 159 BIODEGRADABLE 0
64 58 123 58 123 144 64 144 BIODEGRADABLE 0
23 32 87 32 87 116 23 116 BIODEGRADABLE 0
0 58 53 58 53 163 0 163 BIODEGRADABLE 0
48 114.00000000000001 80 114.00000000000001 80 159 48 159 BIODEGRADABLE 0
13 151 58 151 58 187 13 187 BIODEGRADABLE 0
235 58 296 58 296 266 235 266 GLASS 0