62 2 414 2 414 229.00000000000003 62 229.00000000000003 BIODEGRADABLE 0
1 52 198 52 198 204 1 204 BIODEGRADABLE 0
1 175 322 175 322 383 1 383 BIODEGRADABLE 0
320 223 357 223 357 249 320 249 BIODEGRADABLE 0
310 249 364 249 364 292 310 292 BIODEGRADABLE 0
344 225.99999999999997 414 225.99999999999997 414 265 344 265 BIODEGRADABLE 0
372 209 414 209 414 245 372 245 BIODEGRADABLE 0
364 263 414 263 414 295 364 295 BIODEGRADABLE 0
332 284 396 284 396 319 332 319 BIODEGRADABLE 0
290 302 360 302 360 345 290 345 BIODEGRADABLE 0
283 338 340 338 340 369 283 369 BIODEGRADABLE 0
337 318 414 318 414 379 337 379 BIODEGRADABLE 0
394 294 414 294 414 330 394 330 BIODEGRADABLE 0