223 54.00000000000001 323 54.00000000000001 323 119 223 119 BIODEGRADABLE 0
273 2 380 2 380 56 273 56 BIODEGRADABLE 0
364 2 384 2 384 17 364 17 BIODEGRADABLE 0
373 2 414 2 414 38 373 38 BIODEGRADABLE 0
382 14 414 14 414 56 382 56 BIODEGRADABLE 0
342 55 414 55 414 121.00000000000001 342 121.00000000000001 BIODEGRADABLE 0
392 50 414 50 414 92 392 92 BIODEGRADABLE 0
264 47 373 47 373 159 264 159 BIODEGRADABLE 0
245 116 291 116 291 130 245 130 BIODEGRADABLE 0
150 48 230 48 230 110 150 110 BIODEGRADABLE 0
205 71 225 71 225 87 205 87 BIODEGRADABLE 0
216.00000000000003 61 232 61 232 71 216.00000000000003 71 BIODEGRADABLE 0
159 7 238.99999999999997 7 238.99999999999997 71 159 71 BIODEGRADABLE 0
194 2 296 2 296 70 194 70 BIODEGRADABLE 0
389 106.99999999999999 414 106.99999999999999 414 166 389 166 BIODEGRADABLE 0
364 124 384 124 384 146 364 146 BIODEGRADABLE 0
271 110 375 110 375 164 271 164 BIODEGRADABLE 0
273 159 396 159 396 225 273 225 BIODEGRADABLE 0
357 148 414 148 414 184 357 184 BIODEGRADABLE 0
384 184 414 184 414 213.99999999999997 384 213.99999999999997 BIODEGRADABLE 0
271 169 301 169 301 196 271 196 BIODEGRADABLE 0
234 154 284 154 284 194 234 194 BIODEGRADABLE 0
162 124 252.99999999999997 124 252.99999999999997 190 162 190 BIODEGRADABLE 0
230 121.00000000000001 264 121.00000000000001 264 149 230 149 BIODEGRADABLE 0
150 100 218 100 218 144 150 144 BIODEGRADABLE 0
153 80 187 80 187 106.99999999999999 153 106.99999999999999 BIODEGRADABLE 0
134 53 150 53 150 77 134 77 BIODEGRADABLE 0
116 32 157 32 157 64 116 64 BIODEGRADABLE 0
111 18 157 18 157 39 111 39 BIODEGRADABLE 0
109 2 155 2 155 20 109 20 BIODEGRADABLE 0
150 2 191 2 191 28 150 28 BIODEGRADABLE 0
96 38 116 38 116 59.99999999999999 96 59.99999999999999 BIODEGRADABLE 0
55 18 109 18 109 56 55 56 BIODEGRADABLE 0
71 2 114.00000000000001 2 114.00000000000001 22 71 22 BIODEGRADABLE 0
9 2 71 2 71 35 9 35 BIODEGRADABLE 0
0 17 29.999999999999996 17 29.999999999999996 43 0 43 BIODEGRADABLE 0
0 1 21 1 21 17 0 17 BIODEGRADABLE 0
39 38 75 38 75 62 39 62 BIODEGRADABLE 0
29 33 57.00000000000001 33 57.00000000000001 53 29 53 BIODEGRADABLE 0
0 44 34 44 34 95 0 95 BIODEGRADABLE 0
0 43 12 43 12 91 0 91 BIODEGRADABLE 0
23 62.99999999999999 51 62.99999999999999 51 89 23 89 BIODEGRADABLE 0
27.000000000000004 58 59 58 59 76 27.000000000000004 76 BIODEGRADABLE 0
0 97 34 97 34 123 0 123 BIODEGRADABLE 0
43 70 127.00000000000001 70 127.00000000000001 104 43 104 BIODEGRADABLE 0
66 86 125 86 125 106 66 106 BIODEGRADABLE 0
82 62 112 62 112 82 82 82 BIODEGRADABLE 0
112 53 155 53 155 93 112 93 BIODEGRADABLE 0
89 151 114.00000000000001 151 114.00000000000001 202 89 202 BIODEGRADABLE 0
103 137 123 137 123 152 103 152 BIODEGRADABLE 0
121.00000000000001 128 151 128 151 167 121.00000000000001 167 BIODEGRADABLE 0
136 115 150 115 150 129 136 129 BIODEGRADABLE 0
119 95 153 95 153 128 119 128 BIODEGRADABLE 0
137 201 225 201 225 257 137 257 BIODEGRADABLE 0
200 189 262 189 262 223 200 223 BIODEGRADABLE 0
248 207 282 207 282 237 248 237 BIODEGRADABLE 0
248 190 276 190 276 210 248 210 BIODEGRADABLE 0
264 216.00000000000003 323 216.00000000000003 323 254.00000000000003 264 254.00000000000003 BIODEGRADABLE 0
300 238 364 238 364 282 300 282 BIODEGRADABLE 0
352 248 414 248 414 302 352 302 BIODEGRADABLE 0
318 207 414 207 414 252.99999999999997 318 252.99999999999997 BIODEGRADABLE 0
392 296 414 296 414 306 392 306 BIODEGRADABLE 0
325 281 391 281 391 326 325 326 BIODEGRADABLE 0
355 307 414 307 414 347 355 347 BIODEGRADABLE 0
296 312 355 312 355 351 296 351 BIODEGRADABLE 0
328 341 400 341 400 394 328 394 BIODEGRADABLE 0
380 344 414 344 414 409 380 409 BIODEGRADABLE 0
348 393 403 393 403 415 348 415 BIODEGRADABLE 0
398 407 415 407 415 415 398 415 BIODEGRADABLE 0
320 393 367 393 367 415 320 415 BIODEGRADABLE 0
303 350 341 350 341 394 303 394 BIODEGRADABLE 0
250 337 302 337 302 377 250 377 BIODEGRADABLE 0
236 288 314 288 314 336 236 336 BIODEGRADABLE 0
255.00000000000003 258 330 258 330 311 255.00000000000003 311 BIODEGRADABLE 0
230 238.99999999999997 282 238.99999999999997 282 293 230 293 BIODEGRADABLE 0
198 235 238.99999999999997 235 238.99999999999997 273 198 273 BIODEGRADABLE 0
223 224 252.99999999999997 224 252.99999999999997 246 223 246 BIODEGRADABLE 0
218 270 246 270 246 303 218 303 BIODEGRADABLE 0
223 314 257 314 257 352 223 352 BIODEGRADABLE 0
202 299 234 299 234 321 202 321 BIODEGRADABLE 0
195 317 223 317 223 344 195 344 BIODEGRADABLE 0
223 344 243 344 243 356 223 356 BIODEGRADABLE 0
234 351 316 351 316 404 234 404 BIODEGRADABLE 0
238.99999999999997 389 246 389 246 398 238.99999999999997 398 BIODEGRADABLE 0
204 389 248 389 248 415 204 415 BIODEGRADABLE 0
180 341 238.99999999999997 341 238.99999999999997 395 180 395 BIODEGRADABLE 0
168 323 198 323 198 344 168 344 BIODEGRADABLE 0
105 262 223 262 223 324 105 324 BIODEGRADABLE 0
116 251.99999999999997 184 251.99999999999997 184 270 116 270 BIODEGRADABLE 0
93 223 150 223 150 262 93 262 BIODEGRADABLE 0
100 189 141 189 141 235 100 235 BIODEGRADABLE 0
106.99999999999999 157 169 157 169 222 106.99999999999999 222 BIODEGRADABLE 0
91 133 106.99999999999999 133 106.99999999999999 142 91 142 BIODEGRADABLE 0
87 121.00000000000001 103 121.00000000000001 103 135 87 135 BIODEGRADABLE 0
89 102 114.00000000000001 102 114.00000000000001 118 89 118 BIODEGRADABLE 0
82 145 98 145 98 155 82 155 BIODEGRADABLE 0
25 118 89 118 89 168 25 168 BIODEGRADABLE 0
64 162 80 162 80 171 64 171 BIODEGRADABLE 0
73 154 87 154 87 168 73 168 BIODEGRADABLE 0
66 169 91 169 91 177 66 177 BIODEGRADABLE 0
69 175 91 175 91 184 69 184 BIODEGRADABLE 0
41 171 69 171 69 192 41 192 BIODEGRADABLE 0
29.999999999999996 185 66 185 66 211 29.999999999999996 211 BIODEGRADABLE 0
62 196 94 196 94 223 62 223 BIODEGRADABLE 0
69 186 89 186 89 201 69 201 BIODEGRADABLE 0
12 119 29.999999999999996 119 29.999999999999996 181 12 181 BIODEGRADABLE 0
36 109 64 109 64 123 36 123 BIODEGRADABLE 0
66 104 91 104 91 119 66 119 BIODEGRADABLE 0
1 166 23 166 23 193 1 193 BIODEGRADABLE 0
0 138 18 138 18 189 0 189 BIODEGRADABLE 0
0 123 12 123 12 138 0 138 BIODEGRADABLE 0
0 193 34 193 34 223 0 223 BIODEGRADABLE 0
16 212.99999999999997 70 212.99999999999997 70 247 16 247 BIODEGRADABLE 0
0 212.99999999999997 21 212.99999999999997 21 244 0 244 BIODEGRADABLE 0
0 241.00000000000003 21 241.00000000000003 21 258 0 258 BIODEGRADABLE 0
9 243 102 243 102 294 9 294 BIODEGRADABLE 0
85 281 139 281 139 355 85 355 BIODEGRADABLE 0
96 321 118 321 118 347 96 347 BIODEGRADABLE 0
66 309 102 309 102 335 66 335 BIODEGRADABLE 0
14 332 71 332 71 370 14 370 BIODEGRADABLE 0
14 359 48 359 48 376 14 376 BIODEGRADABLE 0
9 373 55 373 55 409 9 409 BIODEGRADABLE 0
77 282 192 282 192 415 77 415 BIODEGRADABLE 0
38 398 73 398 73 415 38 415 BIODEGRADABLE 0
0 347 18 347 18 393 0 393 BIODEGRADABLE 0
0 268 43 268 43 348 0 348 BIODEGRADABLE 0
29 290 91 290 91 330 29 330 BIODEGRADABLE 0
0 1 415 1 415 415 0 415 BIODEGRADABLE 0