289 208 415 208 415 414 289 414 BIODEGRADABLE 0
392 387 415 387 415 414 392 414 BIODEGRADABLE 0
216.00000000000003 326 331 326 331 414 216.00000000000003 414 BIODEGRADABLE 0
246 167 342 167 342 330 246 330 BIODEGRADABLE 0
334 91 414 91 414 235 334 235 BIODEGRADABLE 0
357 1 415 1 415 100 357 100 BIODEGRADABLE 0
229.00000000000003 27.000000000000004 337 27.000000000000004 337 181 229.00000000000003 181 BIODEGRADABLE 0
249 0 359 0 359 41 249 41 BIODEGRADABLE 0
163 0 260 0 260 50 163 50 BIODEGRADABLE 0
73 16 195 16 195 163 73 163 BIODEGRADABLE 0
132 167 282 167 282 400 132 400 BIODEGRADABLE 0
108.00000000000001 163 195 163 195 333 108.00000000000001 333 BIODEGRADABLE 0
78 346 218 346 218 414 78 414 BIODEGRADABLE 0
11 118 143 118 143 306 11 306 BIODEGRADABLE 0
1 266 94 266 94 414 1 414 BIODEGRADABLE 0
1 125.99999999999999 29 125.99999999999999 29 274 1 274 BIODEGRADABLE 0
1 1 22 1 22 35 1 35 BIODEGRADABLE 0