2 284 25 284 25 314 2 314 BIODEGRADABLE 0
12 259 36 259 36 293 12 293 BIODEGRADABLE 0
8 250 20 250 20 282 8 282 BIODEGRADABLE 0
32 248 52 248 52 277 32 277 BIODEGRADABLE 0
41 266 64 266 64 298 41 298 BIODEGRADABLE 0
84 216.00000000000003 108.00000000000001 216.00000000000003 108.00000000000001 255.00000000000003 84 255.00000000000003 BIODEGRADABLE 0
65 218 92 218 92 264 65 264 BIODEGRADABLE 0
67 134 93 134 93 175 67 175 BIODEGRADABLE 0
58 114.00000000000001 84 114.00000000000001 84 144 58 144 BIODEGRADABLE 0
47 103 67 103 67 144 47 144 BIODEGRADABLE 0
90 84 111 84 111 114.00000000000001 90 114.00000000000001 BIODEGRADABLE 0
78 66 105 66 105 103 78 103 BIODEGRADABLE 0
79 106.99999999999999 94 106.99999999999999 94 130 79 130 BIODEGRADABLE 0
164 32 185 32 185 54.00000000000001 164 54.00000000000001 BIODEGRADABLE 0
168 55 186 55 186 73 168 73 BIODEGRADABLE 0
162 66 171 66 171 84 162 84 BIODEGRADABLE 0
171 69 186 69 186 89 171 89 BIODEGRADABLE 0
183 73 209 73 209 103 183 103 BIODEGRADABLE 0
189 106.99999999999999 224 106.99999999999999 224 150 189 150 BIODEGRADABLE 0
182 146 212 146 212 178 182 178 BIODEGRADABLE 0
213.99999999999997 116 241.00000000000003 116 241.00000000000003 164 213.99999999999997 164 BIODEGRADABLE 0
179 198 200 198 200 230 179 230 BIODEGRADABLE 0
198 200 218 200 218 236 198 236 BIODEGRADABLE 0
197 226.99999999999997 215.00000000000003 226.99999999999997 215.00000000000003 259 197 259 BIODEGRADABLE 0
235 305 259 305 259 339 235 339 BIODEGRADABLE 0
221 330 242.00000000000003 330 242.00000000000003 362 221 362 BIODEGRADABLE 0
242.00000000000003 330 260 330 260 358 242.00000000000003 358 BIODEGRADABLE 0
238.99999999999997 395 257 395 257 415 238.99999999999997 415 BIODEGRADABLE 0
304 351 318 351 318 371 304 371 BIODEGRADABLE 0
295 339 307 339 307 359 295 359 BIODEGRADABLE 0
297 268 312 268 312 296 297 296 BIODEGRADABLE 0
313 255.00000000000003 328 255.00000000000003 328 285 313 285 BIODEGRADABLE 0
297 248 317 248 317 268 297 268 BIODEGRADABLE 0
392 325 400 325 400 341 392 341 BIODEGRADABLE 0
401 328 410 328 410 344 401 344 BIODEGRADABLE 0
377 259 387 259 387 284 377 284 BIODEGRADABLE 0
389 243 409 243 409 275 389 275 BIODEGRADABLE 0
324 150 339 150 339 178 324 178 BIODEGRADABLE 0
306 166 326 166 326 191 306 191 BIODEGRADABLE 0
369 193 384 193 384 223 369 223 BIODEGRADABLE 0
389 180 401 180 401 200 389 200 BIODEGRADABLE 0
376 171 392 171 392 203 376 203 BIODEGRADABLE 0
307 193 327 193 327 218 307 218 BIODEGRADABLE 0
356 137 368 137 368 162 356 162 BIODEGRADABLE 0