43 2 183 2 183 94 43 94 BIODEGRADABLE 0
160 29 194 29 194 57.00000000000001 160 57.00000000000001 BIODEGRADABLE 0
161 56 229.00000000000003 56 229.00000000000003 94 161 94 BIODEGRADABLE 0
212.99999999999997 14.999999999999998 293 14.999999999999998 293 59.99999999999999 212.99999999999997 59.99999999999999 BIODEGRADABLE 0
265 29 336 29 336 75 265 75 BIODEGRADABLE 0
284 68 357 68 357 121.00000000000001 284 121.00000000000001 BIODEGRADABLE 0
224 51 297 51 297 101 224 101 BIODEGRADABLE 0
206 98 284 98 284 143 206 143 BIODEGRADABLE 0
171 91 231 91 231 147 171 147 BIODEGRADABLE 0
217 143 277 143 277 175 217 175 BIODEGRADABLE 0
268 118 362 118 362 184 268 184 BIODEGRADABLE 0
229.00000000000003 165 321 165 321 212.99999999999997 229.00000000000003 212.99999999999997 BIODEGRADABLE 0
12 65 176 65 176 208 12 208 BIODEGRADABLE 0
0 112.99999999999999 87 112.99999999999999 87 212.99999999999997 0 212.99999999999997 BIODEGRADABLE 0
25 271 82 271 82 332 25 332 BIODEGRADABLE 0
28 212.99999999999997 96 212.99999999999997 96 273 28 273 BIODEGRADABLE 0
12 237 35 237 35 288 12 288 BIODEGRADABLE 0
14 293 58 293 58 339 14 339 BIODEGRADABLE 0
66 326 112 326 112 370 66 370 BIODEGRADABLE 0
85 281 115 281 115 332 85 332 BIODEGRADABLE 0
106.99999999999999 303 174 303 174 415 106.99999999999999 415 BIODEGRADABLE 0
53 243 199 243 199 407 53 407 BIODEGRADABLE 0
69 244 233 244 233 401 69 401 BIODEGRADABLE 0
32 212.99999999999997 263 212.99999999999997 263 373 32 373 BIODEGRADABLE 0
97 219 149 219 149 267 97 267 BIODEGRADABLE 0
89 192 149 192 149 237 89 237 BIODEGRADABLE 0
147 184 231 184 231 292 147 292 BIODEGRADABLE 0
167 156 211 156 211 266 167 266 BIODEGRADABLE 0
206 292 270 292 270 330 206 330 BIODEGRADABLE 0
245 317 289 317 289 349 245 349 BIODEGRADABLE 0
268 289 325 289 325 318 268 318 BIODEGRADABLE 0
268 261 316 261 316 291 268 291 BIODEGRADABLE 0
304 246 352 246 352 288 304 288 BIODEGRADABLE 0
210 217 350 217 350 277 210 277 BIODEGRADABLE 0
188 177 357 177 357 242.00000000000003 188 242.00000000000003 BIODEGRADABLE 0
302 195 336 195 336 225 302 225 BIODEGRADABLE 0
327 186 359 186 359 225.99999999999997 327 225.99999999999997 BIODEGRADABLE 0
192 162 217 162 217 180 192 180 BIODEGRADABLE 0