348 145 386 145 386 195 348 195 BIODEGRADABLE 0
396 215.00000000000003 415 215.00000000000003 415 256 396 256 BIODEGRADABLE 0
335 188 359 188 359 234 335 234 BIODEGRADABLE 0
316 184 346 184 346 230 316 230 BIODEGRADABLE 0
321 141 359 141 359 187 321 187 BIODEGRADABLE 0
292 165 322 165 322 193 292 193 BIODEGRADABLE 0
291 189 323 189 323 241.00000000000003 291 241.00000000000003 BIODEGRADABLE 0
316 232 352 232 352 280 316 280 BIODEGRADABLE 0
292 230 318 230 318 250 292 250 BIODEGRADABLE 0
289 245 329 245 329 289 289 289 BIODEGRADABLE 0
284 288 326 288 326 340 284 340 BIODEGRADABLE 0
254.00000000000003 266 296 266 296 310 254.00000000000003 310 BIODEGRADABLE 0
262 228.00000000000003 298 228.00000000000003 298 265 262 265 BIODEGRADABLE 0
254.00000000000003 182 294 182 294 232 254.00000000000003 232 BIODEGRADABLE 0
238.99999999999997 163 275 163 275 195 238.99999999999997 195 BIODEGRADABLE 0
270 106.99999999999999 321 106.99999999999999 321 174 270 174 BIODEGRADABLE 0
219 78 268 78 268 143 219 143 BIODEGRADABLE 0
200 130 249 130 249 197 200 197 BIODEGRADABLE 0
212 184 248 184 248 234 212 234 BIODEGRADABLE 0
210 237 242.00000000000003 237 242.00000000000003 278 210 278 BIODEGRADABLE 0
238.99999999999997 234 261 234 261 273 238.99999999999997 273 BIODEGRADABLE 0
224 271 260 271 260 319 224 319 BIODEGRADABLE 0
252.99999999999997 301 289 301 289 351 252.99999999999997 351 BIODEGRADABLE 0
257 345 281 345 281 367 257 367 BIODEGRADABLE 0
235 349 270 349 270 401 235 401 BIODEGRADABLE 0
232 384 254.00000000000003 384 254.00000000000003 406 232 406 BIODEGRADABLE 0
208 338 239.99999999999997 338 239.99999999999997 375 208 375 BIODEGRADABLE 0
222 319 256 319 256 356 222 356 BIODEGRADABLE 0
199 304 223 304 223 341 199 341 BIODEGRADABLE 0
192 74 229.00000000000003 74 229.00000000000003 125.99999999999999 192 125.99999999999999 BIODEGRADABLE 0
157 89 199 89 199 143 157 143 BIODEGRADABLE 0
149 124 191 124 191 180 149 180 BIODEGRADABLE 0
114.00000000000001 150 140 150 140 187 114.00000000000001 187 BIODEGRADABLE 0
141 184 165 184 165 221 141 221 BIODEGRADABLE 0
125.99999999999999 217 169 217 169 277 125.99999999999999 277 BIODEGRADABLE 0
156 252.99999999999997 184 252.99999999999997 184 299 156 299 BIODEGRADABLE 0
181 275 208 275 208 293 181 293 BIODEGRADABLE 0
179 243 212.99999999999997 243 212.99999999999997 282 179 282 BIODEGRADABLE 0
170 224 194 224 194 256 170 256 BIODEGRADABLE 0
84 200 127.00000000000001 200 127.00000000000001 251.99999999999997 84 251.99999999999997 BIODEGRADABLE 0
99 189 142 189 142 228.00000000000003 99 228.00000000000003 BIODEGRADABLE 0
66 182 94 182 94 219 66 219 BIODEGRADABLE 0
42 191 78 191 78 237 42 237 BIODEGRADABLE 0
68 224 100 224 100 265 68 265 BIODEGRADABLE 0
82 267 110 267 110 304 82 304 BIODEGRADABLE 0
106 282 140 282 140 336 106 336 BIODEGRADABLE 0
129 328 156 328 156 362 129 362 BIODEGRADABLE 0
140 291 156 291 156 323 140 323 BIODEGRADABLE 0
116 331 127.00000000000001 331 127.00000000000001 349 116 349 BIODEGRADABLE 0
92 304 111 304 111 341 92 341 BIODEGRADABLE 0
70 315 94 315 94 349 70 349 BIODEGRADABLE 0
58 332 80 332 80 358 58 358 BIODEGRADABLE 0
52 302 86 302 86 334 52 334 BIODEGRADABLE 0
29.999999999999996 325 54.00000000000001 325 54.00000000000001 351 29.999999999999996 351 BIODEGRADABLE 0
26 293 56 293 56 325 26 325 BIODEGRADABLE 0
41 405 68 405 68 415 41 415 BIODEGRADABLE 0
40 382 67 382 67 412 40 412 BIODEGRADABLE 0
27.000000000000004 351 54.00000000000001 351 54.00000000000001 388 27.000000000000004 388 BIODEGRADABLE 0
19 382 41 382 41 410 19 410 BIODEGRADABLE 0
5 362 27.000000000000004 362 27.000000000000004 392 5 392 BIODEGRADABLE 0
1 384 35 384 35 415 1 415 BIODEGRADABLE 0
1 337 27.000000000000004 337 27.000000000000004 397 1 397 BIODEGRADABLE 0
226.99999999999997 338 410 338 410 415 226.99999999999997 415 BIODEGRADABLE 0
327 308 415 308 415 390 327 390 BIODEGRADABLE 0
385 245 415 245 415 328 385 328 BIODEGRADABLE 0