401 13 415 13 415 171 401 171 BIODEGRADABLE 0
352 3 415 3 415 42 352 42 BIODEGRADABLE 0
336 39 402 39 402 209 336 209 BIODEGRADABLE 0
373 174 415 174 415 309 373 309 BIODEGRADABLE 0
362 210 377 210 377 243 362 243 BIODEGRADABLE 0
354 374 415 374 415 415 354 415 BIODEGRADABLE 0
315 216.00000000000003 373 216.00000000000003 373 354 315 354 BIODEGRADABLE 0
298 119.99999999999999 353 119.99999999999999 353 251.99999999999997 298 251.99999999999997 BIODEGRADABLE 0
293 3 351 3 351 132 293 132 BIODEGRADABLE 0
260 24 302 24 302 144 260 144 BIODEGRADABLE 0
274 147 320 147 320 267 274 267 BIODEGRADABLE 0
250 245 310 245 310 383 250 383 BIODEGRADABLE 0
222 165 272 165 272 291 222 291 BIODEGRADABLE 0
238.99999999999997 81 282 81 282 174 238.99999999999997 174 BIODEGRADABLE 0
217 288 263 288 263 392 217 392 BIODEGRADABLE 0
208 222 228.00000000000003 222 228.00000000000003 300 208 300 BIODEGRADABLE 0
215.00000000000003 132 241.00000000000003 132 241.00000000000003 204 215.00000000000003 204 BIODEGRADABLE 0
170 198 241.00000000000003 198 241.00000000000003 396 170 396 BIODEGRADABLE 0
182 180 212.99999999999997 180 212.99999999999997 249 182 249 BIODEGRADABLE 0
146 222 225.99999999999997 222 225.99999999999997 390 146 390 BIODEGRADABLE 0
128 239.99999999999997 203 239.99999999999997 203 404 128 404 BIODEGRADABLE 0
110 263 184 263 184 407 110 407 BIODEGRADABLE 0
21 386 115 386 115 415 21 415 BIODEGRADABLE 0
43 356 144 356 144 401 43 401 BIODEGRADABLE 0
62.99999999999999 329 133 329 133 359 62.99999999999999 359 BIODEGRADABLE 0
91 308 121.00000000000001 308 121.00000000000001 329 91 329 BIODEGRADABLE 0
0 326 29 326 29 371 0 371 BIODEGRADABLE 0
4 291 21 291 21 330 4 330 BIODEGRADABLE 0
6 267 21 267 21 300 6 300 BIODEGRADABLE 0
20 237 37 237 37 333 20 333 BIODEGRADABLE 0
34 204 47 204 47 320 34 320 BIODEGRADABLE 0
49 207 64 207 64 300 49 300 BIODEGRADABLE 0
62 231 77 231 77 282 62 282 BIODEGRADABLE 0
45 141 72 141 72 225 45 225 BIODEGRADABLE 0
70 174 85 174 85 264 70 264 BIODEGRADABLE 0
77 153 97 153 97 231 77 231 BIODEGRADABLE 0
96 171 114.00000000000001 171 114.00000000000001 228.00000000000003 96 228.00000000000003 BIODEGRADABLE 0
106 117 146 117 146 192 106 192 BIODEGRADABLE 0
94 59.99999999999999 142 59.99999999999999 142 135 94 135 BIODEGRADABLE 0
65 90 101 90 101 177 65 177 BIODEGRADABLE 0
145 59.99999999999999 178 59.99999999999999 178 132 145 132 BIODEGRADABLE 0
136 6 172 6 172 84 136 84 BIODEGRADABLE 0
108.00000000000001 3 154 3 154 69 108.00000000000001 69 BIODEGRADABLE 0
166 3 180 3 180 39 166 39 BIODEGRADABLE 0
175 33 195 33 195 81 175 81 BIODEGRADABLE 0
192 3 217 3 217 42 192 42 BIODEGRADABLE 0
21 87 50 87 50 138 21 138 BIODEGRADABLE 0
6 117 35 117 35 195 6 195 BIODEGRADABLE 0
0 51 21 51 21 125.99999999999999 0 125.99999999999999 BIODEGRADABLE 0
10 24 39 24 39 93 10 93 BIODEGRADABLE 0
1 2 14.999999999999998 2 14.999999999999998 54.00000000000001 1 54.00000000000001 BIODEGRADABLE 0
1 122 8 122 8 150 1 150 BIODEGRADABLE 0
0 156 13 156 13 192 0 192 BIODEGRADABLE 0
34 3 78 3 78 87 34 87 BIODEGRADABLE 0
66 3 100 3 100 33 66 33 BIODEGRADABLE 0
13 3 59 3 59 123 13 123 BIODEGRADABLE 0