131 139 229.00000000000003 139 229.00000000000003 287 131 287 BIODEGRADABLE 0
215.00000000000003 237 299 237 299 371 215.00000000000003 371 BIODEGRADABLE 0
319 196 395 196 395 303 319 303 BIODEGRADABLE 0
368 46 415 46 415 234 368 234 BIODEGRADABLE 0
298 105 352 105 352 217 298 217 BIODEGRADABLE 0
401 84 415 84 415 152 401 152 BIODEGRADABLE 0
316 0 360 0 360 114.00000000000001 316 114.00000000000001 BIODEGRADABLE 0
264 1 409 1 409 257 264 257 BIODEGRADABLE 0
159 286 196 286 196 414 159 414 BIODEGRADABLE 0
198 330 230 330 230 414 198 414 BIODEGRADABLE 0
252.99999999999997 286 344 286 344 414 252.99999999999997 414 BIODEGRADABLE 0
210 80 271 80 271 221 210 221 BIODEGRADABLE 0
217 1 292 1 292 91 217 91 BIODEGRADABLE 0
246 1 294 1 294 16 246 16 BIODEGRADABLE 0
137 1 221 1 221 150 137 150 BIODEGRADABLE 0
100 0 414 0 414 414 100 414 METAL 0