298 74 386 74 386 134 298 134 BIODEGRADABLE 0
226.99999999999997 99 415 99 415 148 226.99999999999997 148 BIODEGRADABLE 0
201 148 390 148 390 217 201 217 BIODEGRADABLE 0
43 140 183 140 183 222 43 222 BIODEGRADABLE 0
3 185 119 185 119 300 3 300 BIODEGRADABLE 0
135 213.99999999999997 310 213.99999999999997 310 312 135 312 BIODEGRADABLE 0
324 205 415 205 415 289 324 289 BIODEGRADABLE 0
182 265 364 265 364 387 182 387 BIODEGRADABLE 0
2 276 175 276 175 380 2 380 BIODEGRADABLE 0
71 340 221 340 221 415 71 415 BIODEGRADABLE 0
2 363 70 363 70 415 2 415 BIODEGRADABLE 0
222 356 360 356 360 415 222 415 BIODEGRADABLE 0
340 300 415 300 415 385 340 385 BIODEGRADABLE 0