129 94 288 94 288 264 129 264 BIODEGRADABLE 0
307 198 415 198 415 339 307 339 BIODEGRADABLE 0
336 316 389 316 389 364 336 364 BIODEGRADABLE 0
238 268 312 268 312 346 238 346 BIODEGRADABLE 0
198 251.99999999999997 250 251.99999999999997 250 350 198 350 BIODEGRADABLE 0
215.00000000000003 344 280 344 280 378 215.00000000000003 378 BIODEGRADABLE 0
176 364 213.99999999999997 364 213.99999999999997 402 176 402 BIODEGRADABLE 0
200 362 401 362 401 414 200 414 BIODEGRADABLE 0
374 301 415 301 415 387 374 387 BIODEGRADABLE 0
11 136 217 136 217 414 11 414 BIODEGRADABLE 0
1 291 17 291 17 414 1 414 BIODEGRADABLE 0
44 132 168 132 168 266 44 266 BIODEGRADABLE 0
0 223 59 223 59 337 0 337 BIODEGRADABLE 0
0 80 82 80 82 168 0 168 BIODEGRADABLE 0
0 130 71 130 71 234 0 234 BIODEGRADABLE 0
268 193 354 193 354 255.00000000000003 268 255.00000000000003 BIODEGRADABLE 0
286 109 366 109 366 202 286 202 BIODEGRADABLE 0
271 114.00000000000001 383 114.00000000000001 383 200 271 200 BIODEGRADABLE 0
383 119 415 119 415 205 383 205 BIODEGRADABLE 0
269 105 395 105 395 171 269 171 BIODEGRADABLE 0
297 29.999999999999996 356 29.999999999999996 356 112 297 112 BIODEGRADABLE 0
282 5 409 5 409 114.00000000000001 282 114.00000000000001 BIODEGRADABLE 0
245 43 291 43 291 100 245 100 BIODEGRADABLE 0
212 20 278 20 278 98 212 98 BIODEGRADABLE 0
155 57.00000000000001 211 57.00000000000001 211 93 155 93 BIODEGRADABLE 0
104 32 212 32 212 89 104 89 BIODEGRADABLE 0
12 34 94 34 94 77 12 77 BIODEGRADABLE 0
81 59 164 59 164 141 81 141 BIODEGRADABLE 0
23 16 103 16 103 62 23 62 BIODEGRADABLE 0
0 46 24 46 24 82 0 82 BIODEGRADABLE 0