241.00000000000003 14.999999999999998 415 14.999999999999998 415 217 241.00000000000003 217 BIODEGRADABLE 0
0 66 251.99999999999997 66 251.99999999999997 245 0 245 BIODEGRADABLE 0
222 185 414 185 414 315 222 315 BIODEGRADABLE 0
329 292 414 292 414 372 329 372 BIODEGRADABLE 0
343 355 415 355 415 415 343 415 BIODEGRADABLE 0
283 374 373 374 373 416 283 416 BIODEGRADABLE 0
0 209 329 209 329 394 0 394 BIODEGRADABLE 0
14 209 176 209 176 361 14 361 BIODEGRADABLE 0
59 326 181 326 181 416 59 416 BIODEGRADABLE 0
0 358 288 358 288 415 0 415 BIODEGRADABLE 0
0 334 61 334 61 415 0 415 BIODEGRADABLE 0
2 235 28 235 28 329 2 329 BIODEGRADABLE 0
0 67 85 67 85 224 0 224 BIODEGRADABLE 0