28 87 117 87 117 280 28 280 BIODEGRADABLE 0
32 315 88 315 88 389 32 389 BIODEGRADABLE 0
164 285 211 285 211 364 164 364 BIODEGRADABLE 0
243 320 252.99999999999997 320 252.99999999999997 347 243 347 BIODEGRADABLE 0
228.00000000000003 315 242.00000000000003 315 242.00000000000003 342 228.00000000000003 342 BIODEGRADABLE 0
217 312 228.00000000000003 312 228.00000000000003 337 217 337 BIODEGRADABLE 0
223 300 237 300 237 318 223 318 BIODEGRADABLE 0
236 297 250 297 250 317 236 317 BIODEGRADABLE 0
254.00000000000003 325 262 325 262 337 254.00000000000003 337 BIODEGRADABLE 0
257 337 263 337 263 352 257 352 BIODEGRADABLE 0
251.99999999999997 337 257 337 257 357 251.99999999999997 357 BIODEGRADABLE 0
259 339 275 339 275 357 259 357 BIODEGRADABLE 0
261 354 273 354 273 381 261 381 BIODEGRADABLE 0
249 362 261 362 261 389 249 389 BIODEGRADABLE 0
236 369 251.99999999999997 369 251.99999999999997 396 236 396 BIODEGRADABLE 0
225 359 237 359 237 381 225 381 BIODEGRADABLE 0
238.99999999999997 342 251 342 251 367 238.99999999999997 367 BIODEGRADABLE 0
228.00000000000003 337 238.99999999999997 337 238.99999999999997 355 228.00000000000003 355 BIODEGRADABLE 0
215.00000000000003 334 225.99999999999997 334 225.99999999999997 359 215.00000000000003 359 BIODEGRADABLE 0
86 292 151 292 151 414 86 414 BIODEGRADABLE 0
108.00000000000001 350 179 350 179 414 108.00000000000001 414 BIODEGRADABLE 0
125 169 150 169 150 241.00000000000003 125 241.00000000000003 BIODEGRADABLE 0
140 181 169 181 169 215.00000000000003 140 215.00000000000003 BIODEGRADABLE 0
163 201 197 201 197 228.00000000000003 163 228.00000000000003 BIODEGRADABLE 0
180 84 232 84 232 208 180 208 BIODEGRADABLE 0
98 55 183 55 183 199 98 199 BIODEGRADABLE 0
21 59 99 59 99 171 21 171 BIODEGRADABLE 0
4 1 81 1 81 104 4 104 BIODEGRADABLE 0
78 1 154 1 154 104 78 104 BIODEGRADABLE 0
110 233 266 233 266 329 110 329 BIODEGRADABLE 0
233 186 261 186 261 252.99999999999997 233 252.99999999999997 BIODEGRADABLE 0
260 166 286 166 286 250 260 250 BIODEGRADABLE 0
274 304 415 304 415 415 274 415 BIODEGRADABLE 0
269 251.99999999999997 415 251.99999999999997 415 377 269 377 BIODEGRADABLE 0
290 193 415 193 415 296 290 296 BIODEGRADABLE 0
317 153 415 153 415 234 317 234 BIODEGRADABLE 0
245 0 415 0 415 140 245 140 BIODEGRADABLE 0
234 104 415 104 415 197 234 197 BIODEGRADABLE 0
144 1 273 1 273 97 144 97 BIODEGRADABLE 0