27.000000000000004 361 43 361 43 414 27.000000000000004 414 BIODEGRADABLE 0
39 385 77 385 77 414 39 414 BIODEGRADABLE 0
78 364 119.99999999999999 364 119.99999999999999 414 78 414 BIODEGRADABLE 0
119 381 137 381 137 414 119 414 BIODEGRADABLE 0
138 357 170 357 170 414 138 414 BIODEGRADABLE 0
167 376 201 376 201 414 167 414 BIODEGRADABLE 0
212 374 246 374 246 414 212 414 BIODEGRADABLE 0
186 330 225.99999999999997 330 225.99999999999997 385 186 385 BIODEGRADABLE 0
156 302 194 302 194 366 156 366 BIODEGRADABLE 0
142 304 170 304 170 339 142 339 BIODEGRADABLE 0
131 256 170 256 170 313 131 313 BIODEGRADABLE 0
104 295 142 295 142 363 104 363 BIODEGRADABLE 0
70 287 109 287 109 355 70 355 BIODEGRADABLE 0
42 339 103 339 103 392 42 392 BIODEGRADABLE 0
27.000000000000004 293 53 293 53 363 27.000000000000004 363 BIODEGRADABLE 0
35 264 81 264 81 341 35 341 BIODEGRADABLE 0
69 258 108.00000000000001 258 108.00000000000001 286 69 286 BIODEGRADABLE 0
98 278 128 278 128 304 98 304 BIODEGRADABLE 0
111 226.99999999999997 151 226.99999999999997 151 277 111 277 BIODEGRADABLE 0
150 234 178 234 178 284 150 284 BIODEGRADABLE 0
177 229.00000000000003 223 229.00000000000003 223 293 177 293 BIODEGRADABLE 0
193 291 229.00000000000003 291 229.00000000000003 331 193 331 BIODEGRADABLE 0
198 199 234 199 234 247 198 247 BIODEGRADABLE 0
206 148 242.00000000000003 148 242.00000000000003 198 206 198 BIODEGRADABLE 0
200 101 246 101 246 154 200 154 BIODEGRADABLE 0
176 139 212 139 212 181 176 181 BIODEGRADABLE 0
152 174 200 174 200 238 152 238 BIODEGRADABLE 0
139 159 179 159 179 209 139 209 BIODEGRADABLE 0
116 168 147 168 147 225 116 225 BIODEGRADABLE 0
83 207 128 207 128 267 83 267 BIODEGRADABLE 0
27.000000000000004 194 81 194 81 264 27.000000000000004 264 BIODEGRADABLE 0
27.000000000000004 239.99999999999997 43 239.99999999999997 43 293 27.000000000000004 293 BIODEGRADABLE 0
27.000000000000004 170 58 170 58 213.99999999999997 27.000000000000004 213.99999999999997 BIODEGRADABLE 0
62.99999999999999 147 112.99999999999999 147 112.99999999999999 207 62.99999999999999 207 BIODEGRADABLE 0
95 185 115 185 115 207 95 207 BIODEGRADABLE 0
92 93 145 93 145 168 92 168 BIODEGRADABLE 0
83 119 119 119 119 176 83 176 BIODEGRADABLE 0
48 59.99999999999999 92 59.99999999999999 92 128 48 128 BIODEGRADABLE 0
27.000000000000004 97 75 97 75 172 27.000000000000004 172 BIODEGRADABLE 0
27.000000000000004 77 53 77 53 101 27.000000000000004 101 BIODEGRADABLE 0
29.999999999999996 31 46 31 46 77 29.999999999999996 77 BIODEGRADABLE 0
125.99999999999999 47 176 47 176 104 125.99999999999999 104 BIODEGRADABLE 0
173 77 203 77 203 119 173 119 BIODEGRADABLE 0
203 77 231 77 231 115 203 115 BIODEGRADABLE 0
206 22 239.99999999999997 22 239.99999999999997 79 206 79 BIODEGRADABLE 0
192 25 222 25 222 75 192 75 BIODEGRADABLE 0
164 40 194 40 194 75 164 75 BIODEGRADABLE 0
134 1 185 1 185 44 134 44 BIODEGRADABLE 0
123 20 148 20 148 55 123 55 BIODEGRADABLE 0
98 1 141 1 141 24 98 24 BIODEGRADABLE 0
69 13 128 13 128 97 69 97 BIODEGRADABLE 0
55 0 94 0 94 18 55 18 BIODEGRADABLE 0
27.000000000000004 1 53 1 53 29 27.000000000000004 29 BIODEGRADABLE 0
43 9 69 9 69 57.00000000000001 43 57.00000000000001 BIODEGRADABLE 0
179 1 210 1 210 38 179 38 BIODEGRADABLE 0
207 1 238.99999999999997 1 238.99999999999997 22 207 22 BIODEGRADABLE 0
252.99999999999997 213.99999999999997 285 213.99999999999997 285 262 252.99999999999997 262 BIODEGRADABLE 0
257 267 291 267 291 324 257 324 BIODEGRADABLE 0
262 321 294 321 294 383 262 383 BIODEGRADABLE 0
278 372 310 372 310 414 278 414 BIODEGRADABLE 0
295 364 329 364 329 399 295 399 BIODEGRADABLE 0
309 394 335 394 335 414 309 414 BIODEGRADABLE 0
327 374 363 374 363 414 327 414 BIODEGRADABLE 0
362 403 382 403 382 414 362 414 BIODEGRADABLE 0
354 343 390 343 390 403 354 403 BIODEGRADABLE 0
379 394 403 394 403 414 379 414 BIODEGRADABLE 0
388 341 415 341 415 414 388 414 BIODEGRADABLE 0
365 308 405 308 405 348 365 348 BIODEGRADABLE 0
408 330 415 330 415 344 408 344 BIODEGRADABLE 0
334 291 379 291 379 333 334 333 BIODEGRADABLE 0
321 311 363 311 363 375 321 375 BIODEGRADABLE 0
288 304 324 304 324 363 288 363 BIODEGRADABLE 0
306 260 338 260 338 313 306 313 BIODEGRADABLE 0
278 231 323 231 323 295 278 295 BIODEGRADABLE 0
335 247 379 247 379 295 335 295 BIODEGRADABLE 0
374 260 400 260 400 308 374 308 BIODEGRADABLE 0
398 282 416 282 416 332 398 332 BIODEGRADABLE 0
385 225.99999999999997 415 225.99999999999997 415 289 385 289 BIODEGRADABLE 0
365 201 404 201 404 249 365 249 BIODEGRADABLE 0
392 170 415 170 415 225 392 225 BIODEGRADABLE 0
399 125 415 125 415 168 399 168 BIODEGRADABLE 0
399 72 415 72 415 125.99999999999999 399 125.99999999999999 BIODEGRADABLE 0
389 38 415 38 415 75 389 75 BIODEGRADABLE 0
406 7 415 7 415 49 406 49 BIODEGRADABLE 0
382 18 404 18 404 56 382 56 BIODEGRADABLE 0
379 64 397 64 397 106 379 106 BIODEGRADABLE 0
377 108.00000000000001 407 108.00000000000001 407 156 377 156 BIODEGRADABLE 0
360 143 399 143 399 187 360 187 BIODEGRADABLE 0
343 178 375 178 375 220 343 220 BIODEGRADABLE 0
370 183 396 183 396 201 370 201 BIODEGRADABLE 0
339 71 379 71 379 124 339 124 BIODEGRADABLE 0
357 117 381 117 381 148 357 148 BIODEGRADABLE 0
354 20 382 20 382 75 354 75 BIODEGRADABLE 0
363 1 396 1 396 24 363 24 BIODEGRADABLE 0
332 1 364 1 364 20 332 20 BIODEGRADABLE 0
321 20 361 20 361 68 321 68 BIODEGRADABLE 0
309 62 343 62 343 117 309 117 BIODEGRADABLE 0
326 112.99999999999999 360 112.99999999999999 360 148 326 148 BIODEGRADABLE 0
316 137 360 137 360 199 316 199 BIODEGRADABLE 0
310 112.99999999999999 326 112.99999999999999 326 146 310 146 BIODEGRADABLE 0
278 125.99999999999999 320 125.99999999999999 320 179 278 179 BIODEGRADABLE 0
287 179 327 179 327 229.00000000000003 287 229.00000000000003 BIODEGRADABLE 0
287 218 335 218 335 256 287 256 BIODEGRADABLE 0
331 209 362 209 362 255.00000000000003 331 255.00000000000003 BIODEGRADABLE 0
324 194 346 194 346 216.00000000000003 324 216.00000000000003 BIODEGRADABLE 0
262 190 284 190 284 218 262 218 BIODEGRADABLE 0
256 148 282 148 282 194 256 194 BIODEGRADABLE 0
274 82 312 82 312 132 274 132 BIODEGRADABLE 0
262 84 280 84 280 124 262 124 BIODEGRADABLE 0
260 124 282 124 282 152 260 152 BIODEGRADABLE 0
262 31 296 31 296 84 262 84 BIODEGRADABLE 0
294 27.000000000000004 326 27.000000000000004 326 80 294 80 BIODEGRADABLE 0
272 1 306 1 306 35 272 35 BIODEGRADABLE 0
302 1 335 1 335 24 302 24 BIODEGRADABLE 0