27.000000000000004 67 105 67 105 243 27.000000000000004 243 BIODEGRADABLE 0
34 13 101 13 101 75 34 75 BIODEGRADABLE 0
50 2 166 2 166 69 50 69 BIODEGRADABLE 0
99 51 226.99999999999997 51 226.99999999999997 301 99 301 BIODEGRADABLE 0
28 202 86 202 86 278 28 278 BIODEGRADABLE 0
57.00000000000001 268 65 268 65 286 57.00000000000001 286 BIODEGRADABLE 0
2 258 29 258 29 288 2 288 BIODEGRADABLE 0
2 189 29 189 29 255.00000000000003 2 255.00000000000003 BIODEGRADABLE 0
2 130 22 130 22 199 2 199 BIODEGRADABLE 0
77 243 112.99999999999999 243 112.99999999999999 281 77 281 BIODEGRADABLE 0
131 307 196 307 196 365 131 365 BIODEGRADABLE 0
101 237 205 237 205 324 101 324 BIODEGRADABLE 0
208 217 279 217 279 332 208 332 BIODEGRADABLE 0
254.00000000000003 153 370 153 370 281 254.00000000000003 281 BIODEGRADABLE 0
211 161 258 161 258 217 211 217 BIODEGRADABLE 0
169 3 341 3 341 164 169 164 BIODEGRADABLE 0
324 3 364 3 364 36 324 36 BIODEGRADABLE 0
304 3 416 3 416 220 304 220 BIODEGRADABLE 0
103 365 172 365 172 393 103 393 BIODEGRADABLE 0
189 324 224 324 224 408 189 408 BIODEGRADABLE 0
95 360 194 360 194 415 95 415 BIODEGRADABLE 0
309 250 409 250 409 271 309 271 BIODEGRADABLE 0
341 217 415 217 415 251 341 251 BIODEGRADABLE 0