293 114.00000000000001 341 114.00000000000001 341 192 293 192 BIODEGRADABLE 0
311 180 337 180 337 232 311 232 BIODEGRADABLE 0
269 230 314 230 314 280 269 280 BIODEGRADABLE 0
251.99999999999997 159 312 159 312 255.00000000000003 251.99999999999997 255.00000000000003 BIODEGRADABLE 0
237 86 295 86 295 166 237 166 BIODEGRADABLE 0
201 142 254.00000000000003 142 254.00000000000003 230 201 230 BIODEGRADABLE 0
241.00000000000003 213.99999999999997 262 213.99999999999997 262 236 241.00000000000003 236 BIODEGRADABLE 0
222 236 268 236 268 316 222 316 BIODEGRADABLE 0
254.00000000000003 268 278 268 278 314 254.00000000000003 314 BIODEGRADABLE 0
187 282 243 282 243 375 187 375 BIODEGRADABLE 0
122 260 187 260 187 348 122 348 BIODEGRADABLE 0
167 207 223 207 223 282 167 282 BIODEGRADABLE 0
154 134 199 134 199 213.99999999999997 154 213.99999999999997 BIODEGRADABLE 0
175 64 228.00000000000003 64 228.00000000000003 157 175 157 BIODEGRADABLE 0
112.99999999999999 91 169 91 169 177 112.99999999999999 177 BIODEGRADABLE 0
131 175 167 175 167 257 131 257 BIODEGRADABLE 0
74 201 140 201 140 289 74 289 BIODEGRADABLE 0
105 144 133 144 133 196 105 196 BIODEGRADABLE 0