2 380 68 380 68 414 2 414 BIODEGRADABLE 0
2 305 23 305 23 414 2 414 BIODEGRADABLE 0
18 325 115 325 115 400 18 400 BIODEGRADABLE 0
11 364 97 364 97 414 11 414 BIODEGRADABLE 0
64 271 182 271 182 369 64 369 BIODEGRADABLE 0
2 148 132 148 132 332 2 332 BIODEGRADABLE 0
23 69 95 69 95 171 23 171 BIODEGRADABLE 0
2 137 38 137 38 205 2 205 BIODEGRADABLE 0
1 71 41 71 41 143 1 143 BIODEGRADABLE 0
1 0 41 0 41 75 1 75 BIODEGRADABLE 0
61 39 127.00000000000001 39 127.00000000000001 121.00000000000001 61 121.00000000000001 BIODEGRADABLE 0
38 37 96 37 96 75 38 75 BIODEGRADABLE 0
17 0 139 0 139 37 17 37 BIODEGRADABLE 0
122 0 155 0 155 46 122 46 BIODEGRADABLE 0
103 39 205 39 205 162 103 162 BIODEGRADABLE 0
83 110 192 110 192 230 83 230 BIODEGRADABLE 0
174 264 270 264 270 414 174 414 BIODEGRADABLE 0
174 360 198 360 198 414 174 414 BIODEGRADABLE 0
141 368 185 368 185 414 141 414 BIODEGRADABLE 0
105 368 147 368 147 414 105 414 BIODEGRADABLE 0
250 278 334 278 334 414 250 414 BIODEGRADABLE 0
296 384 374 384 374 414 296 414 BIODEGRADABLE 0
327 241.00000000000003 387 241.00000000000003 387 398 327 398 BIODEGRADABLE 0
310 251 351 251 351 387 310 387 BIODEGRADABLE 0
221 210 315 210 315 330 221 330 BIODEGRADABLE 0
194 148 248 148 248 312 194 312 BIODEGRADABLE 0
238 169 297 169 297 271 238 271 BIODEGRADABLE 0
292 159 352 159 352 255.00000000000003 292 255.00000000000003 BIODEGRADABLE 0
263 32 325 32 325 200 263 200 BIODEGRADABLE 0
155 2 267 2 267 168 155 168 BIODEGRADABLE 0
209 2 273 2 273 116 209 116 BIODEGRADABLE 0
229.00000000000003 1 300 1 300 89 229.00000000000003 89 BIODEGRADABLE 0
282 0 353 0 353 48 282 48 BIODEGRADABLE 0
321 1 374 1 374 205 321 205 BIODEGRADABLE 0
347 164 394 164 394 207 347 207 BIODEGRADABLE 0
373 226.99999999999997 415 226.99999999999997 415 415 373 415 BIODEGRADABLE 0
362 378 378 378 378 414 362 414 BIODEGRADABLE 0
370 195 415 195 415 299 370 299 BIODEGRADABLE 0
379 257 397 257 397 287 379 287 BIODEGRADABLE 0
372 109 407 109 407 209 372 209 BIODEGRADABLE 0
406 143 416 143 416 218 406 218 BIODEGRADABLE 0
381 102 415 102 415 150 381 150 BIODEGRADABLE 0
364 0 415 0 415 118 364 118 BIODEGRADABLE 0
401 0 415 0 415 124 401 124 BIODEGRADABLE 0