274 105 390 105 390 285 274 285 BIODEGRADABLE 0
390 42 415 42 415 210 390 210 BIODEGRADABLE 0
299 3 415 3 415 97 299 97 BIODEGRADABLE 0
246 18 332 18 332 178 246 178 BIODEGRADABLE 0
194 2 276 2 276 70 194 70 BIODEGRADABLE 0
142 47 260 47 260 215.00000000000003 142 215.00000000000003 BIODEGRADABLE 0
40 3 182 3 182 86 40 86 BIODEGRADABLE 0
18 35 124 35 124 186 18 186 BIODEGRADABLE 0
0 4 52 4 52 90 0 90 BIODEGRADABLE 0
0 110 74 110 74 346 0 346 BIODEGRADABLE 0
58 176 199 176 199 368 58 368 BIODEGRADABLE 0
193 154 277 154 277 254.00000000000003 193 254.00000000000003 BIODEGRADABLE 0
311 238 415 238 415 416 311 416 BIODEGRADABLE 0
184 262 302 262 302 415 184 415 BIODEGRADABLE 0
304 343 363 343 363 415 304 415 BIODEGRADABLE 0
290 280 340 280 340 348 290 348 BIODEGRADABLE 0
142 354 224 354 224 415 142 415 BIODEGRADABLE 0
3 335 138 335 138 415 3 415 BIODEGRADABLE 0
0 313 61 313 61 399 0 399 BIODEGRADABLE 0