335 1 380 1 380 24 335 24 BIODEGRADABLE 0
382 1 414 1 414 11 382 11 BIODEGRADABLE 0
394 5 414 5 414 26 394 26 BIODEGRADABLE 0
352 14.999999999999998 398 14.999999999999998 398 48 352 48 BIODEGRADABLE 0
386 33 414 33 414 66 386 66 BIODEGRADABLE 0
391 70 414 70 414 100 391 100 BIODEGRADABLE 0
350 56 400 56 400 89 350 89 BIODEGRADABLE 0
316 36 371 36 371 80 316 80 BIODEGRADABLE 0
313 21 354 21 354 59 313 59 BIODEGRADABLE 0
302 82 350 82 350 112 302 112 BIODEGRADABLE 0
341 82 373 82 373 103 341 103 BIODEGRADABLE 0
364 88 412 88 412 118 364 118 BIODEGRADABLE 0
350 106 398 106 398 140 350 140 BIODEGRADABLE 0
384 124 414 124 414 157 384 157 BIODEGRADABLE 0
377 153 407 153 407 175 377 175 BIODEGRADABLE 0
364 165 398 165 398 192 364 192 BIODEGRADABLE 0
348 180 378 180 378 198 348 198 BIODEGRADABLE 0
318 184 350 184 350 204 318 204 BIODEGRADABLE 0
309 193 332 193 332 215.00000000000003 309 215.00000000000003 BIODEGRADABLE 0
325 196 361 196 361 223 325 223 BIODEGRADABLE 0
295 168 334 168 334 186 295 186 BIODEGRADABLE 0
298 151 334 151 334 171 298 171 BIODEGRADABLE 0
330 165 364 165 364 183 330 183 BIODEGRADABLE 0
327 148 363 148 363 166 327 166 BIODEGRADABLE 0
343 137 377 137 377 161 343 161 BIODEGRADABLE 0
311 110 350 110 350 140 311 140 BIODEGRADABLE 0
293 130 329 130 329 151 293 151 BIODEGRADABLE 0
267 118 295 118 295 142 267 142 BIODEGRADABLE 0
286 103 314 103 314 149 286 149 BIODEGRADABLE 0
279 80 302 80 302 106.99999999999999 279 106.99999999999999 BIODEGRADABLE 0
266 140 302 140 302 166 266 166 BIODEGRADABLE 0
256 140 270 140 270 158 256 158 BIODEGRADABLE 0
247 160 288 160 288 186 247 186 BIODEGRADABLE 0
268 178 316 178 316 206 268 206 BIODEGRADABLE 0
261 201 293 201 293 219 261 219 BIODEGRADABLE 0
234 192 268 192 268 208 234 208 BIODEGRADABLE 0
242.00000000000003 180 270 180 270 195 242.00000000000003 195 BIODEGRADABLE 0
293 209 309 209 309 219 293 219 BIODEGRADABLE 0
311 216.00000000000003 325 216.00000000000003 325 222 311 222 BIODEGRADABLE 0
321 220 341 220 341 234 321 234 BIODEGRADABLE 0
242.00000000000003 1 286 1 286 35 242.00000000000003 35 BIODEGRADABLE 0
197 5 241.00000000000003 5 241.00000000000003 33 197 33 BIODEGRADABLE 0
155 1 199 1 199 21 155 21 BIODEGRADABLE 0
147 12 195 12 195 54.00000000000001 147 54.00000000000001 BIODEGRADABLE 0
190 33 238 33 238 59.99999999999999 190 59.99999999999999 BIODEGRADABLE 0
233 35 274 35 274 61 233 61 BIODEGRADABLE 0
156 55 197 55 197 71 156 71 BIODEGRADABLE 0
188 62 229.00000000000003 62 229.00000000000003 84 188 84 BIODEGRADABLE 0
229.00000000000003 62 270 62 270 82 229.00000000000003 82 BIODEGRADABLE 0
217 82 258 82 258 104 217 104 BIODEGRADABLE 0
183 84 219 84 219 104 183 104 BIODEGRADABLE 0
153 73 194 73 194 91 153 91 BIODEGRADABLE 0
151 86 187 86 187 102 151 102 BIODEGRADABLE 0
147 100 179 100 179 118 147 118 BIODEGRADABLE 0
149 118 179 118 179 138 149 138 BIODEGRADABLE 0
147 138 179 138 179 154 147 154 BIODEGRADABLE 0
140 152 170 152 170 172 140 172 BIODEGRADABLE 0
139 168 167 168 167 183 139 183 BIODEGRADABLE 0
135 174 163 174 163 190 135 190 BIODEGRADABLE 0
135 189 165 189 165 201 135 201 BIODEGRADABLE 0
135 201 158 201 158 217 135 217 BIODEGRADABLE 0
179 101 212.99999999999997 101 212.99999999999997 121.00000000000001 179 121.00000000000001 BIODEGRADABLE 0
179 119 211 119 211 140 179 140 BIODEGRADABLE 0
176 137 210 137 210 157 176 157 BIODEGRADABLE 0
167 153 201 153 201 171 167 171 BIODEGRADABLE 0
165 168 183 168 183 178 165 178 BIODEGRADABLE 0
167 169 201 169 201 190 167 190 BIODEGRADABLE 0
165 186 190 186 190 204 165 204 BIODEGRADABLE 0
158 200 183 200 183 213.99999999999997 158 213.99999999999997 BIODEGRADABLE 0
158 212.99999999999997 178 212.99999999999997 178 226.99999999999997 158 226.99999999999997 BIODEGRADABLE 0
212.99999999999997 105 251.99999999999997 105 251.99999999999997 121.00000000000001 212.99999999999997 121.00000000000001 BIODEGRADABLE 0
211 119 243 119 243 134 211 134 BIODEGRADABLE 0
208 134 236 134 236 148 208 148 BIODEGRADABLE 0
201 148 233 148 233 163 201 163 BIODEGRADABLE 0
201 161 224 161 224 175 201 175 BIODEGRADABLE 0
197 175 220 175 220 185 197 185 BIODEGRADABLE 0
192 183 215.00000000000003 183 215.00000000000003 199 192 199 BIODEGRADABLE 0
185 199 210 199 210 213.99999999999997 185 213.99999999999997 BIODEGRADABLE 0
179 212.99999999999997 197 212.99999999999997 197 223 179 223 BIODEGRADABLE 0
261 219 277 219 277 233 261 233 BIODEGRADABLE 0
274 219 288 219 288 226.99999999999997 274 226.99999999999997 BIODEGRADABLE 0
267 220 311 220 311 244 267 244 BIODEGRADABLE 0
277 225 321 225 321 251 277 251 BIODEGRADABLE 0
277 235 313 235 313 261 277 261 BIODEGRADABLE 0
288 243 318 243 318 264 288 264 BIODEGRADABLE 0
197 263 225 263 225 285 197 285 BIODEGRADABLE 0
188 281 208 281 208 303 188 303 BIODEGRADABLE 0
206 285 225.99999999999997 285 225.99999999999997 303 206 303 BIODEGRADABLE 0
197 306 206 306 206 314 197 314 BIODEGRADABLE 0
165 309 197 309 197 330 165 330 BIODEGRADABLE 0
181 326 199 326 199 336 181 336 BIODEGRADABLE 0
138 320 172 320 172 348 138 348 BIODEGRADABLE 0
210 302 222 302 222 317 210 317 BIODEGRADABLE 0
197 309 225 309 225 333 197 333 BIODEGRADABLE 0
224 300 239.99999999999997 300 239.99999999999997 321 224 321 BIODEGRADABLE 0
218 247 238 247 238 271 218 271 BIODEGRADABLE 0
225 272 261 272 261 308 225 308 BIODEGRADABLE 0
239.99999999999997 237 272 237 272 290 239.99999999999997 290 BIODEGRADABLE 0
265 261 290 261 290 283 265 283 BIODEGRADABLE 0
222 213.99999999999997 247 213.99999999999997 247 247 222 247 BIODEGRADABLE 0
249 216.00000000000003 263 216.00000000000003 263 238 249 238 BIODEGRADABLE 0
243 238.99999999999997 268 238.99999999999997 268 273 243 273 BIODEGRADABLE 0
106 286 174 286 174 318 106 318 BIODEGRADABLE 0
21 267 78 267 78 294 21 294 BIODEGRADABLE 0
25 294 82 294 82 312 25 312 BIODEGRADABLE 0
51 319 85 319 85 347 51 347 BIODEGRADABLE 0
21 251.99999999999997 55 251.99999999999997 55 270 21 270 BIODEGRADABLE 0
33 239.99999999999997 53 239.99999999999997 53 255.00000000000003 33 255.00000000000003 BIODEGRADABLE 0
9 225.99999999999997 34 225.99999999999997 34 244 9 244 BIODEGRADABLE 0
0 184 32 184 32 206 0 206 BIODEGRADABLE 0
0 160 25 160 25 182 0 182 BIODEGRADABLE 0
0 137 14 137 14 158 0 158 BIODEGRADABLE 0
178 225 201 225 201 241.00000000000003 178 241.00000000000003 BIODEGRADABLE 0
167 225 190 225 190 259 167 259 BIODEGRADABLE 0
142 225.99999999999997 151 225.99999999999997 151 238 142 238 BIODEGRADABLE 0
103 190 115 190 115 218 103 218 BIODEGRADABLE 0
73 162 89 162 89 216.00000000000003 73 216.00000000000003 BIODEGRADABLE 0
83 161 101 161 101 219 83 219 BIODEGRADABLE 0
55 198 83 198 83 210 55 210 BIODEGRADABLE 0
53 172 71 172 71 187 53 187 BIODEGRADABLE 0
82 0 112 0 112 20 82 20 BIODEGRADABLE 0
78 20 110 20 110 40 78 40 BIODEGRADABLE 0
85 39 105 39 105 53 85 53 BIODEGRADABLE 0
83 56 108.00000000000001 56 108.00000000000001 70 83 70 BIODEGRADABLE 0
85 70 110 70 110 82 85 82 BIODEGRADABLE 0
92 83 112 83 112 97 92 97 BIODEGRADABLE 0
89 97 112 97 112 112 89 112 BIODEGRADABLE 0
57.00000000000001 2 82 2 82 22 57.00000000000001 22 BIODEGRADABLE 0
59.99999999999999 29.999999999999996 83 29.999999999999996 83 45 59.99999999999999 45 BIODEGRADABLE 0
64 45 82 45 82 59 64 59 BIODEGRADABLE 0
57.00000000000001 65 80 65 80 79 57.00000000000001 79 BIODEGRADABLE 0
67 78 87 78 87 92 67 92 BIODEGRADABLE 0
66 93 89 93 89 112.99999999999999 66 112.99999999999999 BIODEGRADABLE 0
69 114.00000000000001 89 114.00000000000001 89 124 69 124 BIODEGRADABLE 0
32 11 62 11 62 32 32 32 BIODEGRADABLE 0
39 38 59 38 59 53 39 53 BIODEGRADABLE 0
34 53 57.00000000000001 53 57.00000000000001 67 34 67 BIODEGRADABLE 0
44 72 64 72 64 86 44 86 BIODEGRADABLE 0
44 86 64 86 64 96 44 96 BIODEGRADABLE 0
44 96 53 96 53 104 44 104 BIODEGRADABLE 0
51 100 69 100 69 115 51 115 BIODEGRADABLE 0
46 115 64 115 64 127.00000000000001 46 127.00000000000001 BIODEGRADABLE 0
32 99 46 99 46 115 32 115 BIODEGRADABLE 0
29.999999999999996 1 59.99999999999999 1 59.99999999999999 5 29.999999999999996 5 BIODEGRADABLE 0
4 1 35 1 35 21 4 21 BIODEGRADABLE 0
0 1 17 1 17 29.999999999999996 0 29.999999999999996 BIODEGRADABLE 0
0 29 16 29 16 43 0 43 BIODEGRADABLE 0
0 44 14 44 14 53 0 53 BIODEGRADABLE 0
21 23 46 23 46 43 21 43 BIODEGRADABLE 0
16 41 41 41 41 57.00000000000001 16 57.00000000000001 BIODEGRADABLE 0
3 53 23 53 23 65 3 65 BIODEGRADABLE 0
3 65 19 65 19 75 3 75 BIODEGRADABLE 0
7 77 25 77 25 87 7 87 BIODEGRADABLE 0
18 59 41 59 41 85 18 85 BIODEGRADABLE 0
23 83 39 83 39 99 23 99 BIODEGRADABLE 0
16 112.99999999999999 48 112.99999999999999 48 139 16 139 BIODEGRADABLE 0
25 127.00000000000001 64 127.00000000000001 64 153 25 153 BIODEGRADABLE 0
55 136 75 136 75 154 55 154 BIODEGRADABLE 0
44 149 80 149 80 158 44 158 BIODEGRADABLE 0
53 157 71 157 71 173 53 173 BIODEGRADABLE 0
73 124 96 124 96 139 73 139 BIODEGRADABLE 0
78 137 96 137 96 149 78 149 BIODEGRADABLE 0
80 149 98 149 98 157 80 157 BIODEGRADABLE 0
92 112.99999999999999 115 112.99999999999999 115 137 92 137 BIODEGRADABLE 0
94 136 117 136 117 145 94 145 BIODEGRADABLE 0
99 145 115 145 115 153 99 153 BIODEGRADABLE 0
99 152 115 152 115 160 99 160 BIODEGRADABLE 0