2 86 48 86 48 414 2 414 BIODEGRADABLE 0
20 93 64 93 64 237 20 237 BIODEGRADABLE 0
64 170 106.99999999999999 170 106.99999999999999 414 64 414 BIODEGRADABLE 0
97 179 146 179 146 414 97 414 BIODEGRADABLE 0
124 93 190 93 190 414 124 414 BIODEGRADABLE 0
177 109 257 109 257 414 177 414 BIODEGRADABLE 0
191 260 225 260 225 414 191 414 BIODEGRADABLE 0
216.00000000000003 145 314 145 314 414 216.00000000000003 414 BIODEGRADABLE 0
206 124 334 124 334 414 206 414 BIODEGRADABLE 0
232 68 360 68 360 414 232 414 BIODEGRADABLE 0
300 133 415 133 415 393 300 393 BIODEGRADABLE 0
345 299 369 299 369 344 345 344 BIODEGRADABLE 0
281 76 415 76 415 272 281 272 BIODEGRADABLE 0
292 1 415 1 415 200 292 200 BIODEGRADABLE 0
375 62.99999999999999 415 62.99999999999999 415 130 375 130 BIODEGRADABLE 0
342 1 415 1 415 71 342 71 BIODEGRADABLE 0
261 0 343 0 343 23 261 23 BIODEGRADABLE 0
157 1 293 1 293 79 157 79 BIODEGRADABLE 0
79 1 228.00000000000003 1 228.00000000000003 125 79 125 BIODEGRADABLE 0
0 1 127.00000000000001 1 127.00000000000001 186 0 186 BIODEGRADABLE 0