259 82 319 82 319 148 259 148 BIODEGRADABLE 0
247 102 289 102 289 158 247 158 BIODEGRADABLE 0
287 148 321 148 321 199 287 199 BIODEGRADABLE 0
264 207 321 207 321 251.99999999999997 264 251.99999999999997 BIODEGRADABLE 0
284 238 326 238 326 268 284 268 BIODEGRADABLE 0
317 201 341 201 341 244 317 244 BIODEGRADABLE 0
255.00000000000003 248 305 248 305 287 255.00000000000003 287 BIODEGRADABLE 0
302 258 332 258 332 291 302 291 BIODEGRADABLE 0
267 277 302 277 302 307 267 307 BIODEGRADABLE 0
234 264 284 264 284 324 234 324 BIODEGRADABLE 0
116 277 224 277 224 359 116 359 BIODEGRADABLE 0
213.99999999999997 343 232 343 232 355 213.99999999999997 355 BIODEGRADABLE 0
225 328 289 328 289 344 225 344 BIODEGRADABLE 0
169 232 235 232 235 334 169 334 BIODEGRADABLE 0
161 215.00000000000003 245 215.00000000000003 245 248 161 248 BIODEGRADABLE 0
146 221 181 221 181 281 146 281 BIODEGRADABLE 0
94 201 154 201 154 277 94 277 BIODEGRADABLE 0
96 160 153 160 153 228.00000000000003 96 228.00000000000003 BIODEGRADABLE 0
79 187 114.00000000000001 187 114.00000000000001 228.00000000000003 79 228.00000000000003 BIODEGRADABLE 0
146 189 161 189 161 211 146 211 BIODEGRADABLE 0
144 86 265 86 265 232 144 232 BIODEGRADABLE 0
264 156 291 156 291 212 264 212 BIODEGRADABLE 0
138 68 239.99999999999997 68 239.99999999999997 124 138 124 BIODEGRADABLE 0
233 74 248 74 248 98 233 98 BIODEGRADABLE 0
139 74 151 74 151 94 139 94 BIODEGRADABLE 0
87 76 153 76 153 191 87 191 BIODEGRADABLE 0