90 298 268 298 268 414 90 414 BIODEGRADABLE 0
2 187 134 187 134 382 2 382 BIODEGRADABLE 0
74 94 230 94 230 322 74 322 BIODEGRADABLE 0
2 0 130 0 130 180 2 180 BIODEGRADABLE 0
2 146 79 146 79 221 2 221 BIODEGRADABLE 0
121.00000000000001 49 177 49 177 101 121.00000000000001 101 BIODEGRADABLE 0
118 0 180 0 180 50 118 50 BIODEGRADABLE 0
143 0 285 0 285 163 143 163 BIODEGRADABLE 0
122 52 146 52 146 97 122 97 BIODEGRADABLE 0
206 157 302 157 302 307 206 307 BIODEGRADABLE 0
289 206 415 206 415 415 289 415 BIODEGRADABLE 0
270 67 378 67 378 221 270 221 BIODEGRADABLE 0
286 1 382 1 382 99 286 99 BIODEGRADABLE 0
259 1 313 1 313 39 259 39 BIODEGRADABLE 0
382 17 415 17 415 128 382 128 BIODEGRADABLE 0
364 128 415 128 415 259 364 259 BIODEGRADABLE 0