376 386 414 386 414 415 376 415 BIODEGRADABLE 0
352 382 376 382 376 410 352 410 BIODEGRADABLE 0
320 383 354 383 354 413 320 413 BIODEGRADABLE 0
290 366 318 366 318 403 290 403 BIODEGRADABLE 0
251.99999999999997 381 292 381 292 409 251.99999999999997 409 BIODEGRADABLE 0
230 389 268 389 268 411 230 411 BIODEGRADABLE 0
202 402 232 402 232 415 202 415 BIODEGRADABLE 0
279 405 311 405 311 415 279 415 BIODEGRADABLE 0
168 395 206 395 206 415 168 415 BIODEGRADABLE 0
200 375 225.99999999999997 375 225.99999999999997 405 200 405 BIODEGRADABLE 0
155 370 195 370 195 394 155 394 BIODEGRADABLE 0
119.99999999999999 386 170 386 170 415 119.99999999999999 415 BIODEGRADABLE 0
80 384 127.00000000000001 384 127.00000000000001 413 80 413 BIODEGRADABLE 0
50 384 82 384 82 412 50 412 BIODEGRADABLE 0
29.999999999999996 381 75 381 75 402 29.999999999999996 402 BIODEGRADABLE 0
1 372 47 372 47 397 1 397 BIODEGRADABLE 0
367 350 399 350 399 374 367 374 BIODEGRADABLE 0
337 361 371 361 371 389 337 389 BIODEGRADABLE 0
399 342 414 342 414 370 399 370 BIODEGRADABLE 0
384 317 414 317 414 346 384 346 BIODEGRADABLE 0
350 329 378 329 378 349 350 349 BIODEGRADABLE 0
348 305 391 305 391 329 348 329 BIODEGRADABLE 0
378 284 414 284 414 310 378 310 BIODEGRADABLE 0
371 264 407 264 407 285 371 285 BIODEGRADABLE 0
397 251 414 251 414 266 397 266 BIODEGRADABLE 0
378 231 414 231 414 251.99999999999997 378 251.99999999999997 BIODEGRADABLE 0
388 213.99999999999997 414 213.99999999999997 414 234 388 234 BIODEGRADABLE 0
2 339 41 339 41 371 2 371 BIODEGRADABLE 0
44 357 69 357 69 379 44 379 BIODEGRADABLE 0
71 363 106 363 106 387 71 387 BIODEGRADABLE 0
109 368 133 368 133 388 109 388 BIODEGRADABLE 0
129 345 161 345 161 381 129 381 BIODEGRADABLE 0
165 349 191 349 191 371 165 371 BIODEGRADABLE 0
200 350 225.99999999999997 350 225.99999999999997 376 200 376 BIODEGRADABLE 0
226.99999999999997 322 255.00000000000003 322 255.00000000000003 354 226.99999999999997 354 BIODEGRADABLE 0
215.00000000000003 344 245 344 245 362 215.00000000000003 362 BIODEGRADABLE 0
225 357 257 357 257 387 225 387 BIODEGRADABLE 0
251 339 274 339 274 361 251 361 BIODEGRADABLE 0
264 352 294 352 294 380 264 380 BIODEGRADABLE 0
298 346 332 346 332 370 298 370 BIODEGRADABLE 0
301 318 333 318 333 344 301 344 BIODEGRADABLE 0
328 318 358 318 358 346 328 346 BIODEGRADABLE 0
315 293 345 293 345 323 315 323 BIODEGRADABLE 0
277 296 322 296 322 325 277 325 BIODEGRADABLE 0
260 322 296 322 296 346 260 346 BIODEGRADABLE 0
245 302 275 302 275 322 245 322 BIODEGRADABLE 0
217 307 243 307 243 329 217 329 BIODEGRADABLE 0
1 333 7 333 7 356 1 356 BIODEGRADABLE 0
1 302 35 302 35 330 1 330 BIODEGRADABLE 0
22 317 50 317 50 346 22 346 BIODEGRADABLE 0
39 307 73 307 73 335 39 335 BIODEGRADABLE 0
50 329 82 329 82 349 50 349 BIODEGRADABLE 0
71 309 105 309 105 333 71 333 BIODEGRADABLE 0
105 328 144 328 144 352 105 352 BIODEGRADABLE 0
110 304 142 304 142 326 110 326 BIODEGRADABLE 0
146 302 168 302 168 326 146 326 BIODEGRADABLE 0
170 302 198 302 198 324 170 324 BIODEGRADABLE 0
172 325 196 325 196 341 172 341 BIODEGRADABLE 0
201 304 221 304 221 326 201 326 BIODEGRADABLE 0
202 289 228.00000000000003 289 228.00000000000003 309 202 309 BIODEGRADABLE 0
228.00000000000003 278 258 278 258 306 228.00000000000003 306 BIODEGRADABLE 0
262 282 284 282 284 304 262 304 BIODEGRADABLE 0
283 273 309 273 309 294 283 294 BIODEGRADABLE 0
311 275 333 275 333 295 311 295 BIODEGRADABLE 0
339 258 365 258 365 278 339 278 BIODEGRADABLE 0
339 278 375 278 375 302 339 302 BIODEGRADABLE 0
346 238 384 238 384 264 346 264 BIODEGRADABLE 0
365 209 395 209 395 237 365 237 BIODEGRADABLE 0
328 220 362 220 362 241.00000000000003 328 241.00000000000003 BIODEGRADABLE 0
382 193 408 193 408 213.99999999999997 382 213.99999999999997 BIODEGRADABLE 0
388 175 414 175 414 193 388 193 BIODEGRADABLE 0
8 283 43 283 43 305 8 305 BIODEGRADABLE 0
39 269 69 269 69 291 39 291 BIODEGRADABLE 0
75 267 109 267 109 293 75 293 BIODEGRADABLE 0
114.00000000000001 278 139 278 139 296 114.00000000000001 296 BIODEGRADABLE 0
142 284 174 284 174 304 142 304 BIODEGRADABLE 0
176 283 193 283 193 305 176 305 BIODEGRADABLE 0
189 265 212.99999999999997 265 212.99999999999997 291 189 291 BIODEGRADABLE 0
215.00000000000003 265 247 265 247 293 215.00000000000003 293 BIODEGRADABLE 0
221 246 245 246 245 266 221 266 BIODEGRADABLE 0
249 244 269 244 269 265 249 265 BIODEGRADABLE 0
268 247 281 247 281 267 268 267 BIODEGRADABLE 0
285 233 309 233 309 255.00000000000003 285 255.00000000000003 BIODEGRADABLE 0
300 246 330 246 330 269 300 269 BIODEGRADABLE 0
300 216.00000000000003 322 216.00000000000003 322 232 300 232 BIODEGRADABLE 0
307 169 327 169 327 192 307 192 BIODEGRADABLE 0
328 152 358 152 358 180 328 180 BIODEGRADABLE 0
341 138 375 138 375 158 341 158 BIODEGRADABLE 0
367 158 391 158 391 180 367 180 BIODEGRADABLE 0
360 199 380 199 380 215.00000000000003 360 215.00000000000003 BIODEGRADABLE 0
365 178 395 178 395 199 365 199 BIODEGRADABLE 0
345 183 369 183 369 201 345 201 BIODEGRADABLE 0
328 175 356 175 356 193 328 193 BIODEGRADABLE 0
311 191 337 191 337 209 311 209 BIODEGRADABLE 0
333 202 363 202 363 222 333 222 BIODEGRADABLE 0
281 193 313 193 313 215.00000000000003 281 215.00000000000003 BIODEGRADABLE 0
270 213.99999999999997 298 213.99999999999997 298 234 270 234 BIODEGRADABLE 0
251 192 281 192 281 213.99999999999997 251 213.99999999999997 BIODEGRADABLE 0
1 62.99999999999999 14.999999999999998 62.99999999999999 14.999999999999998 85 1 85 BIODEGRADABLE 0
0 85 24 85 24 103 0 103 BIODEGRADABLE 0
1 103 20 103 20 129 1 129 BIODEGRADABLE 0
1 125.99999999999999 17 125.99999999999999 17 156 1 156 BIODEGRADABLE 0
1 155 20 155 20 168 1 168 BIODEGRADABLE 0
2 169 26 169 26 179 2 179 BIODEGRADABLE 0
0 172 11 172 11 193 0 193 BIODEGRADABLE 0
17 181 43 181 43 201 17 201 BIODEGRADABLE 0
0 195 24 195 24 211 0 211 BIODEGRADABLE 0
1 203 14.999999999999998 203 14.999999999999998 235 1 235 BIODEGRADABLE 0
13 211 43 211 43 232 13 232 BIODEGRADABLE 0
1 232 17 232 17 257 1 257 BIODEGRADABLE 0
20 234 52 234 52 254.00000000000003 20 254.00000000000003 BIODEGRADABLE 0
1 257 35 257 35 282 1 282 BIODEGRADABLE 0
29.999999999999996 246 59.99999999999999 246 59.99999999999999 271 29.999999999999996 271 BIODEGRADABLE 0
62 249 88 249 88 273 62 273 BIODEGRADABLE 0
90 251 114.00000000000001 251 114.00000000000001 273 90 273 BIODEGRADABLE 0
52 238 80 238 80 254.00000000000003 52 254.00000000000003 BIODEGRADABLE 0
45 215.00000000000003 67 215.00000000000003 67 235 45 235 BIODEGRADABLE 0
67 206 95 206 95 229.00000000000003 67 229.00000000000003 BIODEGRADABLE 0
75 225.99999999999997 106.99999999999999 225.99999999999997 106.99999999999999 246 75 246 BIODEGRADABLE 0
103 216.00000000000003 131 216.00000000000003 131 239.99999999999997 103 239.99999999999997 BIODEGRADABLE 0
106.99999999999999 236 131 236 131 260 106.99999999999999 260 BIODEGRADABLE 0
118 254.00000000000003 148 254.00000000000003 148 272 118 272 BIODEGRADABLE 0
150 252.99999999999997 182 252.99999999999997 182 267 150 267 BIODEGRADABLE 0
131 241.00000000000003 151 241.00000000000003 151 257 131 257 BIODEGRADABLE 0
152 238 178 238 178 251 152 251 BIODEGRADABLE 0
165 219 191 219 191 237 165 237 BIODEGRADABLE 0
187 237 209 237 209 251 187 251 BIODEGRADABLE 0
185 251 217 251 217 267 185 267 BIODEGRADABLE 0
193 215.00000000000003 221 215.00000000000003 221 235 193 235 BIODEGRADABLE 0
219 217 238.99999999999997 217 238.99999999999997 231 219 231 BIODEGRADABLE 0
216.00000000000003 233 236 233 236 244 216.00000000000003 244 BIODEGRADABLE 0
245 225 260 225 260 241.00000000000003 245 241.00000000000003 BIODEGRADABLE 0
245 216.00000000000003 275 216.00000000000003 275 232 245 232 BIODEGRADABLE 0
223 187 252.99999999999997 187 252.99999999999997 216.00000000000003 223 216.00000000000003 BIODEGRADABLE 0
208 172 230 172 230 185 208 185 BIODEGRADABLE 0
234 172 264 172 264 190 234 190 BIODEGRADABLE 0
260 174 286 174 286 192 260 192 BIODEGRADABLE 0
277 154 299 154 299 178 277 178 BIODEGRADABLE 0
302 146 326 146 326 169 302 169 BIODEGRADABLE 0
19 68 43 68 43 92 19 92 BIODEGRADABLE 0
47 71 75 71 75 97 47 97 BIODEGRADABLE 0
77 74 101 74 101 95 77 95 BIODEGRADABLE 0
106.99999999999999 82 122 82 122 100 106.99999999999999 100 BIODEGRADABLE 0
129 90 140 90 140 103 129 103 BIODEGRADABLE 0
144 97 161 97 161 111 144 111 BIODEGRADABLE 0
167 98 180 98 180 118 167 118 BIODEGRADABLE 0
178 90 200 90 200 108.00000000000001 178 108.00000000000001 BIODEGRADABLE 0
210 92 225 92 225 108.00000000000001 210 108.00000000000001 BIODEGRADABLE 0
221 101 245 101 245 121.00000000000001 221 121.00000000000001 BIODEGRADABLE 0
247 92 262 92 262 118 247 118 BIODEGRADABLE 0
257 110 277 110 277 125.99999999999999 257 125.99999999999999 BIODEGRADABLE 0
277 97 299 97 299 118 277 118 BIODEGRADABLE 0
302 98 324 98 324 119.99999999999999 302 119.99999999999999 BIODEGRADABLE 0
326 106 346 106 346 127.00000000000001 326 127.00000000000001 BIODEGRADABLE 0
347 106 371 106 371 122 347 122 BIODEGRADABLE 0
373 114.00000000000001 399 114.00000000000001 399 134 373 134 BIODEGRADABLE 0
390 124 414 124 414 148 390 148 BIODEGRADABLE 0
17 100 45 100 45 122 17 122 BIODEGRADABLE 0
41 109 71 109 71 135 41 135 BIODEGRADABLE 0
62 95 92 95 92 118 62 118 BIODEGRADABLE 0
41 93 67 93 67 114.00000000000001 41 114.00000000000001 BIODEGRADABLE 0
79 119 101 119 101 139 79 139 BIODEGRADABLE 0
101 121.00000000000001 121.00000000000001 121.00000000000001 121.00000000000001 145 101 145 BIODEGRADABLE 0
90 96 114.00000000000001 96 114.00000000000001 119 90 119 BIODEGRADABLE 0
118 119 146 119 146 143 118 143 BIODEGRADABLE 0
154 119.99999999999999 178 119.99999999999999 178 140 154 140 BIODEGRADABLE 0
17 135 41 135 41 153 17 153 BIODEGRADABLE 0
26 150 56 150 56 172 26 172 BIODEGRADABLE 0
45 145 80 145 80 166 45 166 BIODEGRADABLE 0
54.00000000000001 129 86 129 86 145 54.00000000000001 145 BIODEGRADABLE 0
64 150 103 150 103 174 64 174 BIODEGRADABLE 0
41 164 80 164 80 182 41 182 BIODEGRADABLE 0
47 178 92 178 92 206 47 206 BIODEGRADABLE 0
82 183 114.00000000000001 183 114.00000000000001 201 82 201 BIODEGRADABLE 0
86 175 108.00000000000001 175 108.00000000000001 180 86 180 BIODEGRADABLE 0
112 169 140 169 140 191 112 191 BIODEGRADABLE 0
116 191 140 191 140 211 116 211 BIODEGRADABLE 0
137 204 161 204 161 225 137 225 BIODEGRADABLE 0
157 196 191 196 191 222 157 222 BIODEGRADABLE 0
201 199 221 199 221 215.00000000000003 201 215.00000000000003 BIODEGRADABLE 0
172 188 204 188 204 208 172 208 BIODEGRADABLE 0
142 176 168 176 168 198 142 198 BIODEGRADABLE 0
161 169 183 169 183 185 161 185 BIODEGRADABLE 0
187 167 221 167 221 185 187 185 BIODEGRADABLE 0
208 150 225 150 225 171 208 171 BIODEGRADABLE 0
223 142 247 142 247 166 223 166 BIODEGRADABLE 0
234 159 251 159 251 177 234 177 BIODEGRADABLE 0
256 150 273 150 273 171 256 171 BIODEGRADABLE 0
252.99999999999997 127.00000000000001 277 127.00000000000001 277 151 252.99999999999997 151 BIODEGRADABLE 0
275 137 292 137 292 148 275 148 BIODEGRADABLE 0
215.00000000000003 121.00000000000001 258 121.00000000000001 258 145 215.00000000000003 145 BIODEGRADABLE 0
180 108.00000000000001 206 108.00000000000001 206 125.99999999999999 180 125.99999999999999 BIODEGRADABLE 0
187 125.99999999999999 215.00000000000003 125.99999999999999 215.00000000000003 137 187 137 BIODEGRADABLE 0
172 149 212 149 212 169 172 169 BIODEGRADABLE 0
161 137 189 137 189 151 161 151 BIODEGRADABLE 0
148 145 174 145 174 166 148 166 BIODEGRADABLE 0
127.00000000000001 153 151 153 151 174 127.00000000000001 174 BIODEGRADABLE 0
101 153 125 153 125 169 101 169 BIODEGRADABLE 0
14.999999999999998 36 41 36 41 58 14.999999999999998 58 BIODEGRADABLE 0
1 28 14.999999999999998 28 14.999999999999998 47 1 47 BIODEGRADABLE 0
0 16 26 16 26 37 0 37 BIODEGRADABLE 0
1 1 32 1 32 16 1 16 BIODEGRADABLE 0
29.999999999999996 5 54.00000000000001 5 54.00000000000001 27.000000000000004 29.999999999999996 27.000000000000004 BIODEGRADABLE 0
43 0 99 0 99 10 43 10 BIODEGRADABLE 0
59 5 99 5 99 26 59 26 BIODEGRADABLE 0
56 29 95 29 95 50 56 50 BIODEGRADABLE 0
90 28 118 28 118 52 90 52 BIODEGRADABLE 0
116 33 148 33 148 55 116 55 BIODEGRADABLE 0
119.99999999999999 11 148 11 148 32 119.99999999999999 32 BIODEGRADABLE 0
102 1 140 1 140 32 102 32 BIODEGRADABLE 0
150 38 167 38 167 58 150 58 BIODEGRADABLE 0
165 37 189 37 189 59 165 59 BIODEGRADABLE 0
187 42 212.99999999999997 42 212.99999999999997 62 187 62 BIODEGRADABLE 0
210 35 232 35 232 55 210 55 BIODEGRADABLE 0
148 19 170 19 170 39 148 39 BIODEGRADABLE 0
132 1 163 1 163 16 132 16 BIODEGRADABLE 0
162 1 189 1 189 20 162 20 BIODEGRADABLE 0
182 24 202 24 202 44 182 44 BIODEGRADABLE 0
202 13 238 13 238 39 202 39 BIODEGRADABLE 0
194 1 230 1 230 14.999999999999998 194 14.999999999999998 BIODEGRADABLE 0
215.00000000000003 1 243 1 243 14.999999999999998 215.00000000000003 14.999999999999998 BIODEGRADABLE 0
236 0 256 0 256 10 236 10 BIODEGRADABLE 0
247 10 269 10 269 24 247 24 BIODEGRADABLE 0
234 24 262 24 262 42 234 42 BIODEGRADABLE 0
226.99999999999997 39 252.99999999999997 39 252.99999999999997 61 226.99999999999997 61 BIODEGRADABLE 0
264 39 292 39 292 59.99999999999999 264 59.99999999999999 BIODEGRADABLE 0
247 52 271 52 271 65 247 65 BIODEGRADABLE 0
296 48 316 48 316 66 296 66 BIODEGRADABLE 0
320 57.00000000000001 335 57.00000000000001 335 68 320 68 BIODEGRADABLE 0
339 58 356 58 356 71 339 71 BIODEGRADABLE 0
365 62.99999999999999 387 62.99999999999999 387 71 365 71 BIODEGRADABLE 0
395 69 405 69 405 71 395 71 BIODEGRADABLE 0
371 46 399 46 399 66 371 66 BIODEGRADABLE 0
395 42 410 42 410 59.99999999999999 395 59.99999999999999 BIODEGRADABLE 0
294 26 316 26 316 48 294 48 BIODEGRADABLE 0
313 37 330 37 330 55 313 55 BIODEGRADABLE 0
328 26 348 26 348 52 328 52 BIODEGRADABLE 0
345 19 360 19 360 29 345 29 BIODEGRADABLE 0
342 1 414 1 414 58 342 58 BIODEGRADABLE 0
357 1 376 1 376 20 357 20 BIODEGRADABLE 0
259 1 279 1 279 8 259 8 BIODEGRADABLE 0
273 16 303 16 303 34 273 34 BIODEGRADABLE 0
285 0 311 0 311 10 285 10 BIODEGRADABLE 0
309 16 339 16 339 34 309 34 BIODEGRADABLE 0
317 1 352 1 352 16 317 16 BIODEGRADABLE 0