28 232 162 232 162 310 28 310 BIODEGRADABLE 0
91 257 169 257 169 298 91 298 BIODEGRADABLE 0
150 266 180 266 180 320 150 320 BIODEGRADABLE 0
138 323 144 323 144 332 138 332 BIODEGRADABLE 0
141 293 147 293 147 300 141 300 BIODEGRADABLE 0
129 307 139 307 139 316 129 316 BIODEGRADABLE 0
53 377 62.99999999999999 377 62.99999999999999 389 53 389 BIODEGRADABLE 0
181 282 209 282 209 310 181 310 BIODEGRADABLE 0
194 307 198 307 198 311 194 311 BIODEGRADABLE 0
165 318 179 318 179 332 165 332 BIODEGRADABLE 0
170 127.00000000000001 206 127.00000000000001 206 175 170 175 BIODEGRADABLE 0
149 132 173 132 173 180 149 180 BIODEGRADABLE 0
164 185 173 185 173 207 164 207 BIODEGRADABLE 0
151 200 171 200 171 218 151 218 BIODEGRADABLE 0
150 218 171 218 171 230 150 230 BIODEGRADABLE 0
180 175 221 175 221 187 180 187 BIODEGRADABLE 0
174 198 224 198 224 284 174 284 BIODEGRADABLE 0
276 271 330 271 330 353 276 353 BIODEGRADABLE 0
247 207 279 207 279 355 247 355 BIODEGRADABLE 0
242.00000000000003 200 256 200 256 225 242.00000000000003 225 BIODEGRADABLE 0
259 180 289 180 289 225.99999999999997 259 225.99999999999997 BIODEGRADABLE 0
272 168 330 168 330 225 272 225 BIODEGRADABLE 0
323 213.99999999999997 338 213.99999999999997 338 342 323 342 BIODEGRADABLE 0
271 246 327 246 327 284 271 284 BIODEGRADABLE 0
271 232 327 232 327 262 271 262 BIODEGRADABLE 0
377 189 409 189 409 255.00000000000003 377 255.00000000000003 BIODEGRADABLE 0
357 150 369 150 369 262 357 262 BIODEGRADABLE 0
335 150 357 150 357 262 335 262 BIODEGRADABLE 0
326 105 362 105 362 127.00000000000001 326 127.00000000000001 BIODEGRADABLE 0
320 64 342 64 342 110 320 110 BIODEGRADABLE 0
282 100 323 100 323 118 282 118 BIODEGRADABLE 0
307 153 325 153 325 203 307 203 BIODEGRADABLE 0
283 141 309 141 309 200 283 200 BIODEGRADABLE 0
238 43 294 43 294 91 238 91 BIODEGRADABLE 0
277 98 303 98 303 162 277 162 BIODEGRADABLE 0
258 94 280 94 280 182 258 182 BIODEGRADABLE 0
233 91 257 91 257 207 233 207 BIODEGRADABLE 0
144 93 226.99999999999997 93 226.99999999999997 241.00000000000003 144 241.00000000000003 GLASS 0
168 175 230 175 230 298 168 298 GLASS 0
229.00000000000003 82 306 82 306 212 229.00000000000003 212 GLASS 0
280 106.99999999999999 371 106.99999999999999 371 275 280 275 GLASS 0
235 205 345 205 345 353 235 353 GLASS 0
364 257 415 257 415 377 364 377 GLASS 0
375 166 415 166 415 260 375 260 GLASS 0
375 143 415 143 415 171 375 171 GLASS 0