143 225.99999999999997 185 225.99999999999997 185 303 143 303 BIODEGRADABLE 0
162 252.99999999999997 236 252.99999999999997 236 335 162 335 BIODEGRADABLE 0
225 245 277 245 277 313 225 313 BIODEGRADABLE 0
219 163 275 163 275 238 219 238 BIODEGRADABLE 0
252.99999999999997 144 283 144 283 206 252.99999999999997 206 BIODEGRADABLE 0
204 105 260 105 260 157 204 157 BIODEGRADABLE 0
161 139 215.00000000000003 139 215.00000000000003 191 161 191 BIODEGRADABLE 0
180 185 239.99999999999997 185 239.99999999999997 260 180 260 BIODEGRADABLE 0
130 179 175 179 175 247 130 247 BIODEGRADABLE 0
132 166 164 166 164 202 132 202 BIODEGRADABLE 0
142 106.99999999999999 203 106.99999999999999 203 167 142 167 BIODEGRADABLE 0
119.99999999999999 86 294 86 294 334 119.99999999999999 334 BIODEGRADABLE 0