56 61 129 61 129 217 56 217 BIODEGRADABLE 0
7 98 65 98 65 162 7 162 BIODEGRADABLE 0
2 47 90 47 90 127.00000000000001 2 127.00000000000001 BIODEGRADABLE 0
95 42 131 42 131 68 95 68 BIODEGRADABLE 0
116 37 176 37 176 119 116 119 BIODEGRADABLE 0
127.00000000000001 69 232 69 232 164 127.00000000000001 164 BIODEGRADABLE 0
114.00000000000001 151 182 151 182 217 114.00000000000001 217 BIODEGRADABLE 0
159 127.00000000000001 243 127.00000000000001 243 231 159 231 BIODEGRADABLE 0
193 71 270 71 270 159 193 159 BIODEGRADABLE 0
228.00000000000003 43 318 43 318 77 228.00000000000003 77 BIODEGRADABLE 0
174 42 228.00000000000003 42 228.00000000000003 72 174 72 BIODEGRADABLE 0
309 48 415 48 415 112 309 112 BIODEGRADABLE 0
252.99999999999997 98 397 98 397 146 252.99999999999997 146 BIODEGRADABLE 0
264 130 292 130 292 156 264 156 BIODEGRADABLE 0
288 141 416 141 416 193 288 193 BIODEGRADABLE 0
356 130 414 130 414 162 356 162 BIODEGRADABLE 0
322 188 367 188 367 232 322 232 BIODEGRADABLE 0
244 156 324 156 324 225.99999999999997 244 225.99999999999997 BIODEGRADABLE 0
234 201 268 201 268 225 234 225 BIODEGRADABLE 0
277 211 337 211 337 264 277 264 BIODEGRADABLE 0
247 215.00000000000003 281 215.00000000000003 281 260 247 260 BIODEGRADABLE 0
135 215.00000000000003 266 215.00000000000003 266 265 135 265 BIODEGRADABLE 0
34 206 135 206 135 294 34 294 BIODEGRADABLE 0
13 209 69 209 69 238 13 238 BIODEGRADABLE 0
26 251 138 251 138 291 26 291 BIODEGRADABLE 0
34 236 58 236 58 254.00000000000003 34 254.00000000000003 BIODEGRADABLE 0
49 289 103 289 103 323 49 323 BIODEGRADABLE 0
92 314 135 314 135 344 92 344 BIODEGRADABLE 0
101 286 163 286 163 324 101 324 BIODEGRADABLE 0
153 304 215.00000000000003 304 215.00000000000003 333 153 333 BIODEGRADABLE 0
119.99999999999999 262 251 262 251 312 119.99999999999999 312 BIODEGRADABLE 0
165 264 245 264 245 304 165 304 BIODEGRADABLE 0
232 261 284 261 284 309 232 309 BIODEGRADABLE 0
210 305 294 305 294 347 210 347 BIODEGRADABLE 0
292 307 337 307 337 333 292 333 BIODEGRADABLE 0
285 235 367 235 367 317 285 317 BIODEGRADABLE 0
328 225 358 225 358 249 328 249 BIODEGRADABLE 0
408 290 416 290 416 304 408 304 BIODEGRADABLE 0
390 245 415 245 415 290 390 290 BIODEGRADABLE 0
411 234 415 234 415 244 411 244 BIODEGRADABLE 0