129 288 321 288 321 404 129 404 BIODEGRADABLE 0
278 381 337 381 337 415 278 415 BIODEGRADABLE 0
335 363 414 363 414 415 335 415 BIODEGRADABLE 0
335 333 380 333 380 363 335 363 BIODEGRADABLE 0
312 355 328 355 328 369 312 369 BIODEGRADABLE 0
193 391 215.00000000000003 391 215.00000000000003 407 193 407 BIODEGRADABLE 0
143 401 181 401 181 415 143 415 BIODEGRADABLE 0
16 340 158 340 158 415 16 415 BIODEGRADABLE 0
1 229.00000000000003 77 229.00000000000003 77 315 1 315 BIODEGRADABLE 0
1 317 48 317 48 386 1 386 BIODEGRADABLE 0
41 230 62.99999999999999 230 62.99999999999999 242.00000000000003 41 242.00000000000003 BIODEGRADABLE 0
79 167 156 167 156 287 79 287 BIODEGRADABLE 0
90 287 138 287 138 317 90 317 BIODEGRADABLE 0
181 265 221 265 221 289 181 289 BIODEGRADABLE 0
142 210 224 210 224 262 142 262 BIODEGRADABLE 0
109 219 143 219 143 248 109 248 BIODEGRADABLE 0
229.00000000000003 251 251 251 251 269 229.00000000000003 269 BIODEGRADABLE 0
267 238 326 238 326 272 267 272 BIODEGRADABLE 0
317 274 376 274 376 318 317 318 BIODEGRADABLE 0
378 267 414 267 414 354 378 354 BIODEGRADABLE 0
314 182 414 182 414 258 314 258 BIODEGRADABLE 0
225.99999999999997 213.99999999999997 384 213.99999999999997 384 287 225.99999999999997 287 BIODEGRADABLE 0
14 190 32 190 32 199 14 199 BIODEGRADABLE 0
14 199 34 199 34 207 14 207 BIODEGRADABLE 0
32 184 52 184 52 196 32 196 BIODEGRADABLE 0
7 173 29 173 29 187 7 187 BIODEGRADABLE 0
1 184 12 184 12 204 1 204 BIODEGRADABLE 0
5 161 25 161 25 175 5 175 BIODEGRADABLE 0
21 167 46 167 46 176 21 176 BIODEGRADABLE 0
16 157 36 157 36 167 16 167 BIODEGRADABLE 0
1 153 18 153 18 161 1 161 BIODEGRADABLE 0
1 144 9 144 9 152 1 152 BIODEGRADABLE 0
1 161 7 161 7 175 1 175 BIODEGRADABLE 0
1 176 5 176 5 184 1 184 BIODEGRADABLE 0
124 190 154 190 154 206 124 206 BIODEGRADABLE 0
274 193 312 193 312 215.00000000000003 274 215.00000000000003 BIODEGRADABLE 0
222 137 380 137 380 204 222 204 BIODEGRADABLE 0
312 160 350 160 350 175 312 175 BIODEGRADABLE 0
371 146 414 146 414 192 371 192 BIODEGRADABLE 0
249 110 283 110 283 134 249 134 BIODEGRADABLE 0
301 102 337 102 337 124 301 124 BIODEGRADABLE 0
344 44 414 44 414 129 344 129 BIODEGRADABLE 0
375 128 407 128 407 140 375 140 BIODEGRADABLE 0
188 96 224 96 224 110 188 110 BIODEGRADABLE 0
104 108.00000000000001 140 108.00000000000001 140 132 104 132 BIODEGRADABLE 0
54.00000000000001 125 119.99999999999999 125 119.99999999999999 161 54.00000000000001 161 BIODEGRADABLE 0
25 76 136 76 136 158 25 158 BIODEGRADABLE 0
131 82 174 82 174 112 131 112 BIODEGRADABLE 0
1 90 23 90 23 137 1 137 BIODEGRADABLE 0
1 142 59 142 59 209 1 209 BIODEGRADABLE 0
233 32 351 32 351 110 233 110 BIODEGRADABLE 0
271 0 414 0 414 40 271 40 BIODEGRADABLE 0
141 0 249 0 249 70 141 70 BIODEGRADABLE 0
93 6 127.00000000000001 6 127.00000000000001 29 93 29 BIODEGRADABLE 0
75 38 112.99999999999999 38 112.99999999999999 64 75 64 BIODEGRADABLE 0
48 62.99999999999999 91 62.99999999999999 91 79 48 79 BIODEGRADABLE 0
14 52 46 52 46 76 14 76 BIODEGRADABLE 0
1 0 93 0 93 41 1 41 BIODEGRADABLE 0