2 325 29.999999999999996 325 29.999999999999996 373 2 373 BIODEGRADABLE 0
2 150 142 150 142 343 2 343 BIODEGRADABLE 0
2 48 58 48 58 230 2 230 BIODEGRADABLE 0
2 0 40 0 40 50 2 50 BIODEGRADABLE 0
41 0 200 0 200 178 41 178 BIODEGRADABLE 0
138 102 295 102 295 308 138 308 BIODEGRADABLE 0
162 293 310 293 310 373 162 373 BIODEGRADABLE 0
99 295 180 295 180 373 99 373 BIODEGRADABLE 0
34 347 99 347 99 375 34 375 BIODEGRADABLE 0
267 271 340 271 340 375 267 375 BIODEGRADABLE 0
328 305 415 305 415 374 328 374 BIODEGRADABLE 0
289 26 415 26 415 308 289 308 BIODEGRADABLE 0
196 1 324 1 324 112.99999999999999 196 112.99999999999999 BIODEGRADABLE 0
312 33 356 33 356 70 312 70 BIODEGRADABLE 0
330 0 415 0 415 49 330 49 BIODEGRADABLE 0
1 0 415 0 415 377 1 377 BIODEGRADABLE 0