257 2 414 2 414 174 257 174 BIODEGRADABLE 0
394 83 414 83 414 209 394 209 BIODEGRADABLE 0
327 119 414 119 414 409 327 409 BIODEGRADABLE 0
59.99999999999999 2 374 2 374 414 59.99999999999999 414 BIODEGRADABLE 0
1 14 72 14 72 287 1 287 BIODEGRADABLE 0
1 1 119.99999999999999 1 119.99999999999999 56 1 56 BIODEGRADABLE 0
0 272 43 272 43 366 0 366 BIODEGRADABLE 0
1 243 72 243 72 377 1 377 BIODEGRADABLE 0
58 252.99999999999997 251.99999999999997 252.99999999999997 251.99999999999997 409 58 409 BIODEGRADABLE 0
246 330 346 330 346 396 246 396 BIODEGRADABLE 0
333 362 372 362 372 396 333 396 BIODEGRADABLE 0
336 397 373 397 373 415 336 415 BIODEGRADABLE 0
375 400 414 400 414 416 375 416 BIODEGRADABLE 0
229.00000000000003 371 292 371 292 415 229.00000000000003 415 BIODEGRADABLE 0
233 392 274 392 274 415 233 415 BIODEGRADABLE 0
273 388 324 388 324 415 273 415 BIODEGRADABLE 0
177 388 230 388 230 415 177 415 BIODEGRADABLE 0
45 368 93 368 93 410 45 410 BIODEGRADABLE 0
1 367 45 367 45 409 1 409 BIODEGRADABLE 0