295 59 383 59 383 215.00000000000003 295 215.00000000000003 BIODEGRADABLE 0
291 57.00000000000001 330 57.00000000000001 330 99 291 99 BIODEGRADABLE 0
284 175 350 175 350 269 284 269 BIODEGRADABLE 0
348 215.00000000000003 366 215.00000000000003 366 250 348 250 BIODEGRADABLE 0
345 244 363 244 363 272 345 272 BIODEGRADABLE 0
332 255.00000000000003 357 255.00000000000003 357 285 332 285 BIODEGRADABLE 0
351 279 371 279 371 307 351 307 BIODEGRADABLE 0
345 305 369 305 369 331 345 331 BIODEGRADABLE 0
341 326 357 326 357 346 341 346 BIODEGRADABLE 0
330 294 352 294 352 322 330 322 BIODEGRADABLE 0
333 285 351 285 351 298 333 298 BIODEGRADABLE 0
305 270 329 270 329 300 305 300 BIODEGRADABLE 0
306 300 322 300 322 316 306 316 BIODEGRADABLE 0
301 296 339 296 339 346 301 346 BIODEGRADABLE 0
285 309 305 309 305 342 285 342 BIODEGRADABLE 0
289 274 307 274 307 309 289 309 BIODEGRADABLE 0
269 77 303 77 303 121.00000000000001 269 121.00000000000001 BIODEGRADABLE 0
273 121.00000000000001 297 121.00000000000001 297 169 273 169 BIODEGRADABLE 0
262 169 281 169 281 193 262 193 BIODEGRADABLE 0
254.00000000000003 195 286 195 286 235 254.00000000000003 235 BIODEGRADABLE 0
274 237 286 237 286 257 274 257 BIODEGRADABLE 0
236 232 277 232 277 289 236 289 BIODEGRADABLE 0
244 278 269 278 269 302 244 302 BIODEGRADABLE 0
245 300 283 300 283 344 245 344 BIODEGRADABLE 0
271 291 289 291 289 315 271 315 BIODEGRADABLE 0
269 278 283 278 283 296 269 296 BIODEGRADABLE 0
276 259 300 259 300 283 276 283 BIODEGRADABLE 0
242.00000000000003 211 256 211 256 237 242.00000000000003 237 BIODEGRADABLE 0
204 206 239.99999999999997 206 239.99999999999997 254.00000000000003 204 254.00000000000003 BIODEGRADABLE 0
230 166 264 166 264 206 230 206 BIODEGRADABLE 0
242.00000000000003 143 266 143 266 173 242.00000000000003 173 BIODEGRADABLE 0
223 103 291 103 291 177 223 177 BIODEGRADABLE 0
229.00000000000003 62 270 62 270 110 229.00000000000003 110 BIODEGRADABLE 0
251 106.99999999999999 273 106.99999999999999 273 129 251 129 BIODEGRADABLE 0
209 75 231 75 231 105 209 105 BIODEGRADABLE 0
189 62 241.00000000000003 62 241.00000000000003 167 189 167 BIODEGRADABLE 0
195 154 229.00000000000003 154 229.00000000000003 189 195 189 BIODEGRADABLE 0
179 184 243 184 243 228.00000000000003 179 228.00000000000003 BIODEGRADABLE 0
162 217 232 217 232 279 162 279 BIODEGRADABLE 0
222 270 250 270 250 324 222 324 BIODEGRADABLE 0
203 298 237 298 237 342 203 342 BIODEGRADABLE 0
232 327 250 327 250 351 232 351 BIODEGRADABLE 0
130 305 148 305 148 359 130 359 BIODEGRADABLE 0
143 320 161 320 161 355 143 355 BIODEGRADABLE 0
149 329 181 329 181 357 149 357 BIODEGRADABLE 0
167 331 215.00000000000003 331 215.00000000000003 361 167 361 BIODEGRADABLE 0
140 290 217 290 217 342 140 342 BIODEGRADABLE 0
145 272 209 272 209 298 145 298 BIODEGRADABLE 0
137 256 220 256 220 296 137 296 BIODEGRADABLE 0
164 101 206 101 206 160 164 160 BIODEGRADABLE 0
155 160 193 160 193 212 155 212 BIODEGRADABLE 0
146 208 178 208 178 258 146 258 BIODEGRADABLE 0
143 254.00000000000003 199 254.00000000000003 199 278 143 278 BIODEGRADABLE 0
178 265 225 265 225 287 178 287 BIODEGRADABLE 0
66 238.99999999999997 134 238.99999999999997 134 313 66 313 BIODEGRADABLE 0
106 176 134 176 134 248 106 248 BIODEGRADABLE 0
119 138 165 138 165 178 119 178 BIODEGRADABLE 0
116 59 171 59 171 169 116 169 BIODEGRADABLE 0
125.99999999999999 57.00000000000001 167 57.00000000000001 167 151 125.99999999999999 151 BIODEGRADABLE 0
124 44 144 44 144 147 124 147 BIODEGRADABLE 0
111 88 129 88 129 169 111 169 BIODEGRADABLE 0
106.99999999999999 53 123 53 123 173 106.99999999999999 173 BIODEGRADABLE 0
96 55 114.00000000000001 55 114.00000000000001 171 96 171 BIODEGRADABLE 0
73 53 106.99999999999999 53 106.99999999999999 167 73 167 BIODEGRADABLE 0
88 179 104 179 104 219 88 219 BIODEGRADABLE 0
86 219 104 219 104 251.99999999999997 86 251.99999999999997 BIODEGRADABLE 0
77 204 91 204 91 232 77 232 BIODEGRADABLE 0
93 158 104 158 104 184 93 184 BIODEGRADABLE 0
65 278 87 278 87 315 65 315 BIODEGRADABLE 0
44 298 77 298 77 322 44 322 BIODEGRADABLE 0
65 315 85 315 85 348 65 348 BIODEGRADABLE 0
51 327 65 327 65 351 51 351 BIODEGRADABLE 0
87 315 106 315 106 348 87 348 BIODEGRADABLE 0
102 320 121.00000000000001 320 121.00000000000001 346 102 346 BIODEGRADABLE 0
97 296 112.99999999999999 296 112.99999999999999 320 97 320 BIODEGRADABLE 0
87 300 101 300 101 322 87 322 BIODEGRADABLE 0
48 280 68 280 68 296 48 296 BIODEGRADABLE 0
49 256 68 256 68 280 49 280 BIODEGRADABLE 0
44 230 132 230 132 292 44 292 BIODEGRADABLE 0
36 121.00000000000001 94 121.00000000000001 94 257 36 257 BIODEGRADABLE 0
28 81 83 81 83 189 28 189 BIODEGRADABLE 0
29.999999999999996 53 69 53 69 101 29.999999999999996 101 BIODEGRADABLE 0
170 68 195 68 195 101 170 101 BIODEGRADABLE 0
157 88 177 88 177 121.00000000000001 157 121.00000000000001 BIODEGRADABLE 0
146 112 164 112 164 142 146 142 BIODEGRADABLE 0
143 142 168 142 168 175 143 175 BIODEGRADABLE 0
196 132 213.99999999999997 132 213.99999999999997 162 196 162 BIODEGRADABLE 0
117 178 159 178 159 270 117 270 BIODEGRADABLE 0