345 177 404 177 404 259 345 259 BIODEGRADABLE 0
314 153 356 153 356 205 314 205 BIODEGRADABLE 0
279 93 326 93 326 159 279 159 BIODEGRADABLE 0
264 105 282 105 282 153 264 153 BIODEGRADABLE 0
233 55 274 55 274 106.99999999999999 233 106.99999999999999 BIODEGRADABLE 0
203 78 237 78 237 114.00000000000001 203 114.00000000000001 BIODEGRADABLE 0
186 96 226.99999999999997 96 226.99999999999997 164 186 164 BIODEGRADABLE 0
228.00000000000003 98 262 98 262 134 228.00000000000003 134 BIODEGRADABLE 0
218 125 271 125 271 193 218 193 BIODEGRADABLE 0
206 164 221 164 221 186 206 186 BIODEGRADABLE 0
247 148 275 148 275 218 247 218 BIODEGRADABLE 0
269 146 315 146 315 212 269 212 BIODEGRADABLE 0
280 178 342 178 342 262 280 262 BIODEGRADABLE 0
318 237 368 237 368 328 318 328 BIODEGRADABLE 0
364 252.99999999999997 392 252.99999999999997 392 294 364 294 BIODEGRADABLE 0
274 273 339 273 339 366 274 366 BIODEGRADABLE 0
221 328 286 328 286 414 221 414 BIODEGRADABLE 0
164 380 223 380 223 414 164 414 BIODEGRADABLE 0
118 346 178 346 178 414 118 414 BIODEGRADABLE 0
64 357 117 357 117 414 64 414 BIODEGRADABLE 0
56 301 114.00000000000001 301 114.00000000000001 371 56 371 BIODEGRADABLE 0
40 226.99999999999997 84 226.99999999999997 84 307 40 307 BIODEGRADABLE 0
44 166 100 166 100 232 44 232 BIODEGRADABLE 0
90 144 118 144 118 198 90 198 BIODEGRADABLE 0
77 216.00000000000003 135 216.00000000000003 135 307 77 307 BIODEGRADABLE 0
108.00000000000001 262 173 262 173 360 108.00000000000001 360 BIODEGRADABLE 0
160 314 186 314 186 357 160 357 BIODEGRADABLE 0
179 309 235 309 235 387 179 387 BIODEGRADABLE 0
164 246 217 246 217 321 164 321 BIODEGRADABLE 0
135 196 181 196 181 268 135 268 BIODEGRADABLE 0
94 198 135 198 135 246 94 246 BIODEGRADABLE 0
115 132 163 132 163 202 115 202 BIODEGRADABLE 0
143 127.00000000000001 173 127.00000000000001 173 173 143 173 BIODEGRADABLE 0
169 114.00000000000001 191 114.00000000000001 191 150 169 150 BIODEGRADABLE 0
162 152 204 152 204 216.00000000000003 162 216.00000000000003 BIODEGRADABLE 0
179 200 201 200 201 248 179 248 BIODEGRADABLE 0
194 184 248 184 248 266 194 266 BIODEGRADABLE 0
242.00000000000003 218 274 218 274 259 242.00000000000003 259 BIODEGRADABLE 0
220 259 280 259 280 327 220 327 BIODEGRADABLE 0
271 246 319 246 319 289 271 289 BIODEGRADABLE 0
262 200 283 200 283 251.99999999999997 262 251.99999999999997 BIODEGRADABLE 0
2 0 168 0 168 125 2 125 CARDBOARD 0
2 307 61 307 61 414 2 414 CARDBOARD 0
1 127.00000000000001 41 127.00000000000001 41 307 1 307 CARDBOARD 0
41 128 91 128 91 169 41 169 CARDBOARD 0
165 0 252.99999999999997 0 252.99999999999997 59 165 59 CARDBOARD 0
167 62 220 62 220 84 167 84 CARDBOARD 0
167 84 197 84 197 114.00000000000001 167 114.00000000000001 CARDBOARD 0
320 0 415 0 415 118 320 118 CARDBOARD 0
275 0 321 0 321 106.99999999999999 275 106.99999999999999 CARDBOARD 0
252.99999999999997 0 277 0 277 57.00000000000001 252.99999999999997 57.00000000000001 CARDBOARD 0
354 118 415 118 415 182 354 182 CARDBOARD 0
327 119 354 119 354 153 327 153 CARDBOARD 0
336 329 415 329 415 414 336 414 CARDBOARD 0
288 378 336 378 336 414 288 414 CARDBOARD 0
277 394 286 394 286 414 277 414 CARDBOARD 0
265 405 277 405 277 414 265 414 CARDBOARD 0
321 346 336 346 336 380 321 380 CARDBOARD 0
306 364 321 364 321 378 306 378 CARDBOARD 0
382 279 415 279 415 331 382 331 CARDBOARD 0
363 302 381 302 381 332 363 332 CARDBOARD 0
351 316 363 316 363 330 351 330 CARDBOARD 0
401 261 415 261 415 278 401 278 CARDBOARD 0
407 250 415 250 415 260 407 260 CARDBOARD 0
404 184 415 184 415 255.00000000000003 404 255.00000000000003 CARDBOARD 0