2 315 64 315 64 405 2 405 BIODEGRADABLE 0
3 404 41 404 41 415 3 415 BIODEGRADABLE 0
48 322 178 322 178 415 48 415 BIODEGRADABLE 0
48 338 76 338 76 353 48 353 BIODEGRADABLE 0
98 247 276 247 276 318 98 318 BIODEGRADABLE 0
130 314 262 314 262 362 130 362 BIODEGRADABLE 0
157 339 314 339 314 415 157 415 BIODEGRADABLE 0
259 277 359 277 359 381 259 381 BIODEGRADABLE 0
266 365 378 365 378 415 266 415 BIODEGRADABLE 0
359 342 415 342 415 415 359 415 BIODEGRADABLE 0
336 324 415 324 415 373 336 373 BIODEGRADABLE 0
336 257 415 257 415 358 336 358 BIODEGRADABLE 0
257 233 400 233 400 289 257 289 BIODEGRADABLE 0
177 217 259 217 259 270 177 270 BIODEGRADABLE 0
48 205 168 205 168 265 48 265 BIODEGRADABLE 0
3 252.99999999999997 137 252.99999999999997 137 336 3 336 BIODEGRADABLE 0
178 144 319 144 319 265 178 265 BIODEGRADABLE 0
273 141 366 141 366 226.99999999999997 273 226.99999999999997 BIODEGRADABLE 0
319 156 387 156 387 233 319 233 BIODEGRADABLE 0
359 151 415 151 415 255.00000000000003 359 255.00000000000003 BIODEGRADABLE 0
29.999999999999996 102 182 102 182 224 29.999999999999996 224 BIODEGRADABLE 0
3 125.99999999999999 57.00000000000001 125.99999999999999 57.00000000000001 218 3 218 BIODEGRADABLE 0
3 46 139 46 139 119.99999999999999 3 119.99999999999999 BIODEGRADABLE 0
2 0 91 0 91 46 2 46 BIODEGRADABLE 0
55 1 293 1 293 61 55 61 BIODEGRADABLE 0
175 37 291 37 291 93 175 93 BIODEGRADABLE 0
118 55 184 55 184 87 118 87 BIODEGRADABLE 0
127.00000000000001 80 291 80 291 157 127.00000000000001 157 BIODEGRADABLE 0
287 55 387 55 387 147 287 147 BIODEGRADABLE 0
266 29 336 29 336 91 266 91 BIODEGRADABLE 0
284 0 373 0 373 43 284 43 BIODEGRADABLE 0
357 39 415 39 415 98 357 98 BIODEGRADABLE 0
338 87 415 87 415 159 338 159 BIODEGRADABLE 0
375 3 415 3 415 42 375 42 BIODEGRADABLE 0
375 0 415 0 415 10 375 10 BIODEGRADABLE 0
2 0 415 0 415 416 2 416 BIODEGRADABLE 0