163 86 251 86 251 244 163 244 BIODEGRADABLE 0
201 170 254.00000000000003 170 254.00000000000003 294 201 294 BIODEGRADABLE 0
198 292 280 292 280 387 198 387 BIODEGRADABLE 0
76 233 203 233 203 387 76 387 BIODEGRADABLE 0
37 274 119.99999999999999 274 119.99999999999999 340 37 340 BIODEGRADABLE 0
26 222 109 222 109 310 26 310 BIODEGRADABLE 0
57.00000000000001 131 147 131 147 242.00000000000003 57.00000000000001 242.00000000000003 BIODEGRADABLE 0
48 125 91 125 91 212.99999999999997 48 212.99999999999997 BIODEGRADABLE 0
119.99999999999999 75 187 75 187 179 119.99999999999999 179 BIODEGRADABLE 0
100 183 166 183 166 278 100 278 BIODEGRADABLE 0
135 337 217 337 217 414 135 414 BIODEGRADABLE 0
205 374 285 374 285 414 205 414 BIODEGRADABLE 0
257 355 327 355 327 407 257 407 BIODEGRADABLE 0
244 262 362 262 362 378 244 378 BIODEGRADABLE 0
274 190 392 190 392 360 274 360 BIODEGRADABLE 0
238.99999999999997 140 292 140 292 239.99999999999997 238.99999999999997 239.99999999999997 BIODEGRADABLE 0
221 68 285 68 285 170 221 170 BIODEGRADABLE 0
287 115 339 115 339 192 287 192 BIODEGRADABLE 0
319 183 383 183 383 247 319 247 BIODEGRADABLE 0
327 246 397 246 397 301 327 301 BIODEGRADABLE 0