176 128 254.00000000000003 128 254.00000000000003 364 176 364 GLASS 0
310 153 398 153 398 340 310 340 BIODEGRADABLE 0
288 166 376 166 376 351 288 351 BIODEGRADABLE 0
250 187 276 187 276 342 250 342 BIODEGRADABLE 0
336 198 390 198 390 369 336 369 BIODEGRADABLE 0
294 225 326 225 326 353 294 353 BIODEGRADABLE 0
318 196 344 196 344 399 318 399 BIODEGRADABLE 0
266 213.99999999999997 315 213.99999999999997 315 405 266 405 BIODEGRADABLE 0
168 1 282 1 282 125.99999999999999 168 125.99999999999999 BIODEGRADABLE 0
14 23 115 23 115 201 14 201 BIODEGRADABLE 0
119 32 185 32 185 257 119 257 GLASS 0
233 79 322 79 322 211 233 211 BIODEGRADABLE 0
75 1 291 1 291 38 75 38 BIODEGRADABLE 0