167 45 221 45 221 83 167 83 BIODEGRADABLE 0
148 10 206 10 206 46 148 46 BIODEGRADABLE 0
129 38 174 38 174 74 129 74 BIODEGRADABLE 0
169 80 219 80 219 108.00000000000001 169 108.00000000000001 BIODEGRADABLE 0
195 26 238 26 238 64 195 64 BIODEGRADABLE 0
95 24 129 24 129 53 95 53 BIODEGRADABLE 0
97 51 133 51 133 95 97 95 BIODEGRADABLE 0
59.99999999999999 71 119.99999999999999 71 119.99999999999999 116 59.99999999999999 116 BIODEGRADABLE 0
69 50 99 50 99 79 69 79 BIODEGRADABLE 0
65 35 97 35 97 53 65 53 BIODEGRADABLE 0
43 50 69 50 69 80 43 80 BIODEGRADABLE 0
52 81 69 81 69 97 52 97 BIODEGRADABLE 0
16 98 172 98 172 170 16 170 BIODEGRADABLE 0
59.99999999999999 97 133 97 133 134 59.99999999999999 134 BIODEGRADABLE 0
41 154 157 154 157 206 41 206 BIODEGRADABLE 0
118 84 208 84 208 176 118 176 BIODEGRADABLE 0
183 100 223 100 223 168 183 168 BIODEGRADABLE 0
170 164 210 164 210 218 170 218 BIODEGRADABLE 0
148 206 178 206 178 232 148 232 BIODEGRADABLE 0
129 225 185 225 185 263 129 263 BIODEGRADABLE 0
101 192 148 192 148 230 101 230 BIODEGRADABLE 0
76 199 116 199 116 244 76 244 BIODEGRADABLE 0
189 206 257 206 257 258 189 258 BIODEGRADABLE 0
208 108.00000000000001 362 108.00000000000001 362 228.00000000000003 208 228.00000000000003 BIODEGRADABLE 0
302 72 352 72 352 114.00000000000001 302 114.00000000000001 BIODEGRADABLE 0
269 36 335 36 335 81 269 81 BIODEGRADABLE 0
275 7 333 7 333 44 275 44 BIODEGRADABLE 0
228.00000000000003 13 275 13 275 47 228.00000000000003 47 BIODEGRADABLE 0
219 48 277 48 277 90 219 90 BIODEGRADABLE 0
239.99999999999997 74 300 74 300 114.00000000000001 239.99999999999997 114.00000000000001 BIODEGRADABLE 0
213.99999999999997 87 238 87 238 119 213.99999999999997 119 BIODEGRADABLE 0
236 226.99999999999997 328 226.99999999999997 328 297 236 297 BIODEGRADABLE 0
277 209 367 209 367 267 277 267 BIODEGRADABLE 0
311 198 391 198 391 248 311 248 BIODEGRADABLE 0
315 250 415 250 415 315 315 315 BIODEGRADABLE 0
301 283 378 283 378 375 301 375 BIODEGRADABLE 0
90 297 316 297 316 415 90 415 BIODEGRADABLE 0
155 281 256 281 256 342 155 342 BIODEGRADABLE 0
189 257 283 257 283 299 189 299 BIODEGRADABLE 0
242.00000000000003 275 296 275 296 321 242.00000000000003 321 BIODEGRADABLE 0