80 245 177 245 177 380 80 380 BIODEGRADABLE 0
97 111 195 111 195 251 97 251 BIODEGRADABLE 0
172 206 258 206 258 324 172 324 BIODEGRADABLE 0
182 65 296 65 296 219 182 219 BIODEGRADABLE 0
259 174 347 174 347 296 259 296 BIODEGRADABLE 0
343 91 415 91 415 357 343 357 CARDBOARD 0
291 64 344 64 344 176 291 176 CARDBOARD 0
284 24 342 24 342 95 284 95 CARDBOARD 0
230 14.999999999999998 285 14.999999999999998 285 65 230 65 CARDBOARD 0
156 22 230 22 230 65 156 65 CARDBOARD 0
55 24 156 24 156 101 55 101 CARDBOARD 0
256 294 346 294 346 408 256 408 CARDBOARD 0
176 321 313 321 313 415 176 415 CARDBOARD 0
4 373 177 373 177 415 4 415 CARDBOARD 0
2 99 83 99 83 371 2 371 CARDBOARD 0
156 65 208 65 208 75 156 75 CARDBOARD 0
157 75 193 75 193 95 157 95 CARDBOARD 0
156 95 186 95 186 110 156 110 CARDBOARD 0
170 108.00000000000001 183 108.00000000000001 183 125 170 125 CARDBOARD 0
156 110 170 110 170 116 156 116 CARDBOARD 0
82 101 155 101 155 114.00000000000001 82 114.00000000000001 CARDBOARD 0
82 114.00000000000001 100 114.00000000000001 100 256 82 256 CARDBOARD 0
100 116 114.00000000000001 116 114.00000000000001 129 100 129 CARDBOARD 0
100 231 112.99999999999999 231 112.99999999999999 251 100 251 CARDBOARD 0
82 258 95 258 95 268 82 268 CARDBOARD 0
82 358 96 358 96 380 82 380 CARDBOARD 0
164 358 177 358 177 380 164 380 CARDBOARD 0
246 305 256 305 256 320 246 320 CARDBOARD 0
179 307 190 307 190 320 179 320 CARDBOARD 0
161 249 172 249 172 259 161 259 CARDBOARD 0
251.99999999999997 215.00000000000003 262 215.00000000000003 262 230 251.99999999999997 230 CARDBOARD 0
257 270 275 270 275 292 257 292 CARDBOARD 0
270 65 284 65 284 80 270 80 CARDBOARD 0