195 2 373 2 373 85 195 85 BIODEGRADABLE 0
332 6 414 6 414 148 332 148 BIODEGRADABLE 0
252.99999999999997 80 405 80 405 216.00000000000003 252.99999999999997 216.00000000000003 BIODEGRADABLE 0
312 170 414 170 414 344 312 344 BIODEGRADABLE 0
371 163 414 163 414 283 371 283 BIODEGRADABLE 0
316 340 415 340 415 415 316 415 BIODEGRADABLE 0
111 310 382 310 382 415 111 415 BIODEGRADABLE 0
175 205 359 205 359 333 175 333 BIODEGRADABLE 0
110 90 280 90 280 229.00000000000003 110 229.00000000000003 BIODEGRADABLE 0
134 5 266 5 266 131 134 131 BIODEGRADABLE 0
116 2 212 2 212 50 116 50 BIODEGRADABLE 0
29.999999999999996 41 166 41 166 135 29.999999999999996 135 BIODEGRADABLE 0
10 2 130 2 130 59.99999999999999 10 59.99999999999999 BIODEGRADABLE 0
1 62 87 62 87 142 1 142 BIODEGRADABLE 0
48 140 116 140 116 225.99999999999997 48 225.99999999999997 BIODEGRADABLE 0
119.99999999999999 212 216.00000000000003 212 216.00000000000003 322 119.99999999999999 322 BIODEGRADABLE 0
32 218 157 218 157 333 32 333 BIODEGRADABLE 0
67 317 180 317 180 415 67 415 BIODEGRADABLE 0
5 312 98 312 98 408 5 408 BIODEGRADABLE 0
1 228.00000000000003 84 228.00000000000003 84 348 1 348 BIODEGRADABLE 0
0 146 64 146 64 238 0 238 BIODEGRADABLE 0
1 396 84 396 84 415 1 415 BIODEGRADABLE 0
1 1 414 1 414 415 1 415 BIODEGRADABLE 0