362 280 392 280 392 330 362 330 BIODEGRADABLE 0
301 130 384 130 384 296 301 296 BIODEGRADABLE 0
351 96 401 96 401 160 351 160 BIODEGRADABLE 0
295 114.00000000000001 342 114.00000000000001 342 192 295 192 BIODEGRADABLE 0
295 280 316 280 316 314 295 314 BIODEGRADABLE 0
294 362 304 362 304 387 294 387 BIODEGRADABLE 0
290 391 351 391 351 415 290 415 BIODEGRADABLE 0
223 363 268 363 268 415 223 415 BIODEGRADABLE 0
257 366 292 366 292 409 257 409 BIODEGRADABLE 0
188 375 210 375 210 409 188 409 BIODEGRADABLE 0
153 366 185 366 185 414 153 414 BIODEGRADABLE 0
131 378 159 378 159 414 131 414 BIODEGRADABLE 0
121.00000000000001 386 158 386 158 415 121.00000000000001 415 BIODEGRADABLE 0
99 402 119.99999999999999 402 119.99999999999999 415 99 415 BIODEGRADABLE 0
86 384 112 384 112 415 86 415 BIODEGRADABLE 0
70 359 100 359 100 400 70 400 BIODEGRADABLE 0
68 398 84 398 84 415 68 415 BIODEGRADABLE 0
48 391 73 391 73 415 48 415 BIODEGRADABLE 0
26 371 59.99999999999999 371 59.99999999999999 405 26 405 BIODEGRADABLE 0
8 395 50 395 50 415 8 415 BIODEGRADABLE 0
2 362 24 362 24 416 2 416 BIODEGRADABLE 0
2 323 23 323 23 369 2 369 BIODEGRADABLE 0
20 332 50 332 50 378 20 378 BIODEGRADABLE 0
9 294 45 294 45 337 9 337 BIODEGRADABLE 0
2 237 18 237 18 291 2 291 BIODEGRADABLE 0
11 223 32 223 32 261 11 261 BIODEGRADABLE 0
2 200 17 200 17 241.00000000000003 2 241.00000000000003 BIODEGRADABLE 0
8 187 40 187 40 223 8 223 BIODEGRADABLE 0
8 143 38 143 38 191 8 191 BIODEGRADABLE 0
29 128 57.00000000000001 128 57.00000000000001 164 29 164 BIODEGRADABLE 0
2 102 29.999999999999996 102 29.999999999999996 148 2 148 BIODEGRADABLE 0
2 66 28 66 28 104 2 104 BIODEGRADABLE 0
2 39 18 39 18 71 2 71 BIODEGRADABLE 0
55 39 83 39 83 80 55 80 BIODEGRADABLE 0
32 19 72 19 72 55 32 55 BIODEGRADABLE 0
22 75 52 75 52 123 22 123 BIODEGRADABLE 0
46 100 82 100 82 141 46 141 BIODEGRADABLE 0
56 139 94 139 94 193 56 193 BIODEGRADABLE 0
43 168 78 168 78 213.99999999999997 43 213.99999999999997 BIODEGRADABLE 0
44 207 66 207 66 250 44 250 BIODEGRADABLE 0
59.99999999999999 196 94 196 94 246 59.99999999999999 246 BIODEGRADABLE 0
50 246 70 246 70 287 50 287 BIODEGRADABLE 0
31 223 55 223 55 255.00000000000003 31 255.00000000000003 BIODEGRADABLE 0
20 255.00000000000003 54.00000000000001 255.00000000000003 54.00000000000001 287 20 287 BIODEGRADABLE 0
42 286 62 286 62 316 42 316 BIODEGRADABLE 0
65 237 95 237 95 285 65 285 BIODEGRADABLE 0
49 300 90 300 90 375 49 375 BIODEGRADABLE 0
86 316 112 316 112 359 86 359 BIODEGRADABLE 0
97 286 123 286 123 332 97 332 BIODEGRADABLE 0
91 251.99999999999997 118 251.99999999999997 118 298 91 298 BIODEGRADABLE 0
111 319 131 319 131 355 111 355 BIODEGRADABLE 0
121.00000000000001 353 145 353 145 396 121.00000000000001 396 BIODEGRADABLE 0
99 352 119.99999999999999 352 119.99999999999999 398 99 398 BIODEGRADABLE 0
130 321 157 321 157 371 130 371 BIODEGRADABLE 0
157 337 183 337 183 371 157 371 BIODEGRADABLE 0
179 341 201 341 201 389 179 389 BIODEGRADABLE 0
197 337 223 337 223 369 197 369 BIODEGRADABLE 0
212.99999999999997 388 237 388 237 415 212.99999999999997 415 BIODEGRADABLE 0
413 111 415 111 415 139 413 139 BIODEGRADABLE 0
407 70 415 70 415 114.00000000000001 407 114.00000000000001 BIODEGRADABLE 0
389 76 409 76 409 114.00000000000001 389 114.00000000000001 BIODEGRADABLE 0
365 77 389 77 389 109 365 109 BIODEGRADABLE 0
365 41 395 41 395 75 365 75 BIODEGRADABLE 0
371 3 401 3 401 39 371 39 BIODEGRADABLE 0
344 3 372 3 372 39 344 39 BIODEGRADABLE 0
392 34 415 34 415 71 392 71 BIODEGRADABLE 0
333 112 354 112 354 128 333 128 BIODEGRADABLE 0
316 93 351 93 351 121.00000000000001 316 121.00000000000001 BIODEGRADABLE 0
286 75 320 75 320 118 286 118 BIODEGRADABLE 0
271 98 303 98 303 157 271 157 BIODEGRADABLE 0
260 155 294 155 294 193 260 193 BIODEGRADABLE 0
268 193 288 193 288 225 268 225 BIODEGRADABLE 0
278 209 298 209 298 238.99999999999997 278 238.99999999999997 BIODEGRADABLE 0
271 248 299 248 299 296 271 296 BIODEGRADABLE 0
245 252.99999999999997 272 252.99999999999997 272 291 245 291 BIODEGRADABLE 0
264 237 285 237 285 257 264 257 BIODEGRADABLE 0
251 205 266 205 266 243 251 243 BIODEGRADABLE 0
221 193 252.99999999999997 193 252.99999999999997 243 221 243 BIODEGRADABLE 0
229.00000000000003 248 249 248 249 268 229.00000000000003 268 BIODEGRADABLE 0
204 218 230 218 230 266 204 266 BIODEGRADABLE 0
178 238.99999999999997 206 238.99999999999997 206 275 178 275 BIODEGRADABLE 0
180 200 204 200 204 236 180 236 BIODEGRADABLE 0
231 162 259 162 259 200 231 200 BIODEGRADABLE 0
221 75 277 75 277 153 221 153 BIODEGRADABLE 0
269 66 295 66 295 96 269 96 BIODEGRADABLE 0
265 28 295 28 295 66 265 66 BIODEGRADABLE 0
312 36 359 36 359 82 312 82 BIODEGRADABLE 0
280 3 316 3 316 75 280 75 BIODEGRADABLE 0
255.00000000000003 3 283 3 283 39 255.00000000000003 39 BIODEGRADABLE 0
230 3 257 3 257 21 230 21 BIODEGRADABLE 0
202 3 232 3 232 28 202 28 BIODEGRADABLE 0
215.00000000000003 23 238.99999999999997 23 238.99999999999997 77 215.00000000000003 77 BIODEGRADABLE 0
236 29.999999999999996 263 29.999999999999996 263 68 236 68 BIODEGRADABLE 0
200 70 230 70 230 100 200 100 BIODEGRADABLE 0
197 100 224 100 224 146 197 146 BIODEGRADABLE 0
132 3 159 3 159 23 132 23 BIODEGRADABLE 0
129 23 155 23 155 66 129 66 BIODEGRADABLE 0
100 36 125.99999999999999 36 125.99999999999999 82 100 82 BIODEGRADABLE 0
112 73 142 73 142 114.00000000000001 112 114.00000000000001 BIODEGRADABLE 0
90 100 119.99999999999999 100 119.99999999999999 150 90 150 BIODEGRADABLE 0
117 110 137 110 137 148 117 148 BIODEGRADABLE 0
81 125 109 125 109 175 81 175 BIODEGRADABLE 0
64 91 96 91 96 123 64 123 BIODEGRADABLE 0
97 164 115 164 115 192 97 192 BIODEGRADABLE 0
88 187 115 187 115 221 88 221 BIODEGRADABLE 0
93 216.00000000000003 119.99999999999999 216.00000000000003 119.99999999999999 251.99999999999997 93 251.99999999999997 BIODEGRADABLE 0
112.99999999999999 237 141 237 141 285 112.99999999999999 285 BIODEGRADABLE 0
133 146 159 146 159 182 133 182 BIODEGRADABLE 0
132 184 148 184 148 216.00000000000003 132 216.00000000000003 BIODEGRADABLE 0
117 198 143 198 143 230 117 230 BIODEGRADABLE 0
145 180 180 180 180 228.00000000000003 145 228.00000000000003 BIODEGRADABLE 0
151 234 177 234 177 275 151 275 BIODEGRADABLE 0
132 248 159 248 159 286 132 286 BIODEGRADABLE 0
162 271 178 271 178 285 162 285 BIODEGRADABLE 0
147 287 175 287 175 328 147 328 BIODEGRADABLE 0
176 162 194 162 194 200 176 200 BIODEGRADABLE 0
165 141 191 141 191 169 165 169 BIODEGRADABLE 0
153 87 195 87 195 139 153 139 BIODEGRADABLE 0
136 93 160 93 160 139 136 139 BIODEGRADABLE 0
165 25 189 25 189 87 165 87 BIODEGRADABLE 0
189 37 210 37 210 89 189 89 BIODEGRADABLE 0
129 57.00000000000001 171 57.00000000000001 171 82 129 82 BIODEGRADABLE 0
174 3 200 3 200 23 174 23 BIODEGRADABLE 0
217 307 282 307 282 366 217 366 BIODEGRADABLE 0
225 362 277 362 277 416 225 416 BIODEGRADABLE 0