14.999999999999998 70 147 70 147 152 14.999999999999998 152 BIODEGRADABLE 0
4 2 115 2 115 79 4 79 BIODEGRADABLE 0
3 2 25 2 25 26 3 26 BIODEGRADABLE 0
2 115 179 115 179 221 2 221 BIODEGRADABLE 0
2 161 169 161 169 271 2 271 BIODEGRADABLE 0
340 197 398 197 398 244 340 244 BIODEGRADABLE 0
286 2 415 2 415 61 286 61 BIODEGRADABLE 0
330 237 388 237 388 316 330 316 BIODEGRADABLE 0
232 396 326 396 326 415 232 415 BIODEGRADABLE 0
379 377 415 377 415 416 379 416 BIODEGRADABLE 0
294 319 415 319 415 416 294 416 BIODEGRADABLE 0
295 366 351 366 351 411 295 411 BIODEGRADABLE 0
262 225.99999999999997 324 225.99999999999997 324 376 262 376 BIODEGRADABLE 0
204 169 284 169 284 247 204 247 BIODEGRADABLE 0
245 114.00000000000001 276 114.00000000000001 276 166 245 166 BIODEGRADABLE 0
274 27.000000000000004 288 27.000000000000004 288 75 274 75 BIODEGRADABLE 0
169 161 251 161 251 223 169 223 BIODEGRADABLE 0
161 222 204 222 204 259 161 259 BIODEGRADABLE 0
190 244 213.99999999999997 244 213.99999999999997 262 190 262 BIODEGRADABLE 0
209 251 231 251 231 277 209 277 BIODEGRADABLE 0
383 224 415 224 415 263 383 263 BIODEGRADABLE 0
49 241.00000000000003 101 241.00000000000003 101 293 49 293 BIODEGRADABLE 0
106.99999999999999 289 144 289 144 324 106.99999999999999 324 BIODEGRADABLE 0
136 271 163 271 163 305 136 305 BIODEGRADABLE 0
93 259 134 259 134 283 93 283 BIODEGRADABLE 0
23 254.00000000000003 45 254.00000000000003 45 299 23 299 BIODEGRADABLE 0
2 246 33 246 33 301 2 301 BIODEGRADABLE 0
72 322 105 322 105 356 72 356 BIODEGRADABLE 0
87 339 111 339 111 366 87 366 BIODEGRADABLE 0
59.99999999999999 291 103 291 103 325 59.99999999999999 325 BIODEGRADABLE 0
0 357 134 357 134 415 0 415 BIODEGRADABLE 0
2 264 109 264 109 370 2 370 BIODEGRADABLE 0
2 221 59.99999999999999 221 59.99999999999999 289 2 289 BIODEGRADABLE 0
165 72 185 72 185 97 165 97 BIODEGRADABLE 0
163 54.00000000000001 185 54.00000000000001 185 72 163 72 BIODEGRADABLE 0
172 41 196 41 196 59 172 59 BIODEGRADABLE 0
167 32 181 32 181 46 167 46 BIODEGRADABLE 0
159 32 173 32 173 52 159 52 BIODEGRADABLE 0
157 52 165 52 165 64 157 64 BIODEGRADABLE 0
159 12 175 12 175 29.999999999999996 159 29.999999999999996 BIODEGRADABLE 0
169 9 185 9 185 24 169 24 BIODEGRADABLE 0
182 10 202 10 202 28 182 28 BIODEGRADABLE 0
200 14.999999999999998 224 14.999999999999998 224 35 200 35 BIODEGRADABLE 0
200 2 222 2 222 14 200 14 BIODEGRADABLE 0
204 29 233 29 233 45 204 45 BIODEGRADABLE 0
178 27.000000000000004 202 27.000000000000004 202 41 178 41 BIODEGRADABLE 0
196 40 208 40 208 52 196 52 BIODEGRADABLE 0
204 49 222 49 222 67 204 67 BIODEGRADABLE 0
219 9 238.99999999999997 9 238.99999999999997 24 219 24 BIODEGRADABLE 0
225 2 237 2 237 10 225 10 BIODEGRADABLE 0
241.00000000000003 2 249 2 249 10 241.00000000000003 10 BIODEGRADABLE 0
233 14 257 14 257 29 233 29 BIODEGRADABLE 0
254.00000000000003 25 274 25 274 43 254.00000000000003 43 BIODEGRADABLE 0
248 34 266 34 266 49 248 49 BIODEGRADABLE 0
226.99999999999997 27.000000000000004 249 27.000000000000004 249 43 226.99999999999997 43 BIODEGRADABLE 0
225 45 238.99999999999997 45 238.99999999999997 65 225 65 BIODEGRADABLE 0
241.00000000000003 47 251 47 251 61 241.00000000000003 61 BIODEGRADABLE 0
250 51 268 51 268 67 250 67 BIODEGRADABLE 0
251.99999999999997 64 268 64 268 76 251.99999999999997 76 BIODEGRADABLE 0
231 61 249 61 249 77 231 77 BIODEGRADABLE 0
221 62 235 62 235 76 221 76 BIODEGRADABLE 0
186 62 215.00000000000003 62 215.00000000000003 82 186 82 BIODEGRADABLE 0
186 77 204 77 204 92 186 92 BIODEGRADABLE 0
202 72 222 72 222 88 202 88 BIODEGRADABLE 0
219 75 237 75 237 90 219 90 BIODEGRADABLE 0
231 75 258 75 258 99 231 99 BIODEGRADABLE 0
231 97 247 97 247 112 231 112 BIODEGRADABLE 0
248 87 264 87 264 102 248 102 BIODEGRADABLE 0
241.00000000000003 106 257 106 257 122 241.00000000000003 122 BIODEGRADABLE 0
226.99999999999997 109 243 109 243 127.00000000000001 226.99999999999997 127.00000000000001 BIODEGRADABLE 0
217 125.99999999999999 238.99999999999997 125.99999999999999 238.99999999999997 144 217 144 BIODEGRADABLE 0
210 138 237 138 237 154 210 154 BIODEGRADABLE 0
217 149 241.00000000000003 149 241.00000000000003 163 217 163 BIODEGRADABLE 0
185 132 212 132 212 154 185 154 BIODEGRADABLE 0
178 125 194 125 194 139 178 139 BIODEGRADABLE 0
186 116 208 116 208 131 186 131 BIODEGRADABLE 0
200 99 216.00000000000003 99 216.00000000000003 115 200 115 BIODEGRADABLE 0
209 90 233 90 233 112 209 112 BIODEGRADABLE 0
176 94 200 94 200 114.00000000000001 176 114.00000000000001 BIODEGRADABLE 0
175 278 226.99999999999997 278 226.99999999999997 416 175 416 BIODEGRADABLE 0
151 305 182 305 182 415 151 415 BIODEGRADABLE 0
317 54.00000000000001 387 54.00000000000001 387 211 317 211 BIODEGRADABLE 0