14 130 106.99999999999999 130 106.99999999999999 273 14 273 BIODEGRADABLE 0
2 200 23 200 23 246 2 246 BIODEGRADABLE 0
2 237 44 237 44 278 2 278 BIODEGRADABLE 0
2 268 90 268 90 414 2 414 BIODEGRADABLE 0
86 257 171 257 171 377 86 377 BIODEGRADABLE 0
62.99999999999999 255.00000000000003 103 255.00000000000003 103 312 62.99999999999999 312 BIODEGRADABLE 0
80 364 171 364 171 414 80 414 BIODEGRADABLE 0
153 339 203 339 203 409 153 409 BIODEGRADABLE 0
165 230 251 230 251 364 165 364 BIODEGRADABLE 0
119.99999999999999 223 180 223 180 285 119.99999999999999 285 BIODEGRADABLE 0
89 141 141 141 141 264 89 264 BIODEGRADABLE 0
179 155 261 155 261 262 179 262 BIODEGRADABLE 0
141 180 183 180 183 234 141 234 BIODEGRADABLE 0
118 80 189 80 189 192 118 192 BIODEGRADABLE 0
74 37 142 37 142 144 74 144 BIODEGRADABLE 0
136 25 200 25 200 116 136 116 BIODEGRADABLE 0
189 66 218 66 218 112 189 112 BIODEGRADABLE 0
179 102 238.99999999999997 102 238.99999999999997 180 179 180 BIODEGRADABLE 0
230 98 310 98 310 200 230 200 BIODEGRADABLE 0
224 46 280 46 280 114.00000000000001 224 114.00000000000001 BIODEGRADABLE 0
268 3 332 3 332 96 268 96 BIODEGRADABLE 0
298 71 386 71 386 139 298 139 BIODEGRADABLE 0
304 114.00000000000001 390 114.00000000000001 390 235 304 235 BIODEGRADABLE 0
330 236 388 236 388 350 330 350 BIODEGRADABLE 0
348 327 415 327 415 414 348 414 BIODEGRADABLE 0
265 298 357 298 357 414 265 414 BIODEGRADABLE 0
257 198 331 198 331 301 257 301 BIODEGRADABLE 0
235 273 270 273 270 343 235 343 BIODEGRADABLE 0
191 344 286 344 286 414 191 414 BIODEGRADABLE 0
360 186 415 186 415 330 360 330 BIODEGRADABLE 0
379 95 415 95 415 202 379 202 BIODEGRADABLE 0
384 27.000000000000004 415 27.000000000000004 415 119 384 119 BIODEGRADABLE 0