2 44 224 44 224 414 2 414 BIODEGRADABLE 0
123 232 306 232 306 414 123 414 BIODEGRADABLE 0
301 170 415 170 415 414 301 414 BIODEGRADABLE 0
204 93 372 93 372 359 204 359 BIODEGRADABLE 0
2 0 130 0 130 132 2 132 BIODEGRADABLE 0
127.00000000000001 0 336 0 336 114.00000000000001 127.00000000000001 114.00000000000001 BIODEGRADABLE 0
324 0 415 0 415 197 324 197 BIODEGRADABLE 0
2 405 16 405 16 414 2 414 BIODEGRADABLE 0
2 385 23 385 23 407 2 407 BIODEGRADABLE 0
22 400 32 400 32 414 22 414 BIODEGRADABLE 0
37 402 53 402 53 414 37 414 BIODEGRADABLE 0
31 387 52 387 52 401 31 401 BIODEGRADABLE 0
6 369 29.999999999999996 369 29.999999999999996 387 6 387 BIODEGRADABLE 0
2 348 20 348 20 378 2 378 BIODEGRADABLE 0
2 291 14 291 14 355 2 355 BIODEGRADABLE 0
6 291 24 291 24 337 6 337 BIODEGRADABLE 0
20 294 40 294 40 344 20 344 BIODEGRADABLE 0
25 282 37 282 37 296 25 296 BIODEGRADABLE 0
14.999999999999998 260 29 260 29 280 14.999999999999998 280 BIODEGRADABLE 0
2 259 23 259 23 293 2 293 BIODEGRADABLE 0
2 226.99999999999997 17 226.99999999999997 17 259 2 259 BIODEGRADABLE 0
17 230 27.000000000000004 230 27.000000000000004 262 17 262 BIODEGRADABLE 0
2 202 34 202 34 230 2 230 BIODEGRADABLE 0
13 198 29 198 29 212 13 212 BIODEGRADABLE 0
2 176 16 176 16 198 2 198 BIODEGRADABLE 0
12 182 21 182 21 194 12 194 BIODEGRADABLE 0
14 159 28 159 28 175 14 175 BIODEGRADABLE 0
5 141 14.999999999999998 141 14.999999999999998 175 5 175 BIODEGRADABLE 0
2 135 6 135 6 157 2 157 BIODEGRADABLE 0
2 116 18 116 18 132 2 132 BIODEGRADABLE 0
18 119 29.999999999999996 119 29.999999999999996 157 18 157 BIODEGRADABLE 0
23 341 47 341 47 366 23 366 BIODEGRADABLE 0
31 357 55 357 55 387 31 387 BIODEGRADABLE 0
55 382 83 382 83 414 55 414 BIODEGRADABLE 0
70 376 96 376 96 414 70 414 BIODEGRADABLE 0
64 360 76 360 76 380 64 380 BIODEGRADABLE 0
45 328 65 328 65 380 45 380 BIODEGRADABLE 0
33 319 47 319 47 344 33 344 BIODEGRADABLE 0
25 344 46 344 46 364 25 364 BIODEGRADABLE 0
37 273 53 273 53 316 37 316 BIODEGRADABLE 0
35 244 59 244 59 282 35 282 BIODEGRADABLE 0
29 257 41 257 41 275 29 275 BIODEGRADABLE 0
28 216.00000000000003 43 216.00000000000003 43 251.99999999999997 28 251.99999999999997 BIODEGRADABLE 0
31 184 46 184 46 216.00000000000003 31 216.00000000000003 BIODEGRADABLE 0
23 152 38 152 38 200 23 200 BIODEGRADABLE 0
32 132 62 132 62 166 32 166 BIODEGRADABLE 0
39 162 59 162 59 198 39 198 BIODEGRADABLE 0
55 189 73 189 73 211 55 211 BIODEGRADABLE 0
43 200 59 200 59 246 43 246 BIODEGRADABLE 0
59.99999999999999 213.99999999999997 76 213.99999999999997 76 234 59.99999999999999 234 BIODEGRADABLE 0
52 237 72 237 72 262 52 262 BIODEGRADABLE 0
59 257 80 257 80 279 59 279 BIODEGRADABLE 0
57.00000000000001 280 91 280 91 314 57.00000000000001 314 BIODEGRADABLE 0
50 284 58 284 58 300 50 300 BIODEGRADABLE 0
50 298 70 298 70 332 50 332 BIODEGRADABLE 0
64 316 84 316 84 362 64 362 BIODEGRADABLE 0
76 330 90 330 90 376 76 376 BIODEGRADABLE 0
87 346 102 346 102 394 87 394 BIODEGRADABLE 0
96 364 119.99999999999999 364 119.99999999999999 407 96 407 BIODEGRADABLE 0
102 384 124 384 124 414 102 414 BIODEGRADABLE 0
105 330 127.00000000000001 330 127.00000000000001 364 105 364 BIODEGRADABLE 0
91 335 112.99999999999999 335 112.99999999999999 353 91 353 BIODEGRADABLE 0
94 323 114.00000000000001 323 114.00000000000001 339 94 339 BIODEGRADABLE 0
78 310 102 310 102 328 78 328 BIODEGRADABLE 0
93 298 109 298 109 323 93 323 BIODEGRADABLE 0
80 273 100 273 100 295 80 295 BIODEGRADABLE 0
78 250 94 250 94 284 78 284 BIODEGRADABLE 0
71 230 86 230 86 251.99999999999997 71 251.99999999999997 BIODEGRADABLE 0
81 212 97 212 97 237 81 237 BIODEGRADABLE 0
73 198 89 198 89 220 73 220 BIODEGRADABLE 0
79 175 97 175 97 200 79 200 BIODEGRADABLE 0
73 175 85 175 85 200 73 200 BIODEGRADABLE 0
65 145 89 145 89 173 65 173 BIODEGRADABLE 0
56 159 74 159 74 189 56 189 BIODEGRADABLE 0
56 130 74 130 74 152 56 152 BIODEGRADABLE 0
54.00000000000001 128 62 128 62 144 54.00000000000001 144 BIODEGRADABLE 0
62 105 80 105 80 127.00000000000001 62 127.00000000000001 BIODEGRADABLE 0
74 125.99999999999999 88 125.99999999999999 88 148 74 148 BIODEGRADABLE 0
82 106.99999999999999 97 106.99999999999999 97 127.00000000000001 82 127.00000000000001 BIODEGRADABLE 0
87 118 105 118 105 150 87 150 BIODEGRADABLE 0
103 114.00000000000001 118 114.00000000000001 118 134 103 134 BIODEGRADABLE 0
97 106.99999999999999 111 106.99999999999999 111 123 97 123 BIODEGRADABLE 0
91 77 109 77 109 105 91 105 BIODEGRADABLE 0
106 66 122 66 122 86 106 86 BIODEGRADABLE 0
123 62 139 62 139 87 123 87 BIODEGRADABLE 0
128 41 144 41 144 66 128 66 BIODEGRADABLE 0
119.99999999999999 96 136 96 136 116 119.99999999999999 116 BIODEGRADABLE 0
118 121.00000000000001 133 121.00000000000001 133 141 118 141 BIODEGRADABLE 0
103 137 117 137 117 155 103 155 BIODEGRADABLE 0
92 148 112 148 112 173 92 173 BIODEGRADABLE 0
87 146 99 146 99 162 87 162 BIODEGRADABLE 0
85 164 95 164 95 178 85 178 BIODEGRADABLE 0
91 196 105 196 105 221 91 221 BIODEGRADABLE 0
101 189 121.00000000000001 189 121.00000000000001 221 101 221 BIODEGRADABLE 0
99 169 115 169 115 191 99 191 BIODEGRADABLE 0
94 146 112 146 112 168 94 168 BIODEGRADABLE 0
112 219 122 219 122 238.99999999999997 112 238.99999999999997 BIODEGRADABLE 0
98 219 112 219 112 237 98 237 BIODEGRADABLE 0
100 242.00000000000003 115 242.00000000000003 115 264 100 264 BIODEGRADABLE 0
108.00000000000001 257 124 257 124 277 108.00000000000001 277 BIODEGRADABLE 0
97 260 109 260 109 282 97 282 BIODEGRADABLE 0
105 278 125.99999999999999 278 125.99999999999999 303 105 303 BIODEGRADABLE 0
108.00000000000001 300 129 300 129 328 108.00000000000001 328 BIODEGRADABLE 0
152 109 211 109 211 202 152 202 BIODEGRADABLE 0
144 201 184 201 184 271 144 271 BIODEGRADABLE 0
127.00000000000001 145 163 145 163 207 127.00000000000001 207 BIODEGRADABLE 0
115 105 156 105 156 162 115 162 BIODEGRADABLE 0
125 64 153 64 153 106.99999999999999 125 106.99999999999999 BIODEGRADABLE 0
109 262 159 262 159 330 109 330 BIODEGRADABLE 0
121.00000000000001 378 135 378 135 398 121.00000000000001 398 BIODEGRADABLE 0
123 357 133 357 133 377 123 377 BIODEGRADABLE 0
125 398 135 398 135 414 125 414 BIODEGRADABLE 0
137 392 153 392 153 414 137 414 BIODEGRADABLE 0
136 375 145 375 145 393 136 393 BIODEGRADABLE 0
143 373 153 373 153 393 143 393 BIODEGRADABLE 0
132 293 153 293 153 323 132 323 BIODEGRADABLE 0
185 303 197 303 197 321 185 321 BIODEGRADABLE 0
200 335 210 335 210 357 200 357 BIODEGRADABLE 0
207 348 221 348 221 370 207 370 BIODEGRADABLE 0
200 389 210 389 210 409 200 409 BIODEGRADABLE 0
229.00000000000003 385 247 385 247 407 229.00000000000003 407 BIODEGRADABLE 0
221 362 237 362 237 387 221 387 BIODEGRADABLE 0
238.99999999999997 369 260 369 260 394 238.99999999999997 394 BIODEGRADABLE 0
209 360 303 360 303 414 209 414 BIODEGRADABLE 0
112 364 204 364 204 414 112 414 BIODEGRADABLE 0
174 305 210 305 210 383 174 383 BIODEGRADABLE 0
203 321 262 321 262 401 203 401 BIODEGRADABLE 0
179 257 213.99999999999997 257 213.99999999999997 329 179 329 BIODEGRADABLE 0
123 334 181 334 181 398 123 398 BIODEGRADABLE 0
238.99999999999997 271 251 271 251 293 238.99999999999997 293 BIODEGRADABLE 0
247 250 257 250 257 268 247 268 BIODEGRADABLE 0
235 241.00000000000003 247 241.00000000000003 247 261 235 261 BIODEGRADABLE 0
261 255.00000000000003 271 255.00000000000003 271 271 261 271 BIODEGRADABLE 0
252.99999999999997 242.00000000000003 269 242.00000000000003 269 264 252.99999999999997 264 BIODEGRADABLE 0
245 238.99999999999997 257 238.99999999999997 257 251 245 251 BIODEGRADABLE 0
245 216.00000000000003 252.99999999999997 216.00000000000003 252.99999999999997 232 245 232 BIODEGRADABLE 0
241.00000000000003 202 250 202 250 213.99999999999997 241.00000000000003 213.99999999999997 BIODEGRADABLE 0
235 189 244 189 244 207 235 207 BIODEGRADABLE 0
226.99999999999997 189 236 189 236 205 226.99999999999997 205 BIODEGRADABLE 0
283 187 292 187 292 205 283 205 BIODEGRADABLE 0
212.99999999999997 118 252.99999999999997 118 252.99999999999997 193 212.99999999999997 193 BIODEGRADABLE 0
270 128 324 128 324 180 270 180 BIODEGRADABLE 0
301 185 343 185 343 238.99999999999997 301 238.99999999999997 BIODEGRADABLE 0
264 248 332 248 332 316 264 316 BIODEGRADABLE 0
258 217 288 217 288 305 258 305 BIODEGRADABLE 0
211 187 229.00000000000003 187 229.00000000000003 238.99999999999997 211 238.99999999999997 BIODEGRADABLE 0
336 382 358 382 358 414 336 414 BIODEGRADABLE 0
321 370 353 370 353 398 321 398 BIODEGRADABLE 0
304 389 334 389 334 414 304 414 BIODEGRADABLE 0
299 360 321 360 321 396 299 396 BIODEGRADABLE 0
310 323 328 323 328 361 310 361 BIODEGRADABLE 0
321 337 343 337 343 373 321 373 BIODEGRADABLE 0
336 325 354 325 354 355 336 355 BIODEGRADABLE 0
327 302 354 302 354 330 327 330 BIODEGRADABLE 0
350 312 378 312 378 337 350 337 BIODEGRADABLE 0
345 280 363 280 363 310 345 310 BIODEGRADABLE 0
360 278 380 278 380 314 360 314 BIODEGRADABLE 0
359 264 377 264 377 280 359 280 BIODEGRADABLE 0
344 269 362 269 362 289 344 289 BIODEGRADABLE 0
351 234 378 234 378 264 351 264 BIODEGRADABLE 0
337 225.99999999999997 357 225.99999999999997 357 248 337 248 BIODEGRADABLE 0
362 213.99999999999997 383 213.99999999999997 383 244 362 244 BIODEGRADABLE 0
365 196 389 196 389 228.00000000000003 365 228.00000000000003 BIODEGRADABLE 0
386 207 406 207 406 229.00000000000003 386 229.00000000000003 BIODEGRADABLE 0
385 228.00000000000003 401 228.00000000000003 401 252.99999999999997 385 252.99999999999997 BIODEGRADABLE 0
379 369 397 369 397 391 379 391 BIODEGRADABLE 0
359 359 381 359 381 391 359 391 BIODEGRADABLE 0
372 389 387 389 387 409 372 409 BIODEGRADABLE 0
356 378 371 378 371 414 356 414 BIODEGRADABLE 0
386 348 408 348 408 373 386 373 BIODEGRADABLE 0
363 332 397 332 397 394 363 394 BIODEGRADABLE 0
400 326 416 326 416 398 400 398 BIODEGRADABLE 0
378 204 415 204 415 346 378 346 BIODEGRADABLE 0
224 87 242.00000000000003 87 242.00000000000003 112 224 112 BIODEGRADABLE 0
204 75 224 75 224 105 204 105 BIODEGRADABLE 0
189 55 210 55 210 96 189 96 BIODEGRADABLE 0
168 59 184 59 184 89 168 89 BIODEGRADABLE 0
176 29.999999999999996 192 29.999999999999996 192 62 176 62 BIODEGRADABLE 0
164 32 174 32 174 52 164 52 BIODEGRADABLE 0
145 34 159 34 159 59 145 59 BIODEGRADABLE 0
238 59.99999999999999 258 59.99999999999999 258 96 238 96 BIODEGRADABLE 0
243 92 259 92 259 114.00000000000001 243 114.00000000000001 BIODEGRADABLE 0
258 73 274 73 274 105 258 105 BIODEGRADABLE 0
276 75 294 75 294 93 276 93 BIODEGRADABLE 0
269 53 289 53 289 75 269 75 BIODEGRADABLE 0
395 142 415 142 415 180 395 180 BIODEGRADABLE 0
377 164 398 164 398 186 377 186 BIODEGRADABLE 0
370 94 398 94 398 132 370 132 BIODEGRADABLE 0
369 125 410 125 410 168 369 168 BIODEGRADABLE 0
362 48 389 48 389 82 362 82 BIODEGRADABLE 0
336 82 377 82 377 128 336 128 BIODEGRADABLE 0
379 23 407 23 407 80 379 80 BIODEGRADABLE 0
354 12 374 12 374 44 354 44 BIODEGRADABLE 0
392 0 408 0 408 32 392 32 BIODEGRADABLE 0
1 0 415 0 415 415 1 415 BIODEGRADABLE 0
246 29.999999999999996 262 29.999999999999996 262 59.99999999999999 246 59.99999999999999 BIODEGRADABLE 0
295 7 333 7 333 93 295 93 BIODEGRADABLE 0
224 18 296 18 296 102 224 102 BIODEGRADABLE 0
174 27.000000000000004 232 27.000000000000004 232 57.00000000000001 174 57.00000000000001 BIODEGRADABLE 0
118 7 188 7 188 39 118 39 BIODEGRADABLE 0