3 375 28 375 28 415 3 415 BIODEGRADABLE 0
3 357 53 357 53 397 3 397 BIODEGRADABLE 0
29.999999999999996 369 78 369 78 415 29.999999999999996 415 BIODEGRADABLE 0
69 389 106.99999999999999 389 106.99999999999999 415 69 415 BIODEGRADABLE 0
82 376 132 376 132 412 82 412 BIODEGRADABLE 0
130 367 180 367 180 401 130 401 BIODEGRADABLE 0
128 395 187 395 187 415 128 415 BIODEGRADABLE 0
173 388 235 388 235 415 173 415 BIODEGRADABLE 0
175 353 221 353 221 389 175 389 BIODEGRADABLE 0
132 344 182 344 182 371 132 371 BIODEGRADABLE 0
101 311 155 311 155 353 101 353 BIODEGRADABLE 0
57.00000000000001 336 114.00000000000001 336 114.00000000000001 373 57.00000000000001 373 BIODEGRADABLE 0
10 338 64 338 64 362 10 362 BIODEGRADABLE 0
9 312 73 312 73 350 9 350 BIODEGRADABLE 0
3 300 39 300 39 348 3 348 BIODEGRADABLE 0
36 292 84 292 84 328 36 328 BIODEGRADABLE 0
70 319 98 319 98 339 70 339 BIODEGRADABLE 0
80 298 118 298 118 329 80 329 BIODEGRADABLE 0
106.99999999999999 283 125 283 125 301 106.99999999999999 301 BIODEGRADABLE 0
119 294 141 294 141 316 119 316 BIODEGRADABLE 0
130 280 164 280 164 310 130 310 BIODEGRADABLE 0
103 266 144 266 144 292 103 292 BIODEGRADABLE 0
152 282 184 282 184 318 152 318 BIODEGRADABLE 0
185 288 205 288 205 309 185 309 BIODEGRADABLE 0
178 303 232 303 232 335 178 335 BIODEGRADABLE 0
155 320 198 320 198 347 155 347 BIODEGRADABLE 0
171 336 205 336 205 366 171 366 BIODEGRADABLE 0
207 310 259 310 259 384 207 384 BIODEGRADABLE 0
216.00000000000003 302 248 302 248 330 216.00000000000003 330 BIODEGRADABLE 0
223 384 261 384 261 415 223 415 BIODEGRADABLE 0
246 394 296 394 296 415 246 415 BIODEGRADABLE 0
264 372 294 372 294 395 264 395 BIODEGRADABLE 0
289 388 323 388 323 415 289 415 BIODEGRADABLE 0
305 372 335 372 335 398 305 398 BIODEGRADABLE 0
314 398 334 398 334 414 314 414 BIODEGRADABLE 0
337 380 369 380 369 411 337 411 BIODEGRADABLE 0
332 407 364 407 364 415 332 415 BIODEGRADABLE 0
300 367 341 367 341 395 300 395 BIODEGRADABLE 0
312 359 334 359 334 375 312 375 BIODEGRADABLE 0
285 343 323 343 323 374 285 374 BIODEGRADABLE 0
259 342 289 342 289 360 259 360 BIODEGRADABLE 0
262 358 284 358 284 389 262 389 BIODEGRADABLE 0
259 310 309 310 309 342 259 342 BIODEGRADABLE 0
282 304 316 304 316 336 282 336 BIODEGRADABLE 0
300 320 352 320 352 344 300 344 BIODEGRADABLE 0
321 330 357 330 357 364 321 364 BIODEGRADABLE 0
341 327 391 327 391 363 341 363 BIODEGRADABLE 0
350 359 391 359 391 382 350 382 BIODEGRADABLE 0
368 286 415 286 415 319 368 319 BIODEGRADABLE 0
355 304 373 304 373 330 355 330 BIODEGRADABLE 0
339 304 361 304 361 325 339 325 BIODEGRADABLE 0
305 283 353 283 353 318 305 318 BIODEGRADABLE 0
332 274 373 274 373 303 332 303 BIODEGRADABLE 0
350 259 398 259 398 297 350 297 BIODEGRADABLE 0
275 280 305 280 305 306 275 306 BIODEGRADABLE 0
246 300 276 300 276 320 246 320 BIODEGRADABLE 0
238.99999999999997 268 282 268 282 303 238.99999999999997 303 BIODEGRADABLE 0
198 274 246 274 246 300 198 300 BIODEGRADABLE 0
162 245 216.00000000000003 245 216.00000000000003 281 162 281 BIODEGRADABLE 0
125.99999999999999 252.99999999999997 164 252.99999999999997 164 279 125.99999999999999 279 BIODEGRADABLE 0
84 268 102 268 102 286 84 286 BIODEGRADABLE 0
57.00000000000001 280 91 280 91 295 57.00000000000001 295 BIODEGRADABLE 0
21 256 59 256 59 286 21 286 BIODEGRADABLE 0
2 263 48 263 48 298 2 298 BIODEGRADABLE 0
59 264 84 264 84 279 59 279 BIODEGRADABLE 0
34 224 93 224 93 265 34 265 BIODEGRADABLE 0
3 219 46 219 46 259 3 259 BIODEGRADABLE 0
3 197 23 197 23 225 3 225 BIODEGRADABLE 0
84 238 127.00000000000001 238 127.00000000000001 268 84 268 BIODEGRADABLE 0
109 215.00000000000003 152 215.00000000000003 152 243 109 243 BIODEGRADABLE 0
128 237 162 237 162 252.99999999999997 128 252.99999999999997 BIODEGRADABLE 0
139 199 185 199 185 235 139 235 BIODEGRADABLE 0
159 235 189 235 189 251 159 251 BIODEGRADABLE 0
193 222 241.00000000000003 222 241.00000000000003 248 193 248 BIODEGRADABLE 0
212 247 244 247 244 274 212 274 BIODEGRADABLE 0
241.00000000000003 224 282 224 282 258 241.00000000000003 258 BIODEGRADABLE 0
248 256 280 256 280 276 248 276 BIODEGRADABLE 0
280 256 298 256 298 286 280 286 BIODEGRADABLE 0
282 250 304 250 304 268 282 268 BIODEGRADABLE 0
298 247 344 247 344 282 298 282 BIODEGRADABLE 0
310 236 353 236 353 271 310 271 BIODEGRADABLE 0
352 224 400 224 400 259 352 259 BIODEGRADABLE 0
380 254.00000000000003 392 254.00000000000003 392 266 380 266 BIODEGRADABLE 0
396 265 414 265 414 285 396 285 BIODEGRADABLE 0
384 223 409 223 409 238.99999999999997 384 238.99999999999997 BIODEGRADABLE 0
395 226.99999999999997 415 226.99999999999997 415 256 395 256 BIODEGRADABLE 0
336 202 366 202 366 229.00000000000003 336 229.00000000000003 BIODEGRADABLE 0
323 218 348 218 348 242.00000000000003 323 242.00000000000003 BIODEGRADABLE 0
289 225.99999999999997 317 225.99999999999997 317 248 289 248 BIODEGRADABLE 0
295 201 323 201 323 226.99999999999997 295 226.99999999999997 BIODEGRADABLE 0
314 189 348 189 348 216.00000000000003 314 216.00000000000003 BIODEGRADABLE 0
348 182 373 182 373 200 348 200 BIODEGRADABLE 0
366 197 391 197 391 223 366 223 BIODEGRADABLE 0
394 174 416 174 416 213.99999999999997 394 213.99999999999997 BIODEGRADABLE 0
378 156 414 156 414 182 378 182 BIODEGRADABLE 0
366 170 384 170 384 191 366 191 BIODEGRADABLE 0
325 156 366 156 366 188 325 188 BIODEGRADABLE 0
294 177 328 177 328 203 294 203 BIODEGRADABLE 0
269 165 323 165 323 192 269 192 BIODEGRADABLE 0
266 188 298 188 298 203 266 203 BIODEGRADABLE 0
243 196 293 196 293 223 243 223 BIODEGRADABLE 0
266 211 296 211 296 225.99999999999997 266 225.99999999999997 BIODEGRADABLE 0
229.00000000000003 215.00000000000003 257 215.00000000000003 257 229.00000000000003 229.00000000000003 229.00000000000003 BIODEGRADABLE 0
212 192 252.99999999999997 192 252.99999999999997 224 212 224 BIODEGRADABLE 0
171 192 221 192 221 224 171 224 BIODEGRADABLE 0
159 179 191 179 191 199 159 199 BIODEGRADABLE 0
119.99999999999999 185 148 185 148 212 119.99999999999999 212 BIODEGRADABLE 0
73 195 125 195 125 230 73 230 BIODEGRADABLE 0
41 197 77 197 77 226.99999999999997 41 226.99999999999997 BIODEGRADABLE 0
5 190 43 190 43 218 5 218 BIODEGRADABLE 0
16 175 54.00000000000001 175 54.00000000000001 197 16 197 BIODEGRADABLE 0
3 154 37 154 37 188 3 188 BIODEGRADABLE 0
50 177 80 177 80 201 50 201 BIODEGRADABLE 0
66 159 130 159 130 195 66 195 BIODEGRADABLE 0
137 162 173 162 173 189 137 189 BIODEGRADABLE 0
170 152 216.00000000000003 152 216.00000000000003 179 170 179 BIODEGRADABLE 0
194 173 230 173 230 194 194 194 BIODEGRADABLE 0
232 168 268 168 268 200 232 200 BIODEGRADABLE 0
213.99999999999997 144 248 144 248 174 213.99999999999997 174 BIODEGRADABLE 0
237 147 257 147 257 168 237 168 BIODEGRADABLE 0
235 130 257 130 257 148 235 148 BIODEGRADABLE 0
257 141 287 141 287 168 257 168 BIODEGRADABLE 0
262 129 312 129 312 165 262 165 BIODEGRADABLE 0
296 144 334 144 334 172 296 172 BIODEGRADABLE 0
328 129 364 129 364 156 328 156 BIODEGRADABLE 0
360 133 396 133 396 153 360 153 BIODEGRADABLE 0
394 136 416 136 416 154 394 154 BIODEGRADABLE 0
364 101 407 101 407 136 364 136 BIODEGRADABLE 0
341 119.99999999999999 369 119.99999999999999 369 134 341 134 BIODEGRADABLE 0
314 95 357 95 357 121.00000000000001 314 121.00000000000001 BIODEGRADABLE 0
292 117 330 117 330 144 292 144 BIODEGRADABLE 0
273 85 311 85 311 119 273 119 BIODEGRADABLE 0
244 103 287 103 287 138 244 138 BIODEGRADABLE 0
212 105 244 105 244 129 212 129 BIODEGRADABLE 0
207 119 229.00000000000003 119 229.00000000000003 147 207 147 BIODEGRADABLE 0
170 119.99999999999999 216.00000000000003 119.99999999999999 216.00000000000003 150 170 150 BIODEGRADABLE 0
157 74 216.00000000000003 74 216.00000000000003 112 157 112 BIODEGRADABLE 0
114.00000000000001 135 166 135 166 169 114.00000000000001 169 BIODEGRADABLE 0
121.00000000000001 116 169 116 169 138 121.00000000000001 138 BIODEGRADABLE 0
66 109 123 109 123 149 66 149 BIODEGRADABLE 0
28 139 80 139 80 174 28 174 BIODEGRADABLE 0
16 102 75 102 75 140 16 140 BIODEGRADABLE 0
2 130 14 130 14 162 2 162 BIODEGRADABLE 0
4 115 32 115 32 145 4 145 BIODEGRADABLE 0
43 75 89 75 89 111 43 111 BIODEGRADABLE 0
3 61 53 61 53 97 3 97 BIODEGRADABLE 0
2 94 18 94 18 125.99999999999999 2 125.99999999999999 BIODEGRADABLE 0
80 67 142 67 142 112.99999999999999 80 112.99999999999999 BIODEGRADABLE 0
125 95 155 95 155 115 125 115 BIODEGRADABLE 0
134 71 166 71 166 92 134 92 BIODEGRADABLE 0
123 35 175 35 175 76 123 76 BIODEGRADABLE 0
71 32 121.00000000000001 32 121.00000000000001 68 71 68 BIODEGRADABLE 0
50 55 80 55 80 76 50 76 BIODEGRADABLE 0
14 28 59.99999999999999 28 59.99999999999999 64 14 64 BIODEGRADABLE 0
3 28 21 28 21 58 3 58 BIODEGRADABLE 0
3 1 39 1 39 29 3 29 BIODEGRADABLE 0
46 5 100 5 100 32 46 32 BIODEGRADABLE 0
44 0 80 0 80 3 44 3 BIODEGRADABLE 0
96 0 148 0 148 12 96 12 BIODEGRADABLE 0
100 14.999999999999998 146 14.999999999999998 146 41 100 41 BIODEGRADABLE 0
139 1 180 1 180 35 139 35 BIODEGRADABLE 0
162 0 198 0 198 20 162 20 BIODEGRADABLE 0
164 26 200 26 200 64 164 64 BIODEGRADABLE 0
164 62 202 62 202 77 164 77 BIODEGRADABLE 0
193 37 225 37 225 67 193 67 BIODEGRADABLE 0
209 41 243 41 243 76 209 76 BIODEGRADABLE 0
205 72 248 72 248 108.00000000000001 205 108.00000000000001 BIODEGRADABLE 0
191 14.999999999999998 234 14.999999999999998 234 42 191 42 BIODEGRADABLE 0
203 0 255.00000000000003 0 255.00000000000003 32 203 32 BIODEGRADABLE 0
210 2 232 2 232 23 210 23 BIODEGRADABLE 0
234 28 268 28 268 55 234 55 BIODEGRADABLE 0
255.00000000000003 50 287 50 287 77 255.00000000000003 77 BIODEGRADABLE 0
266 73 286 73 286 88 266 88 BIODEGRADABLE 0
278 55 319 55 319 87 278 87 BIODEGRADABLE 0
312 58 362 58 362 94 312 94 BIODEGRADABLE 0
353 88 373 88 373 108.00000000000001 353 108.00000000000001 BIODEGRADABLE 0
366 65 412 65 412 103 366 103 BIODEGRADABLE 0
382 45 400 45 400 65 382 65 BIODEGRADABLE 0
364 41 382 41 382 65 364 65 BIODEGRADABLE 0
330 43 368 43 368 70 330 70 BIODEGRADABLE 0
328 14 364 14 364 42 328 42 BIODEGRADABLE 0
362 21 378 21 378 41 362 41 BIODEGRADABLE 0
380 16 410 16 410 46 380 46 BIODEGRADABLE 0
379 0 415 0 415 14.999999999999998 379 14.999999999999998 BIODEGRADABLE 0
342 0 380 0 380 20 342 20 BIODEGRADABLE 0
307 1 348 1 348 17 307 17 BIODEGRADABLE 0
273 2 325 2 325 37 273 37 BIODEGRADABLE 0
294 34 328 34 328 58 294 58 BIODEGRADABLE 0
268 22 293 22 293 52 268 52 BIODEGRADABLE 0
255.00000000000003 14 273 14 273 29 255.00000000000003 29 BIODEGRADABLE 0
262 0 305 0 305 14 262 14 BIODEGRADABLE 0
222 0 271 0 271 31 222 31 BIODEGRADABLE 0