249 44 289 44 289 73 249 73 BIODEGRADABLE 0
172 44 254.00000000000003 44 254.00000000000003 110 172 110 BIODEGRADABLE 0
17 50 182 50 182 158 17 158 BIODEGRADABLE 0
7 124 125 124 125 209 7 209 BIODEGRADABLE 0
1 151 73 151 73 213.99999999999997 1 213.99999999999997 BIODEGRADABLE 0
106.99999999999999 119 161 119 161 164 106.99999999999999 164 BIODEGRADABLE 0
139 110 191 110 191 148 139 148 BIODEGRADABLE 0
189 108.00000000000001 247 108.00000000000001 247 152 189 152 BIODEGRADABLE 0
167 100 195 100 195 111 167 111 BIODEGRADABLE 0
256 74 296 74 296 98 256 98 BIODEGRADABLE 0
288 59 328 59 328 95 288 95 BIODEGRADABLE 0
252.99999999999997 96 305 96 305 124 252.99999999999997 124 BIODEGRADABLE 0
245 108.00000000000001 288 108.00000000000001 288 150 245 150 BIODEGRADABLE 0
292 104 339 104 339 140 292 140 BIODEGRADABLE 0
320 89 378 89 378 134 320 134 BIODEGRADABLE 0
320 130 358 130 358 164 320 164 BIODEGRADABLE 0
281 132 333 132 333 170 281 170 BIODEGRADABLE 0
234 146 284 146 284 182 234 182 BIODEGRADABLE 0
135 148 251 148 251 208 135 208 BIODEGRADABLE 0
88 172 172 172 172 233 88 233 BIODEGRADABLE 0
13 211 101 211 101 233 13 233 BIODEGRADABLE 0
1 230 127.00000000000001 230 127.00000000000001 282 1 282 BIODEGRADABLE 0
17 254.00000000000003 97 254.00000000000003 97 294 17 294 BIODEGRADABLE 0
43 289 73 289 73 317 43 317 BIODEGRADABLE 0
61 310 67 310 67 331 61 331 BIODEGRADABLE 0
69 281 127.00000000000001 281 127.00000000000001 353 69 353 BIODEGRADABLE 0
106.99999999999999 264 189 264 189 328 106.99999999999999 328 BIODEGRADABLE 0
114.00000000000001 327 210 327 210 397 114.00000000000001 397 BIODEGRADABLE 0
172 299 243 299 243 355 172 355 BIODEGRADABLE 0
215.00000000000003 341 283 341 283 389 215.00000000000003 389 BIODEGRADABLE 0
243 294 350 294 350 374 243 374 BIODEGRADABLE 0
296 233 397 233 397 304 296 304 BIODEGRADABLE 0
371 213.99999999999997 414 213.99999999999997 414 246 371 246 BIODEGRADABLE 0
358 178 414 178 414 213.99999999999997 358 213.99999999999997 BIODEGRADABLE 0
305 159 359 159 359 211 305 211 BIODEGRADABLE 0
264 170 304 170 304 199 264 199 BIODEGRADABLE 0
273 196 311 196 311 225 273 225 BIODEGRADABLE 0
292 212.99999999999997 335 212.99999999999997 335 243 292 243 BIODEGRADABLE 0
335 209 371 209 371 237 335 237 BIODEGRADABLE 0
277 238 303 238 303 268 277 268 BIODEGRADABLE 0
249 223 285 223 285 251 249 251 BIODEGRADABLE 0
260 267 294 267 294 297 260 297 BIODEGRADABLE 0
236 294 260 294 260 312 236 312 BIODEGRADABLE 0
232 251 279 251 279 283 232 283 BIODEGRADABLE 0
223 233 247 233 247 263 223 263 BIODEGRADABLE 0
247 202 271 202 271 222 247 222 BIODEGRADABLE 0
226.99999999999997 193 249 193 249 212.99999999999997 226.99999999999997 212.99999999999997 BIODEGRADABLE 0
225 212 245 212 245 232 225 232 BIODEGRADABLE 0
216.00000000000003 285 236 285 236 301 216.00000000000003 301 BIODEGRADABLE 0
187 281 209 281 209 299 187 299 BIODEGRADABLE 0
204 264 225.99999999999997 264 225.99999999999997 290 204 290 BIODEGRADABLE 0
189 256 206 256 206 277 189 277 BIODEGRADABLE 0
185 248 202 248 202 262 185 262 BIODEGRADABLE 0
144 233 178 233 178 255.00000000000003 144 255.00000000000003 BIODEGRADABLE 0
178 228.00000000000003 195 228.00000000000003 195 246 178 246 BIODEGRADABLE 0
159 206 199 206 199 232 159 232 BIODEGRADABLE 0
198 222 215.00000000000003 222 215.00000000000003 246 198 246 BIODEGRADABLE 0
204 201 225.99999999999997 201 225.99999999999997 222 204 222 BIODEGRADABLE 0
210 243 225 243 225 264 210 264 BIODEGRADABLE 0
114.00000000000001 237 144 237 144 259 114.00000000000001 259 BIODEGRADABLE 0