29 2 177 2 177 110 29 110 BIODEGRADABLE 0
3 2 37 2 37 64 3 64 BIODEGRADABLE 0
2 59 73 59 73 109 2 109 BIODEGRADABLE 0
143 2 229.00000000000003 2 229.00000000000003 85 143 85 BIODEGRADABLE 0
162 11 354 11 354 203 162 203 BIODEGRADABLE 0
224 144 276 144 276 180 224 180 BIODEGRADABLE 0
181 115 231 115 231 157 181 157 BIODEGRADABLE 0
142 98 190 98 190 134 142 134 BIODEGRADABLE 0
121.00000000000001 89 155 89 155 115 121.00000000000001 115 BIODEGRADABLE 0
147 134 195 134 195 172 147 172 BIODEGRADABLE 0
187 155 233 155 233 191 187 191 BIODEGRADABLE 0
117 131 143 131 143 165 117 165 BIODEGRADABLE 0
93 110 125 110 125 144 93 144 BIODEGRADABLE 0
3 66 149 66 149 286 3 286 BIODEGRADABLE 0
2 78 22 78 22 142 2 142 BIODEGRADABLE 0
43 254.00000000000003 175 254.00000000000003 175 351 43 351 BIODEGRADABLE 0
125 164 207 164 207 266 125 266 BIODEGRADABLE 0
156 249 302 249 302 332 156 332 BIODEGRADABLE 0
207 181 365 181 365 327 207 327 BIODEGRADABLE 0
221 377 374 377 374 415 221 415 BIODEGRADABLE 0
339 378 369 378 369 400 339 400 BIODEGRADABLE 0
339 343 375 343 375 375 339 375 BIODEGRADABLE 0
304 327 347 327 347 359 304 359 BIODEGRADABLE 0
311 319 339 319 339 330 311 330 BIODEGRADABLE 0
291 321 311 321 311 348 291 348 BIODEGRADABLE 0
261 343 304 343 304 375 261 375 BIODEGRADABLE 0
304 356 343 356 343 380 304 380 BIODEGRADABLE 0
127.00000000000001 303 298 303 298 415 127.00000000000001 415 BIODEGRADABLE 0
48 349 100 349 100 388 48 388 BIODEGRADABLE 0
2 277 82 277 82 367 2 367 BIODEGRADABLE 0
2 368 39 368 39 415 2 415 BIODEGRADABLE 0
2 358 148 358 148 415 2 415 BIODEGRADABLE 0