17 117 55 117 55 234 17 234 BIODEGRADABLE 0
53 58 130 58 130 197 53 197 BIODEGRADABLE 0
1 142 17 142 17 216.00000000000003 1 216.00000000000003 BIODEGRADABLE 0
1 203 13 203 13 340 1 340 BIODEGRADABLE 0
33 266 59.99999999999999 266 59.99999999999999 376 33 376 BIODEGRADABLE 0
29 1 51 1 51 40 29 40 BIODEGRADABLE 0
37 29 53 29 53 124 37 124 BIODEGRADABLE 0
29 37 39 37 39 103 29 103 BIODEGRADABLE 0
29.999999999999996 29.999999999999996 85 29.999999999999996 85 128 29.999999999999996 128 BIODEGRADABLE 0
69 4 153 4 153 81 69 81 BIODEGRADABLE 0
52 1 130 1 130 62 52 62 BIODEGRADABLE 0
76 117 149 117 149 296 76 296 BIODEGRADABLE 0
56 311 151 311 151 413 56 413 BIODEGRADABLE 0
41 380 58 380 58 413 41 413 BIODEGRADABLE 0
23 351 45 351 45 413 23 413 BIODEGRADABLE 0
149 303 183 303 183 413 149 413 BIODEGRADABLE 0
147 384 159 384 159 413 147 413 BIODEGRADABLE 0
180 300 211 300 211 413 180 413 BIODEGRADABLE 0
127.00000000000001 37 200 37 200 340 127.00000000000001 340 BIODEGRADABLE 0
179 48 239.99999999999997 48 239.99999999999997 223 179 223 BIODEGRADABLE 0
189 1 306 1 306 59 189 59 BIODEGRADABLE 0
256 59 289 59 289 238 256 238 BIODEGRADABLE 0
238 58 268 58 268 128 238 128 BIODEGRADABLE 0
348 1 384 1 384 62 348 62 BIODEGRADABLE 0
379 7 415 7 415 95 379 95 BIODEGRADABLE 0
402 106 415 106 415 340 402 340 BIODEGRADABLE 0
387 307 415 307 415 413 387 413 BIODEGRADABLE 0
262 266 290 266 290 394 262 394 BIODEGRADABLE 0
271 365 301 365 301 413 271 413 BIODEGRADABLE 0
238 208 273 208 273 405 238 405 BIODEGRADABLE 0
201 223 271 223 271 311 201 311 BIODEGRADABLE 0
199 285 275 285 275 413 199 413 BIODEGRADABLE 0