339 2 414 2 414 74 339 74 BIODEGRADABLE 0
303 21 357 21 357 74 303 74 BIODEGRADABLE 0
341 67 393 67 393 119 341 119 BIODEGRADABLE 0
380 105 402 105 402 132 380 132 BIODEGRADABLE 0
330 119 362 119 362 135 330 135 BIODEGRADABLE 0
357 115 377 115 377 133 357 133 BIODEGRADABLE 0
296 170 321 170 321 238 296 238 BIODEGRADABLE 0
312 146 346 146 346 218 312 218 BIODEGRADABLE 0
337 184 373 184 373 238 337 238 BIODEGRADABLE 0
364 192 402 192 402 294 364 294 BIODEGRADABLE 0
394 73 414 73 414 235 394 235 BIODEGRADABLE 0
291 237 361 237 361 277 291 277 BIODEGRADABLE 0
294 266 364 266 364 318 294 318 BIODEGRADABLE 0
292 199 314 199 314 235 292 235 BIODEGRADABLE 0
300 176 325 176 325 220 300 220 BIODEGRADABLE 0
228.00000000000003 92 321 92 321 118 228.00000000000003 118 BIODEGRADABLE 0
230 29.999999999999996 287 29.999999999999996 287 124 230 124 BIODEGRADABLE 0
196 2 255.00000000000003 2 255.00000000000003 78 196 78 BIODEGRADABLE 0
125 40 184 40 184 106 125 106 BIODEGRADABLE 0
157 37 200 37 200 79 157 79 BIODEGRADABLE 0
141 25 184 25 184 46 141 46 BIODEGRADABLE 0
164 5 186 5 186 27.000000000000004 164 27.000000000000004 BIODEGRADABLE 0
157 85 179 85 179 101 157 101 BIODEGRADABLE 0
182 73 200 73 200 93 182 93 BIODEGRADABLE 0
205 70 226.99999999999997 70 226.99999999999997 92 205 92 BIODEGRADABLE 0
191 91 221 91 221 106 191 106 BIODEGRADABLE 0
171 109 189 109 189 127.00000000000001 171 127.00000000000001 BIODEGRADABLE 0
169 90 189 90 189 112 169 112 BIODEGRADABLE 0
151 99 173 99 173 115 151 115 BIODEGRADABLE 0
143 114.00000000000001 168 114.00000000000001 168 135 143 135 BIODEGRADABLE 0
166 129 182 129 182 135 166 135 BIODEGRADABLE 0
170 135 182 135 182 150 170 150 BIODEGRADABLE 0
191 111 216.00000000000003 111 216.00000000000003 129 191 129 BIODEGRADABLE 0
180 127.00000000000001 212 127.00000000000001 212 151 180 151 BIODEGRADABLE 0
204 135 232 135 232 156 204 156 BIODEGRADABLE 0
216.00000000000003 115 241.00000000000003 115 241.00000000000003 133 216.00000000000003 133 BIODEGRADABLE 0
348 304 402 304 402 346 348 346 BIODEGRADABLE 0
382 300 402 300 402 315 382 315 BIODEGRADABLE 0
387 315 409 315 409 333 387 333 BIODEGRADABLE 0
330 326 346 326 346 348 330 348 BIODEGRADABLE 0
321 345 378 345 378 386 321 386 BIODEGRADABLE 0
354 334 414 334 414 415 354 415 BIODEGRADABLE 0
323 388 355 388 355 410 323 410 BIODEGRADABLE 0
251 361 344 361 344 415 251 415 BIODEGRADABLE 0
158 317 294 317 294 415 158 415 BIODEGRADABLE 0
168 303 200 303 200 335 168 335 BIODEGRADABLE 0
196 278 244 278 244 310 196 310 BIODEGRADABLE 0
257 266 350 266 350 333 257 333 BIODEGRADABLE 0
209 159 293 159 293 262 209 262 BIODEGRADABLE 0
232 118 307 118 307 156 232 156 BIODEGRADABLE 0
246 147 264 147 264 162 246 162 BIODEGRADABLE 0
278 5 344 5 344 99 278 99 BIODEGRADABLE 0
207 203 243 203 243 244 207 244 BIODEGRADABLE 0
156 389 182 389 182 415 156 415 BIODEGRADABLE 0
157 250 200 250 200 300 157 300 BIODEGRADABLE 0
143 204 193 204 193 251 143 251 BIODEGRADABLE 0
169 194 203 194 203 213.99999999999997 169 213.99999999999997 BIODEGRADABLE 0
168 166 225 166 225 194 168 194 BIODEGRADABLE 0
196 177 225.99999999999997 177 225.99999999999997 217 196 217 BIODEGRADABLE 0
144 152 180 152 180 170 144 170 BIODEGRADABLE 0
123 156 157 156 157 182 123 182 BIODEGRADABLE 0
102 157 134 157 134 183 102 183 BIODEGRADABLE 0
119 109 153 109 153 139 119 139 BIODEGRADABLE 0
125 99 157 99 157 114.00000000000001 125 114.00000000000001 BIODEGRADABLE 0
91 100 127.00000000000001 100 127.00000000000001 116 91 116 BIODEGRADABLE 0
89 70 125 70 125 97 89 97 BIODEGRADABLE 0
85 50 123 50 123 71 85 71 BIODEGRADABLE 0
73 38 98 38 98 59.99999999999999 73 59.99999999999999 BIODEGRADABLE 0
70 14 98 14 98 38 70 38 BIODEGRADABLE 0
75 2 168 2 168 61 75 61 BIODEGRADABLE 0
51 361 160 361 160 415 51 415 BIODEGRADABLE 0
105 374 141 374 141 397 105 397 BIODEGRADABLE 0
105 356 137 356 137 377 105 377 BIODEGRADABLE 0
59 328 118 328 118 371 59 371 BIODEGRADABLE 0
64 249 148 249 148 333 64 333 BIODEGRADABLE 0
123 307 173 307 173 345 123 345 BIODEGRADABLE 0
118 344 146 344 146 359 118 359 BIODEGRADABLE 0
146 341 162 341 162 356 146 356 BIODEGRADABLE 0
137 283 173 283 173 310 137 310 BIODEGRADABLE 0
127.00000000000001 270 141 270 141 282 127.00000000000001 282 BIODEGRADABLE 0
137 274 162 274 162 284 137 284 BIODEGRADABLE 0
121.00000000000001 251 164 251 164 269 121.00000000000001 269 BIODEGRADABLE 0
117 245 139 245 139 259 117 259 BIODEGRADABLE 0
132 233 157 233 157 251 132 251 BIODEGRADABLE 0
118 205 148 205 148 233 118 233 BIODEGRADABLE 0
106.99999999999999 180 177 180 177 210 106.99999999999999 210 BIODEGRADABLE 0
114.00000000000001 133 173 133 173 154 114.00000000000001 154 BIODEGRADABLE 0
87 118 121.00000000000001 118 121.00000000000001 138 87 138 BIODEGRADABLE 0
29.999999999999996 265 64 265 64 293 29.999999999999996 293 BIODEGRADABLE 0
29.999999999999996 247 59.99999999999999 247 59.99999999999999 267 29.999999999999996 267 BIODEGRADABLE 0
55 235 96 235 96 263 55 263 BIODEGRADABLE 0
41 220 79 220 79 242.00000000000003 41 242.00000000000003 BIODEGRADABLE 0
32 294 57.00000000000001 294 57.00000000000001 315 32 315 BIODEGRADABLE 0
36 318 64 318 64 342 36 342 BIODEGRADABLE 0
14 218 59.99999999999999 218 59.99999999999999 336 14 336 BIODEGRADABLE 0
1 263 23 263 23 298 1 298 BIODEGRADABLE 0
9 331 34 331 34 362 9 362 BIODEGRADABLE 0
1 347 62 347 62 395 1 395 BIODEGRADABLE 0
5 393 44 393 44 415 5 415 BIODEGRADABLE 0
1 341 5 341 5 359 1 359 BIODEGRADABLE 0
1 305 12 305 12 336 1 336 BIODEGRADABLE 0
1 251.99999999999997 9 251.99999999999997 9 264 1 264 BIODEGRADABLE 0
1 236 21 236 21 257 1 257 BIODEGRADABLE 0
5 209 25 209 25 233 5 233 BIODEGRADABLE 0
98 204 132 204 132 238.99999999999997 98 238.99999999999997 BIODEGRADABLE 0
96 226.99999999999997 121.00000000000001 226.99999999999997 121.00000000000001 248 96 248 BIODEGRADABLE 0
116 209 141 209 141 231 116 231 BIODEGRADABLE 0
62 202 105 202 105 224 62 224 BIODEGRADABLE 0
62 176 98 176 98 203 62 203 BIODEGRADABLE 0
89 181 117 181 117 203 89 203 BIODEGRADABLE 0
61 161 91 161 91 177 61 177 BIODEGRADABLE 0
37 199 59 199 59 220 37 220 BIODEGRADABLE 0
23 197 39 197 39 217 23 217 BIODEGRADABLE 0
1 187 25 187 25 206 1 206 BIODEGRADABLE 0
1 161 18 161 18 191 1 191 BIODEGRADABLE 0
0 138 14 138 14 160 0 160 BIODEGRADABLE 0
1 127.00000000000001 7 127.00000000000001 7 138 1 138 BIODEGRADABLE 0
1 102 12 102 12 125 1 125 BIODEGRADABLE 0
1 87 12 87 12 101 1 101 BIODEGRADABLE 0
0 79 14 79 14 85 0 85 BIODEGRADABLE 0
1 45 16 45 16 78 1 78 BIODEGRADABLE 0
16 5 44 5 44 23 16 23 BIODEGRADABLE 0
7 24 39 24 39 44 7 44 BIODEGRADABLE 0
28 31 62 31 62 53 28 53 BIODEGRADABLE 0
39 2 71 2 71 24 39 24 BIODEGRADABLE 0
55 28 73 28 73 52 55 52 BIODEGRADABLE 0
48 12 73 12 73 29.999999999999996 48 29.999999999999996 BIODEGRADABLE 0
54.00000000000001 44 82 44 82 70 54.00000000000001 70 BIODEGRADABLE 0
35 55 55 55 55 67 35 67 BIODEGRADABLE 0
9 47 39 47 39 73 9 73 BIODEGRADABLE 0
28 73 62 73 62 100 28 100 BIODEGRADABLE 0
43 69 84 69 84 85 43 85 BIODEGRADABLE 0
68 87 93 87 93 103 68 103 BIODEGRADABLE 0
53 88 71 88 71 106 53 106 BIODEGRADABLE 0
25 100 53 100 53 121.00000000000001 25 121.00000000000001 BIODEGRADABLE 0
14 87 36 87 36 103 14 103 BIODEGRADABLE 0
62 105 94 105 94 121.00000000000001 62 121.00000000000001 BIODEGRADABLE 0
43 111 77 111 77 129 43 129 BIODEGRADABLE 0
23 118 48 118 48 139 23 139 BIODEGRADABLE 0
9 103 27.000000000000004 103 27.000000000000004 119 9 119 BIODEGRADABLE 0
12 138 50 138 50 170 12 170 BIODEGRADABLE 0
21 171 53 171 53 197 21 197 BIODEGRADABLE 0
41 165 61 165 61 187 41 187 BIODEGRADABLE 0
43 138 71 138 71 160 43 160 BIODEGRADABLE 0
69 130 89 130 89 150 69 150 BIODEGRADABLE 0
77 141 123 141 123 176 77 176 BIODEGRADABLE 0
1 1 414 1 414 415 1 415 BIODEGRADABLE 0