225 330 320 330 320 414 225 414 BIODEGRADABLE 0
275 212.99999999999997 349 212.99999999999997 349 333 275 333 BIODEGRADABLE 0
179 215.00000000000003 277 215.00000000000003 277 339 179 339 BIODEGRADABLE 0
174 326 228.00000000000003 326 228.00000000000003 414 174 414 BIODEGRADABLE 0
125 279 191 279 191 369 125 369 BIODEGRADABLE 0
153 215.00000000000003 190 215.00000000000003 190 277 153 277 BIODEGRADABLE 0
112.99999999999999 236 155 236 155 292 112.99999999999999 292 BIODEGRADABLE 0
101 241.00000000000003 119 241.00000000000003 119 288 101 288 BIODEGRADABLE 0
58 212.99999999999997 116 212.99999999999997 116 371 58 371 BIODEGRADABLE 0
180 144 233 144 233 210 180 210 BIODEGRADABLE 0
235 118 309 118 309 225 235 225 BIODEGRADABLE 0
192 66 254.00000000000003 66 254.00000000000003 146 192 146 BIODEGRADABLE 0
235 32 312 32 312 118 235 118 BIODEGRADABLE 0
81 0 307 0 307 294 81 294 BIODEGRADABLE 0
116 189 162 189 162 236 116 236 BIODEGRADABLE 0
137 144 171 144 171 187 137 187 BIODEGRADABLE 0
92 131 122 131 122 171 92 171 BIODEGRADABLE 0
92 174 110 174 110 224 92 224 BIODEGRADABLE 0
71 124 93 124 93 180 71 180 BIODEGRADABLE 0
103 86 143 86 143 138 103 138 BIODEGRADABLE 0
116 43 158 43 158 101 116 101 BIODEGRADABLE 0
100 43 118 43 118 79 100 79 BIODEGRADABLE 0
103 0 181 0 181 54.00000000000001 103 54.00000000000001 BIODEGRADABLE 0
95 0 103 0 103 13 95 13 BIODEGRADABLE 0
143 53 219 53 219 221 143 221 BIODEGRADABLE 0
306 1 415 1 415 189 306 189 PAPER 0
330 167 415 167 415 225 330 225 PAPER 0
362 219 415 219 415 414 362 414 PAPER 0
323 326 369 326 369 414 323 414 PAPER 0
300 330 326 330 326 356 300 356 PAPER 0
272 307 293 307 293 331 272 331 PAPER 0
1 0 58 0 58 415 1 415 PAPER 0
175 0 228.00000000000003 0 228.00000000000003 28 175 28 PAPER 0