358 80 415 80 415 184 358 184 BIODEGRADABLE 0
334 14 397 14 397 102 334 102 BIODEGRADABLE 0
397 3 415 3 415 74 397 74 BIODEGRADABLE 0
368 19 371 19 371 21 368 21 BIODEGRADABLE 0
367 2 407 2 407 16 367 16 BIODEGRADABLE 0
310 2 356 2 356 39 310 39 BIODEGRADABLE 0
272 3 334 3 334 88 272 88 BIODEGRADABLE 0
238 65 301 65 301 166 238 166 BIODEGRADABLE 0
292 87 313 87 313 112.99999999999999 292 112.99999999999999 BIODEGRADABLE 0
302 97 358 97 358 191 302 191 BIODEGRADABLE 0
337 134 405 134 405 244 337 244 BIODEGRADABLE 0
383 219 415 219 415 288 383 288 BIODEGRADABLE 0
397 179 415 179 415 223 397 223 BIODEGRADABLE 0
322 221 391 221 391 318 322 318 BIODEGRADABLE 0
395 329 415 329 415 411 395 411 BIODEGRADABLE 0
330 313 394 313 394 409 330 409 BIODEGRADABLE 0
302 255.00000000000003 347 255.00000000000003 347 345 302 345 BIODEGRADABLE 0
316 193 342 193 342 246 316 246 BIODEGRADABLE 0
257 168 325 168 325 269 257 269 BIODEGRADABLE 0
229.00000000000003 159 277 159 277 219 229.00000000000003 219 BIODEGRADABLE 0
212 217 274 217 274 299 212 299 BIODEGRADABLE 0
273 256 307 256 307 306 273 306 BIODEGRADABLE 0
247 290 281 290 281 343 247 343 BIODEGRADABLE 0
274 301 320 301 320 372 274 372 BIODEGRADABLE 0
278 367 332 367 332 415 278 415 BIODEGRADABLE 0
200 361 280 361 280 415 200 415 BIODEGRADABLE 0
199 299 268 299 268 389 199 389 BIODEGRADABLE 0
177 232 215.00000000000003 232 215.00000000000003 276 177 276 BIODEGRADABLE 0
192 166 228.00000000000003 166 228.00000000000003 246 192 246 BIODEGRADABLE 0
192 106 224 106 224 175 192 175 BIODEGRADABLE 0
210 55 255.00000000000003 55 255.00000000000003 159 210 159 BIODEGRADABLE 0
213.99999999999997 2 273 2 273 44 213.99999999999997 44 BIODEGRADABLE 0
208 28 259 28 259 72 208 72 BIODEGRADABLE 0
177 3 226.99999999999997 3 226.99999999999997 67 177 67 BIODEGRADABLE 0
139 58 212.99999999999997 58 212.99999999999997 166 139 166 BIODEGRADABLE 0
144 157 200 157 200 249 144 249 BIODEGRADABLE 0
114.00000000000001 177 177 177 177 278 114.00000000000001 278 BIODEGRADABLE 0
118 269 168 269 168 361 118 361 BIODEGRADABLE 0
168 262 212.99999999999997 262 212.99999999999997 296 168 296 BIODEGRADABLE 0
163 295 205 295 205 377 163 377 BIODEGRADABLE 0
166 363 205 363 205 391 166 391 BIODEGRADABLE 0
166 388 204 388 204 414 166 414 BIODEGRADABLE 0
112.99999999999999 394 159 394 159 414 112.99999999999999 414 BIODEGRADABLE 0
115 350 159 350 159 396 115 396 BIODEGRADABLE 0
78 318 128 318 128 389 78 389 BIODEGRADABLE 0
49 356 103 356 103 415 49 415 BIODEGRADABLE 0
4 317 59.99999999999999 317 59.99999999999999 393 4 393 BIODEGRADABLE 0
1 368 33 368 33 415 1 415 BIODEGRADABLE 0
33 391 48 391 48 414 33 414 BIODEGRADABLE 0
1 254.00000000000003 39 254.00000000000003 39 333 1 333 BIODEGRADABLE 0
41 260 83 260 83 315 41 315 BIODEGRADABLE 0
56 297 92 297 92 357 56 357 BIODEGRADABLE 0
90 292 119.99999999999999 292 119.99999999999999 320 90 320 BIODEGRADABLE 0
80 230 128 230 128 294 80 294 BIODEGRADABLE 0
72 157 117 157 117 225.99999999999997 72 225.99999999999997 BIODEGRADABLE 0
102 119.99999999999999 137 119.99999999999999 137 194 102 194 BIODEGRADABLE 0
58 83 105 83 105 152 58 152 BIODEGRADABLE 0
81 37 131 37 131 118 81 118 BIODEGRADABLE 0
114.00000000000001 2 176 2 176 76 114.00000000000001 76 BIODEGRADABLE 0
81 3 122 3 122 35 81 35 BIODEGRADABLE 0
22 3 78 3 78 58 22 58 BIODEGRADABLE 0
44 32 83 32 83 85 44 85 BIODEGRADABLE 0
2 69 56 69 56 145 2 145 BIODEGRADABLE 0
1 2 39 2 39 67 1 67 BIODEGRADABLE 0
1 50 12 50 12 102 1 102 BIODEGRADABLE 0
31 134 72 134 72 196 31 196 BIODEGRADABLE 0
36 191 84 191 84 267 36 267 BIODEGRADABLE 0
1 169 29.999999999999996 169 29.999999999999996 271 1 271 BIODEGRADABLE 0
1 134 29 134 29 175 1 175 BIODEGRADABLE 0
0 2 415 2 415 415 0 415 BIODEGRADABLE 0