368 48 397 48 397 204 368 204 BIODEGRADABLE 0
345 43 371 43 371 204 345 204 BIODEGRADABLE 0
317 41 346 41 346 211 317 211 BIODEGRADABLE 0
284 39 318 39 318 170 284 170 BIODEGRADABLE 0
257 41 294 41 294 167 257 167 BIODEGRADABLE 0
218 39 246 39 246 144 218 144 BIODEGRADABLE 0
230 50 261 50 261 170 230 170 BIODEGRADABLE 0
199 41 233 41 233 174 199 174 BIODEGRADABLE 0
177 29.999999999999996 219 29.999999999999996 219 144 177 144 BIODEGRADABLE 0
154 39 191 39 191 123 154 123 BIODEGRADABLE 0
127.00000000000001 52 167 52 167 144 127.00000000000001 144 BIODEGRADABLE 0
100 56 150 56 150 157 100 157 BIODEGRADABLE 0
69 50 130 50 130 155 69 155 BIODEGRADABLE 0
45 54.00000000000001 108.00000000000001 54.00000000000001 108.00000000000001 200 45 200 BIODEGRADABLE 0
24 58 74 58 74 146 24 146 BIODEGRADABLE 0
35 139 66 139 66 251 35 251 BIODEGRADABLE 0
64 146 95 146 95 270 64 270 BIODEGRADABLE 0
84 144 123 144 123 221 84 221 BIODEGRADABLE 0
109 139 143 139 143 223 109 223 BIODEGRADABLE 0
134 58 171 58 171 212 134 212 BIODEGRADABLE 0
161 54.00000000000001 209 54.00000000000001 209 185 161 185 BIODEGRADABLE 0
164 144 204 144 204 212 164 212 BIODEGRADABLE 0
198 137 236 137 236 247 198 247 BIODEGRADABLE 0
230 159 256 159 256 247 230 247 BIODEGRADABLE 0
251.99999999999997 142 281 142 281 249 251.99999999999997 249 BIODEGRADABLE 0
275 153 304 153 304 247 275 247 BIODEGRADABLE 0
304 154 336 154 336 234 304 234 BIODEGRADABLE 0
333 165 371 165 371 283 333 283 BIODEGRADABLE 0
363 176 391 176 391 277 363 277 BIODEGRADABLE 0
20 236 65 236 65 287 20 287 BIODEGRADABLE 0
32 249 77 249 77 300 32 300 BIODEGRADABLE 0
39 245 92 245 92 320 39 320 BIODEGRADABLE 0
90 247 125.99999999999999 247 125.99999999999999 318 90 318 BIODEGRADABLE 0
95 210 133 210 133 262 95 262 BIODEGRADABLE 0
122 245 153 245 153 331 122 331 BIODEGRADABLE 0
132 200 154 200 154 266 132 266 BIODEGRADABLE 0
154 202 175 202 175 279 154 279 BIODEGRADABLE 0
143 277 182 277 182 337 143 337 BIODEGRADABLE 0
170 204 199 204 199 320 170 320 BIODEGRADABLE 0
191 219 223 219 223 326 191 326 BIODEGRADABLE 0
225 221 251 221 251 307 225 307 BIODEGRADABLE 0
256 234 278 234 278 309 256 309 BIODEGRADABLE 0
280 243 298 243 298 309 280 309 BIODEGRADABLE 0
299 223 329 223 329 315 299 315 BIODEGRADABLE 0
333 225 362 225 362 307 333 307 BIODEGRADABLE 0
362 264 391 264 391 337 362 337 BIODEGRADABLE 0
346 296 375 296 375 369 346 369 BIODEGRADABLE 0
314 292 346 292 346 378 314 378 BIODEGRADABLE 0
279 303 315 303 315 378 279 378 BIODEGRADABLE 0
267 303 296 303 296 367 267 367 BIODEGRADABLE 0
241.00000000000003 305 270 305 270 367 241.00000000000003 367 BIODEGRADABLE 0
219 299 251 299 251 367 219 367 BIODEGRADABLE 0
196 307 228.00000000000003 307 228.00000000000003 367 196 367 BIODEGRADABLE 0
162 313 204 313 204 369 162 369 BIODEGRADABLE 0
125 319 167 319 167 371 125 371 BIODEGRADABLE 0
108.00000000000001 311 139 311 139 367 108.00000000000001 367 BIODEGRADABLE 0
84 311 116 311 116 367 84 367 BIODEGRADABLE 0
61 303 101 303 101 363 61 363 BIODEGRADABLE 0
45 303 73 303 73 350 45 350 BIODEGRADABLE 0
37 56 392 56 392 341 37 341 BIODEGRADABLE 0