19 221 111 221 111 301 19 301 BIODEGRADABLE 0
8 119.99999999999999 91 119.99999999999999 91 230 8 230 BIODEGRADABLE 0
91 163 172 163 172 256 91 256 BIODEGRADABLE 0
88 83 215.00000000000003 83 215.00000000000003 189 88 189 BIODEGRADABLE 0
66 104 94 104 94 148 66 148 BIODEGRADABLE 0
202 81 267 81 267 219 202 219 BIODEGRADABLE 0
172 165 266 165 266 267 172 267 BIODEGRADABLE 0
159 256 226.99999999999997 256 226.99999999999997 319 159 319 BIODEGRADABLE 0
142 302 196 302 196 360 142 360 BIODEGRADABLE 0
110 256 161 256 161 316 110 316 BIODEGRADABLE 0
161 234 185 234 185 260 161 260 BIODEGRADABLE 0
192 254.00000000000003 248 254.00000000000003 248 326 192 326 BIODEGRADABLE 0
187 310 239.99999999999997 310 239.99999999999997 356 187 356 BIODEGRADABLE 0
230 297 257 297 257 336 230 336 BIODEGRADABLE 0
256 301 274 301 274 319 256 319 BIODEGRADABLE 0
248 280 262 280 262 308 248 308 BIODEGRADABLE 0
261 276 285 276 285 306 261 306 BIODEGRADABLE 0
278 293 294 293 294 315 278 315 BIODEGRADABLE 0
273 315 287 315 287 323 273 323 BIODEGRADABLE 0
289 310 305 310 305 323 289 323 BIODEGRADABLE 0
284 267 308 267 308 291 284 291 BIODEGRADABLE 0
286 245 310 245 310 269 286 269 BIODEGRADABLE 0
275 226.99999999999997 294 226.99999999999997 294 245 275 245 BIODEGRADABLE 0
269 243 285 243 285 265 269 265 BIODEGRADABLE 0
250 258 278 258 278 278 250 278 BIODEGRADABLE 0
299 224 313 224 313 238.99999999999997 299 238.99999999999997 BIODEGRADABLE 0
265 74 316 74 316 152 265 152 BIODEGRADABLE 0
185 258 359 258 359 414 185 414 BIODEGRADABLE 0
317 145 399 145 399 247 317 247 BIODEGRADABLE 0
265 98 381 98 381 228.00000000000003 265 228.00000000000003 BIODEGRADABLE 0
300 130 362 130 362 204 300 204 BIODEGRADABLE 0
4 212 202 212 202 415 4 415 BIODEGRADABLE 0