178 215.00000000000003 322 215.00000000000003 322 305 178 305 BIODEGRADABLE 0
137 268 268 268 268 371 137 371 BIODEGRADABLE 0
182 301 326 301 326 415 182 415 BIODEGRADABLE 0
79 262 189 262 189 331 79 331 BIODEGRADABLE 0
79 309 191 309 191 415 79 415 BIODEGRADABLE 0
24 312 92 312 92 412 24 412 BIODEGRADABLE 0
1 356 75 356 75 415 1 415 BIODEGRADABLE 0
1 310 73 310 73 365 1 365 BIODEGRADABLE 0
1 279 73 279 73 336 1 336 BIODEGRADABLE 0
14.999999999999998 233 58 233 58 289 14.999999999999998 289 BIODEGRADABLE 0
43 194 153 194 153 294 43 294 BIODEGRADABLE 0
1 152 86 152 86 226.99999999999997 1 226.99999999999997 BIODEGRADABLE 0
73 183 199 183 199 243 73 243 BIODEGRADABLE 0
84 157 215.00000000000003 157 215.00000000000003 217 84 217 BIODEGRADABLE 0
202 154 247 154 247 230 202 230 BIODEGRADABLE 0
181 211 189 211 189 216.00000000000003 181 216.00000000000003 BIODEGRADABLE 0
228.00000000000003 132 316 132 316 212 228.00000000000003 212 BIODEGRADABLE 0
191 79 315 79 315 225 191 225 BIODEGRADABLE 0
163 108.00000000000001 221 108.00000000000001 221 164 163 164 BIODEGRADABLE 0
5 98 215.00000000000003 98 215.00000000000003 212 5 212 BIODEGRADABLE 0
114.00000000000001 37 200 37 200 106 114.00000000000001 106 BIODEGRADABLE 0
1 8 110 8 110 96 1 96 BIODEGRADABLE 0