0 2 122 2 122 98 0 98 BIODEGRADABLE 0
3 85 110 85 110 170 3 170 BIODEGRADABLE 0
86 124 326 124 326 298 86 298 BIODEGRADABLE 0
320 134 414 134 414 224 320 224 BIODEGRADABLE 0
1 162 39 162 39 213.99999999999997 1 213.99999999999997 BIODEGRADABLE 0
28 150 88 150 88 206 28 206 BIODEGRADABLE 0
88 256 146 256 146 298 88 298 BIODEGRADABLE 0
47 225 105 225 105 267 47 267 BIODEGRADABLE 0
65 197 97 197 97 225 65 225 BIODEGRADABLE 0
2 198 49 198 49 236 2 236 BIODEGRADABLE 0
0 217 13 217 13 249 0 249 BIODEGRADABLE 0
14.999999999999998 226.99999999999997 51 226.99999999999997 51 261 14.999999999999998 261 BIODEGRADABLE 0
26 254.00000000000003 82 254.00000000000003 82 293 26 293 BIODEGRADABLE 0
0 250 26 250 26 294 0 294 BIODEGRADABLE 0
1 288 39 288 39 325 1 325 BIODEGRADABLE 0
39 288 103 288 103 330 39 330 BIODEGRADABLE 0
103 300 157 300 157 342 103 342 BIODEGRADABLE 0
28 318 96 318 96 357 28 357 BIODEGRADABLE 0
94 339 118 339 118 384 94 384 BIODEGRADABLE 0
116 329 166 329 166 368 116 368 BIODEGRADABLE 0
125 354 185 354 185 399 125 399 BIODEGRADABLE 0
186 380 246 380 246 415 186 415 BIODEGRADABLE 0
176 344 232 344 232 380 176 380 BIODEGRADABLE 0
168 299 232 299 232 343 168 343 BIODEGRADABLE 0
136 278 176 278 176 310 136 310 BIODEGRADABLE 0
236 312 272 312 272 356 236 356 BIODEGRADABLE 0
236 353 288 353 288 392 236 392 BIODEGRADABLE 0
268 376 300 376 300 404 268 404 BIODEGRADABLE 0
277 339 324 339 324 371 277 371 BIODEGRADABLE 0
260 278 324 278 324 318 260 318 BIODEGRADABLE 0
296 230 346 230 346 280 296 280 BIODEGRADABLE 0
335 206 382 206 382 236 335 236 BIODEGRADABLE 0
331 238 395 238 395 286 331 286 BIODEGRADABLE 0
322 283 356 283 356 304 322 304 BIODEGRADABLE 0
309 309 354 309 354 359 309 359 BIODEGRADABLE 0
315 355 373 355 373 381 315 381 BIODEGRADABLE 0
371 373 414 373 414 415 371 415 BIODEGRADABLE 0
392 315 414 315 414 371 392 371 BIODEGRADABLE 0
358 305 403 305 403 360 358 360 BIODEGRADABLE 0
392 274 414 274 414 312 392 312 BIODEGRADABLE 0
388 236 414 236 414 270 388 270 BIODEGRADABLE 0