319 0 415 0 415 76 319 76 BIODEGRADABLE 0
322 61 416 61 416 161 322 161 BIODEGRADABLE 0
319 139 415 139 415 236 319 236 BIODEGRADABLE 0
317 221 415 221 415 322 317 322 BIODEGRADABLE 0
323 304 415 304 415 376 323 376 BIODEGRADABLE 0
319 359 415 359 415 415 319 415 BIODEGRADABLE 0
223 133 251 133 251 172 223 172 BIODEGRADABLE 0
190 169 238 169 238 217 190 217 BIODEGRADABLE 0
194 131 229.00000000000003 131 229.00000000000003 170 194 170 BIODEGRADABLE 0
181 112.99999999999999 231 112.99999999999999 231 161 181 161 BIODEGRADABLE 0
145 168 198 168 198 212 145 212 BIODEGRADABLE 0
128 77 156 77 156 111 128 111 BIODEGRADABLE 0
115 48 139 48 139 109 115 109 BIODEGRADABLE 0
124 112.99999999999999 148 112.99999999999999 148 145 124 145 BIODEGRADABLE 0
112 133 152 133 152 159 112 159 BIODEGRADABLE 0
137 114.00000000000001 177 114.00000000000001 177 145 137 145 BIODEGRADABLE 0
86 213.99999999999997 119 213.99999999999997 119 246 86 246 BIODEGRADABLE 0
38 286 66 286 66 309 38 309 BIODEGRADABLE 0
29 312 49 312 49 343 29 343 BIODEGRADABLE 0
29 275 45 275 45 309 29 309 BIODEGRADABLE 0
29 184 53 184 53 209 29 209 BIODEGRADABLE 0
31 100 73 100 73 182 31 182 BIODEGRADABLE 0
31 143 47 143 47 181 31 181 BIODEGRADABLE 0
49 174 97 174 97 212 49 212 BIODEGRADABLE 0
86 204 130 204 130 246 86 246 BIODEGRADABLE 0
88 237 132 237 132 261 88 261 BIODEGRADABLE 0
99 229.00000000000003 152 229.00000000000003 152 268 99 268 BIODEGRADABLE 0
121.00000000000001 245 143 245 143 293 121.00000000000001 293 BIODEGRADABLE 0
108.00000000000001 189 150 189 150 207 108.00000000000001 207 BIODEGRADABLE 0
104 172 152 172 152 189 104 189 BIODEGRADABLE 0
112 155 154 155 154 175 112 175 BIODEGRADABLE 0
80 151 115 151 115 187 80 187 BIODEGRADABLE 0
59.99999999999999 124 84 124 84 170 59.99999999999999 170 BIODEGRADABLE 0
73 115 104 115 104 145 73 145 BIODEGRADABLE 0
84 134 115 134 115 162 84 162 BIODEGRADABLE 0
102 61 112.99999999999999 61 112.99999999999999 86 102 86 BIODEGRADABLE 0
91 78 115 78 115 109 91 109 BIODEGRADABLE 0
73 92 101 92 101 123 73 123 BIODEGRADABLE 0
51 64 95 64 95 103 51 103 BIODEGRADABLE 0
26 66 66 66 66 138 26 138 BIODEGRADABLE 0
26 17 42 17 42 98 26 98 BIODEGRADABLE 0
29.999999999999996 0 75 0 75 49 29.999999999999996 49 BIODEGRADABLE 0
58 14.999999999999998 84 14.999999999999998 84 55 58 55 BIODEGRADABLE 0
59.99999999999999 42 108.00000000000001 42 108.00000000000001 80 59.99999999999999 80 BIODEGRADABLE 0
322 0 416 0 416 390 322 390 BIODEGRADABLE 0