291 9 414 9 414 112 291 112 BIODEGRADABLE 0
212 2 367 2 367 31 212 31 BIODEGRADABLE 0
128 2 266 2 266 66 128 66 BIODEGRADABLE 0
81 2 145 2 145 10 81 10 BIODEGRADABLE 0
5 1 99 1 99 39 5 39 BIODEGRADABLE 0
27.000000000000004 11 131 11 131 85 27.000000000000004 85 BIODEGRADABLE 0
50 43 195 43 195 127.00000000000001 50 127.00000000000001 BIODEGRADABLE 0
180 62 340 62 340 148 180 148 BIODEGRADABLE 0
246 27.000000000000004 310 27.000000000000004 310 66 246 66 BIODEGRADABLE 0
335 106.99999999999999 387 106.99999999999999 387 142 335 142 BIODEGRADABLE 0
342 106 414 106 414 204 342 204 BIODEGRADABLE 0
190 135 360 135 360 223 190 223 BIODEGRADABLE 0
94 91 212 91 212 162 94 162 BIODEGRADABLE 0
133 142 241.00000000000003 142 241.00000000000003 222 133 222 BIODEGRADABLE 0
3 131 133 131 133 202 3 202 BIODEGRADABLE 0
1 112 49 112 49 145 1 145 BIODEGRADABLE 0
47 106 116 106 116 140 47 140 BIODEGRADABLE 0
37 202 81 202 81 218 37 218 BIODEGRADABLE 0
77 195 200 195 200 257 77 257 BIODEGRADABLE 0
180 216.00000000000003 313 216.00000000000003 313 296 180 296 BIODEGRADABLE 0
301 216.00000000000003 414 216.00000000000003 414 308 301 308 BIODEGRADABLE 0
308 188 414 188 414 228.00000000000003 308 228.00000000000003 BIODEGRADABLE 0
291 280 355 280 355 308 291 308 BIODEGRADABLE 0
187 295 337 295 337 377 187 377 BIODEGRADABLE 0
333 302 414 302 414 373 333 373 BIODEGRADABLE 0
116 323 234 323 234 395 116 395 BIODEGRADABLE 0
67 291 168 291 168 339 67 339 BIODEGRADABLE 0
27.000000000000004 250 155 250 155 320 27.000000000000004 320 BIODEGRADABLE 0
27.000000000000004 211 81 211 81 263 27.000000000000004 263 BIODEGRADABLE 0
83 391 158 391 158 415 83 415 BIODEGRADABLE 0
151 375 289 375 289 415 151 415 BIODEGRADABLE 0
268 356 394 356 394 415 268 415 BIODEGRADABLE 0
389 366 413 366 413 412 389 412 BIODEGRADABLE 0