67 52 123 52 123 139 67 139 BIODEGRADABLE 0
2 73 87 73 87 242.00000000000003 2 242.00000000000003 BIODEGRADABLE 0
22 235 79 235 79 310 22 310 BIODEGRADABLE 0
21 179 65 179 65 261 21 261 BIODEGRADABLE 0
79 40 223 40 223 334 79 334 BIODEGRADABLE 0
100 26 119 26 119 56 100 56 BIODEGRADABLE 0
162 10 213.99999999999997 10 213.99999999999997 71 162 71 BIODEGRADABLE 0
206 21 242.00000000000003 21 242.00000000000003 61 206 61 BIODEGRADABLE 0
233 45 267 45 267 99 233 99 BIODEGRADABLE 0
232 115 258 115 258 162 232 162 BIODEGRADABLE 0
221 87 273 87 273 181 221 181 BIODEGRADABLE 0
170 177 238.99999999999997 177 238.99999999999997 301 170 301 BIODEGRADABLE 0
75 306 106 306 106 346 75 346 BIODEGRADABLE 0
155 287 217 287 217 397 155 397 BIODEGRADABLE 0
162 388 209 388 209 415 162 415 BIODEGRADABLE 0
208 374 242.00000000000003 374 242.00000000000003 388 208 388 BIODEGRADABLE 0
212.99999999999997 283 271 283 271 381 212.99999999999997 381 BIODEGRADABLE 0
232 177 304 177 304 287 232 287 BIODEGRADABLE 0
272 136 312 136 312 186 272 186 BIODEGRADABLE 0
269 62.99999999999999 327 62.99999999999999 327 141 269 141 BIODEGRADABLE 0
327 80 343 80 343 119.99999999999999 327 119.99999999999999 BIODEGRADABLE 0
289 125 374 125 374 360 289 360 BIODEGRADABLE 0
269 292 299 292 299 353 269 353 BIODEGRADABLE 0
360 207 390 207 390 245 360 245 BIODEGRADABLE 0
370 181 384 181 384 217 370 217 BIODEGRADABLE 0
339 251.99999999999997 381 251.99999999999997 381 330 339 330 BIODEGRADABLE 0
328 287 372 287 372 355 328 355 BIODEGRADABLE 0
317 306 361 306 361 379 317 379 BIODEGRADABLE 0
302 322 334 322 334 388 302 388 BIODEGRADABLE 0
290 334 312 334 312 393 290 393 BIODEGRADABLE 0