247 99 331 99 331 203 247 203 BIODEGRADABLE 0
315 165 346 165 346 215.00000000000003 315 215.00000000000003 BIODEGRADABLE 0
340 192 368 192 368 220 340 220 BIODEGRADABLE 0
348 131 387 131 387 225.99999999999997 348 225.99999999999997 BIODEGRADABLE 0
336 102 382 102 382 201 336 201 BIODEGRADABLE 0
307 212.99999999999997 345 212.99999999999997 345 241.00000000000003 307 241.00000000000003 BIODEGRADABLE 0
242.00000000000003 192 310 192 310 285 242.00000000000003 285 BIODEGRADABLE 0
182 209 254.00000000000003 209 254.00000000000003 300 182 300 BIODEGRADABLE 0
190 163 242.00000000000003 163 242.00000000000003 216.00000000000003 190 216.00000000000003 BIODEGRADABLE 0
199 83 280 83 280 176 199 176 BIODEGRADABLE 0
130 74 200 74 200 165 130 165 BIODEGRADABLE 0
111 163 192 163 192 262 111 262 BIODEGRADABLE 0
158 256 218 256 218 336 158 336 BIODEGRADABLE 0
210 279 286 279 286 355 210 355 BIODEGRADABLE 0
275 264 340 264 340 334 275 334 BIODEGRADABLE 0
249 334 299 334 299 387 249 387 BIODEGRADABLE 0
216.00000000000003 357 255.00000000000003 357 255.00000000000003 407 216.00000000000003 407 BIODEGRADABLE 0
158 336 230 336 230 410 158 410 BIODEGRADABLE 0
121.00000000000001 345 160 345 160 387 121.00000000000001 387 BIODEGRADABLE 0
140 325 171 325 171 351 140 351 BIODEGRADABLE 0
62.99999999999999 235 161 235 161 357 62.99999999999999 357 BIODEGRADABLE 0
85 182 112.99999999999999 182 112.99999999999999 237 85 237 BIODEGRADABLE 0
41 224 81 224 81 266 41 266 BIODEGRADABLE 0
29.999999999999996 158 95 158 95 228.00000000000003 29.999999999999996 228.00000000000003 BIODEGRADABLE 0
59 85 129 85 129 180 59 180 BIODEGRADABLE 0