248 3 358 3 358 122 248 122 BIODEGRADABLE 0
345 3 415 3 415 132 345 132 BIODEGRADABLE 0
306 119 408 119 408 270 306 270 BIODEGRADABLE 0
405 129 415 129 415 221 405 221 BIODEGRADABLE 0
275 246 355 246 355 377 275 377 BIODEGRADABLE 0
348 302 415 302 415 415 348 415 BIODEGRADABLE 0
287 379 354 379 354 415 287 415 BIODEGRADABLE 0
239.99999999999997 339 296 339 296 409 239.99999999999997 409 BIODEGRADABLE 0
231 285 279 285 279 359 231 359 BIODEGRADABLE 0
254.00000000000003 174 298 174 298 268 254.00000000000003 268 BIODEGRADABLE 0
259 117 311 117 311 174 259 174 BIODEGRADABLE 0
301 94 325 94 325 154 301 154 BIODEGRADABLE 0
197 330 241.00000000000003 330 241.00000000000003 397 197 397 BIODEGRADABLE 0
209 384 246 384 246 415 209 415 BIODEGRADABLE 0
192 401 218 401 218 415 192 415 BIODEGRADABLE 0
244 396 284 396 284 415 244 415 BIODEGRADABLE 0
197 255.00000000000003 238.99999999999997 255.00000000000003 238.99999999999997 334 197 334 BIODEGRADABLE 0
218 218 266 218 266 290 218 290 BIODEGRADABLE 0
179 154 231 154 231 250 179 250 BIODEGRADABLE 0
206 134 260 134 260 218 206 218 BIODEGRADABLE 0
187 47 247 47 247 159 187 159 BIODEGRADABLE 0
222 3 256 3 256 82 222 82 BIODEGRADABLE 0
178 3 221 3 221 80 178 80 BIODEGRADABLE 0
200 3 234 3 234 25 200 25 BIODEGRADABLE 0
151 104 197 104 197 216.00000000000003 151 216.00000000000003 BIODEGRADABLE 0
151 22 201 22 201 114.00000000000001 151 114.00000000000001 BIODEGRADABLE 0
101 3 171 3 171 47 101 47 BIODEGRADABLE 0
81 37 156 37 156 146 81 146 BIODEGRADABLE 0
6 3 81 3 81 97 6 97 BIODEGRADABLE 0
61 3 93 3 93 23 61 23 BIODEGRADABLE 0
0 39 16 39 16 124 0 124 BIODEGRADABLE 0
14.999999999999998 70 47 70 47 149 14.999999999999998 149 BIODEGRADABLE 0
45 90 97 90 97 169 45 169 BIODEGRADABLE 0
116 144 168 144 168 230 116 230 BIODEGRADABLE 0
151 106 197 106 197 218 151 218 BIODEGRADABLE 0
101 209 147 209 147 252.99999999999997 101 252.99999999999997 BIODEGRADABLE 0
91 141 117 141 117 211 91 211 BIODEGRADABLE 0
143 221 195 221 195 310 143 310 BIODEGRADABLE 0
0 121.00000000000001 34 121.00000000000001 34 208 0 208 BIODEGRADABLE 0
39 144 78 144 78 181 39 181 BIODEGRADABLE 0
28 169 106 169 106 273 28 273 BIODEGRADABLE 0
71 248 143 248 143 327 71 327 BIODEGRADABLE 0
118 275 154 275 154 329 118 329 BIODEGRADABLE 0
50 270 71 270 71 317 50 317 BIODEGRADABLE 0
0 212.99999999999997 54.00000000000001 212.99999999999997 54.00000000000001 339 0 339 BIODEGRADABLE 0
68 315 115 315 115 372 68 372 BIODEGRADABLE 0
110 335 158 335 158 409 110 409 BIODEGRADABLE 0
153 310 196 310 196 372 153 372 BIODEGRADABLE 0
149 366 200 366 200 415 149 415 BIODEGRADABLE 0
93 398 134 398 134 415 93 415 BIODEGRADABLE 0
88 342 109 342 109 402 88 402 BIODEGRADABLE 0
75 393 95 393 95 415 75 415 BIODEGRADABLE 0
49 327 87 327 87 397 49 397 BIODEGRADABLE 0
2 372 56 372 56 416 2 416 BIODEGRADABLE 0
0 339 54.00000000000001 339 54.00000000000001 389 0 389 BIODEGRADABLE 0
26 322 54.00000000000001 322 54.00000000000001 392 26 392 BIODEGRADABLE 0
0 300 28 300 28 352 0 352 BIODEGRADABLE 0