184 321 290 321 290 354 184 354 BIODEGRADABLE 0
230 346 251.99999999999997 346 251.99999999999997 360 230 360 BIODEGRADABLE 0
249 341 277 341 277 347 249 347 BIODEGRADABLE 0
173 346 189 346 189 361 173 361 BIODEGRADABLE 0
167 326 186 326 186 338 167 338 BIODEGRADABLE 0
187 325 225 325 225 340 187 340 BIODEGRADABLE 0
192 312 225 312 225 324 192 324 BIODEGRADABLE 0
230 305 251.99999999999997 305 251.99999999999997 317 230 317 BIODEGRADABLE 0
233 317 263 317 263 332 233 332 BIODEGRADABLE 0
80 383 203 383 203 415 80 415 BIODEGRADABLE 0
29.999999999999996 338 134 338 134 377 29.999999999999996 377 BIODEGRADABLE 0
3 267 112.99999999999999 267 112.99999999999999 331 3 331 BIODEGRADABLE 0
77 242.00000000000003 222 242.00000000000003 222 306 77 306 BIODEGRADABLE 0
69 206 159 206 159 248 69 248 BIODEGRADABLE 0
3 189 66 189 66 224 3 224 BIODEGRADABLE 0
55 149 153 149 153 189 55 189 BIODEGRADABLE 0
3 142 49 142 49 181 3 181 BIODEGRADABLE 0
3 180 378 180 378 236 3 236 BIODEGRADABLE 0
145 177 205 177 205 192 145 192 BIODEGRADABLE 0
222 198 288 198 288 218 222 218 BIODEGRADABLE 0
271 260 290 260 290 270 271 270 BIODEGRADABLE 0
236 168 255.00000000000003 168 255.00000000000003 176 236 176 BIODEGRADABLE 0
211 146 257 146 257 158 211 158 BIODEGRADABLE 0
206 154 258 154 258 166 206 166 BIODEGRADABLE 0
217 140 236 140 236 146 217 146 BIODEGRADABLE 0
151 155 173 155 173 165 151 165 BIODEGRADABLE 0
170 165 178 165 178 169 170 169 BIODEGRADABLE 0
44 57.00000000000001 258 57.00000000000001 258 147 44 147 BIODEGRADABLE 0
3 108.00000000000001 57.00000000000001 108.00000000000001 57.00000000000001 143 3 143 BIODEGRADABLE 0
6 69 91 69 91 111 6 111 BIODEGRADABLE 0
66 45 146 45 146 79 66 79 BIODEGRADABLE 0
25 9 96 9 96 59 25 59 BIODEGRADABLE 0
85 23 159 23 159 47 85 47 BIODEGRADABLE 0
146 42 251.99999999999997 42 251.99999999999997 68 146 68 BIODEGRADABLE 0
154 19 213.99999999999997 19 213.99999999999997 51 154 51 BIODEGRADABLE 0
96 1 159 1 159 23 96 23 BIODEGRADABLE 0
25 0 99 0 99 9 25 9 BIODEGRADABLE 0
3 8 31 8 31 52 3 52 BIODEGRADABLE 0
57.00000000000001 368 241.00000000000003 368 241.00000000000003 415 57.00000000000001 415 GLASS 0
3 362 66 362 66 415 3 415 GLASS 0
3 223 74 223 74 263 3 263 GLASS 0