2 69 116 69 116 270 2 270 BIODEGRADABLE 0
2 258 65 258 65 414 2 414 BIODEGRADABLE 0
29.999999999999996 288 162 288 162 414 29.999999999999996 414 BIODEGRADABLE 0
136 375 224 375 224 414 136 414 BIODEGRADABLE 0
223 298 364 298 364 414 223 414 BIODEGRADABLE 0
188 231 286 231 286 357 188 357 BIODEGRADABLE 0
93 160 195 160 195 327 93 327 BIODEGRADABLE 0
152 41 282 41 282 256 152 256 BIODEGRADABLE 0
286 142 416 142 416 336 286 336 BIODEGRADABLE 0
267 0 377 0 377 153 267 153 BIODEGRADABLE 0
382 103 416 103 416 183 382 183 BIODEGRADABLE 0
266 149 299 149 299 241.00000000000003 266 241.00000000000003 BIODEGRADABLE 0
229.00000000000003 0 305 0 305 46 229.00000000000003 46 BIODEGRADABLE 0
215.00000000000003 23 266 23 266 85 215.00000000000003 85 BIODEGRADABLE 0
129 0 215.00000000000003 0 215.00000000000003 57.00000000000001 129 57.00000000000001 BIODEGRADABLE 0
72 0 137 0 137 92 72 92 BIODEGRADABLE 0
110 78 148 78 148 165 110 165 BIODEGRADABLE 0
2 0 47 0 47 57.00000000000001 2 57.00000000000001 BIODEGRADABLE 0