312 302 388 302 388 388 312 388 BIODEGRADABLE 0
336 387 392 387 392 414 336 414 BIODEGRADABLE 0
313 248 369 248 369 298 313 298 BIODEGRADABLE 0
10 134 156 134 156 331 10 331 BIODEGRADABLE 0
134 232 274 232 274 414 134 414 BIODEGRADABLE 0
247 368 311 368 311 414 247 414 BIODEGRADABLE 0
74 317 164 317 164 414 74 414 BIODEGRADABLE 0
0 197 72 197 72 414 0 414 BIODEGRADABLE 0
51 322 87 322 87 388 51 388 BIODEGRADABLE 0
88 320 112.99999999999999 320 112.99999999999999 357 88 357 BIODEGRADABLE 0
0 51 55 51 55 202 0 202 BIODEGRADABLE 0
0 1 46 1 46 75 0 75 BIODEGRADABLE 0
28 1 162 1 162 140 28 140 BIODEGRADABLE 0
131 20 266 20 266 217 131 217 BIODEGRADABLE 0
205 1 286 1 286 46 205 46 BIODEGRADABLE 0
302 1 368 1 368 147 302 147 BIODEGRADABLE 0
363 105 371 105 371 118 363 118 BIODEGRADABLE 0
388 149 394 149 394 162 388 162 BIODEGRADABLE 0
361 169 372 169 372 182 361 182 BIODEGRADABLE 0
375 212 386 212 386 228.00000000000003 375 228.00000000000003 BIODEGRADABLE 0
357 223 369 223 369 243 357 243 BIODEGRADABLE 0
368 232 376 232 376 243 368 243 BIODEGRADABLE 0
251 119 361 119 361 261 251 261 BIODEGRADABLE 0
272 251.99999999999997 311 251.99999999999997 311 304 272 304 BIODEGRADABLE 0
266 280 305 280 305 366 266 366 BIODEGRADABLE 0
309 254.00000000000003 363 254.00000000000003 363 302 309 302 BIODEGRADABLE 0
259 79 311 79 311 145 259 145 BIODEGRADABLE 0