200 305 256 305 256 377 200 377 BIODEGRADABLE 0
144 282 216.00000000000003 282 216.00000000000003 347 144 347 BIODEGRADABLE 0
210 248 259 248 259 290 210 290 BIODEGRADABLE 0
205 181 267 181 267 259 205 259 BIODEGRADABLE 0
261 210 303 210 303 269 261 269 BIODEGRADABLE 0
272 151 324 151 324 221 272 221 BIODEGRADABLE 0
241.00000000000003 158 274 158 274 202 241.00000000000003 202 BIODEGRADABLE 0
177 204 223 204 223 288 177 288 BIODEGRADABLE 0
146 194 188 194 188 276 146 276 BIODEGRADABLE 0
197 111 256 111 256 181 197 181 BIODEGRADABLE 0
241.00000000000003 91 284 91 284 158 241.00000000000003 158 BIODEGRADABLE 0
184 29.999999999999996 239.99999999999997 29.999999999999996 239.99999999999997 86 184 86 BIODEGRADABLE 0
148 65 189 65 189 105 148 105 BIODEGRADABLE 0
182 72 220 72 220 116 182 116 BIODEGRADABLE 0
149 109 200 109 200 185 149 185 BIODEGRADABLE 0
136 173 166 173 166 215.00000000000003 136 215.00000000000003 BIODEGRADABLE 0
121.00000000000001 103 156 103 156 162 121.00000000000001 162 BIODEGRADABLE 0
85 147 134 147 134 217 85 217 BIODEGRADABLE 0
90 91 138 91 138 154 90 154 BIODEGRADABLE 0
135 40 179 40 179 94 135 94 BIODEGRADABLE 0