106 324 166 324 166 414 106 414 BIODEGRADABLE 0
10 281 84 281 84 414 10 414 BIODEGRADABLE 0
2 230 52 230 52 298 2 298 BIODEGRADABLE 0
45 238 122 238 122 339 45 339 BIODEGRADABLE 0
119 232 213.99999999999997 232 213.99999999999997 335 119 335 BIODEGRADABLE 0
169 316 264 316 264 410 169 410 BIODEGRADABLE 0
262 304 340 304 340 414 262 414 BIODEGRADABLE 0
315 252.99999999999997 399 252.99999999999997 399 393 315 393 BIODEGRADABLE 0
237 238 323 238 323 313 237 313 BIODEGRADABLE 0
206 161 318 161 318 273 206 273 BIODEGRADABLE 0
210 268 238 268 238 315 210 315 BIODEGRADABLE 0
153 123 213.99999999999997 123 213.99999999999997 228.00000000000003 153 228.00000000000003 BIODEGRADABLE 0
114.00000000000001 164 162 164 162 232 114.00000000000001 232 BIODEGRADABLE 0
80 131 122 131 122 234 80 234 BIODEGRADABLE 0
19 125.99999999999999 87 125.99999999999999 87 236 19 236 BIODEGRADABLE 0
371 202 415 202 415 335 371 335 BIODEGRADABLE 0
313 106.99999999999999 403 106.99999999999999 403 249 313 249 BIODEGRADABLE 0
206 59.99999999999999 315 59.99999999999999 315 165 206 165 BIODEGRADABLE 0
161 65 213.99999999999997 65 213.99999999999997 127.00000000000001 161 127.00000000000001 BIODEGRADABLE 0
124 86 178 86 178 168 124 168 BIODEGRADABLE 0
112.99999999999999 28 161 28 161 99 112.99999999999999 99 BIODEGRADABLE 0
62.99999999999999 0 119 0 119 54.00000000000001 62.99999999999999 54.00000000000001 BIODEGRADABLE 0
42 50 119 50 119 142 42 142 BIODEGRADABLE 0
115 0 166 0 166 35 115 35 BIODEGRADABLE 0
288 5 368 5 368 108.00000000000001 288 108.00000000000001 BIODEGRADABLE 0
147 0 293 0 293 65 147 65 BIODEGRADABLE 0