245 130 415 130 415 414 245 414 BIODEGRADABLE 0
335 59.99999999999999 415 59.99999999999999 415 261 335 261 BIODEGRADABLE 0
270 164 343 164 343 236 270 236 BIODEGRADABLE 0
301 0 415 0 415 167 301 167 BIODEGRADABLE 0
148 0 342 0 342 208 148 208 BIODEGRADABLE 0
91 146 277 146 277 414 91 414 BIODEGRADABLE 0
1 222 127.00000000000001 222 127.00000000000001 414 1 414 BIODEGRADABLE 0
21 51 146 51 146 222 21 222 BIODEGRADABLE 0
86 1 176 1 176 79 86 79 BIODEGRADABLE 0
0 0 88 0 88 111 0 111 BIODEGRADABLE 0
0 112.99999999999999 21 112.99999999999999 21 257 0 257 BIODEGRADABLE 0
1 0 415 0 415 414 1 414 BIODEGRADABLE 0