367 0 415 0 415 161 367 161 BIODEGRADABLE 0
357 133 415 133 415 294 357 294 BIODEGRADABLE 0
363 294 406 294 406 406 363 406 BIODEGRADABLE 0
401 296 415 296 415 411 401 411 BIODEGRADABLE 0
331 256 379 256 379 332 331 332 BIODEGRADABLE 0
349 140 387 140 387 258 349 258 BIODEGRADABLE 0
285 43 377 43 377 319 285 319 BIODEGRADABLE 0
327 0 361 0 361 64 327 64 BIODEGRADABLE 0
329 322 403 322 403 414 329 414 BIODEGRADABLE 0
293 317 351 317 351 414 293 414 BIODEGRADABLE 0
243 133 299 133 299 373 243 373 BIODEGRADABLE 0
246 112.99999999999999 289 112.99999999999999 289 256 246 256 BIODEGRADABLE 0
242.00000000000003 243 289 243 289 414 242.00000000000003 414 BIODEGRADABLE 0
277 381 292 381 292 414 277 414 BIODEGRADABLE 0
278 46 316 46 316 171 278 171 BIODEGRADABLE 0
228.00000000000003 0 330 0 330 56 228.00000000000003 56 BIODEGRADABLE 0
242.00000000000003 0 301 0 301 69 242.00000000000003 69 BIODEGRADABLE 0
243 41 299 41 299 166 243 166 BIODEGRADABLE 0
174 13 246 13 246 413 174 413 BIODEGRADABLE 0
168 171 190 171 190 307 168 307 BIODEGRADABLE 0
124 54.00000000000001 203 54.00000000000001 203 268 124 268 BIODEGRADABLE 0
105 0 215.00000000000003 0 215.00000000000003 148 105 148 BIODEGRADABLE 0
91 0 153 0 153 381 91 381 BIODEGRADABLE 0
134 248 176 248 176 414 134 414 BIODEGRADABLE 0
77 335 133 335 133 414 77 414 BIODEGRADABLE 0
19 312 91 312 91 414 19 414 BIODEGRADABLE 0
59 0 109 0 109 317 59 317 BIODEGRADABLE 0
29 0 119.99999999999999 0 119.99999999999999 215.00000000000003 29 215.00000000000003 BIODEGRADABLE 0
59 0 81 0 81 62 59 62 BIODEGRADABLE 0
42 283 69 283 69 365 42 365 BIODEGRADABLE 0
0 204 61 204 61 414 0 414 BIODEGRADABLE 0
0 23 61 23 61 264 0 264 BIODEGRADABLE 0
27.000000000000004 66 75 66 75 212 27.000000000000004 212 BIODEGRADABLE 0
14 0 53 0 53 23 14 23 BIODEGRADABLE 0
0 0 34 0 34 204 0 204 BIODEGRADABLE 0
0 260 18 260 18 381 0 381 BIODEGRADABLE 0