379 373 415 373 415 404 379 404 BIODEGRADABLE 0
388 400 415 400 415 416 388 416 BIODEGRADABLE 0
366 392 386 392 386 410 366 410 BIODEGRADABLE 0
366 369 386 369 386 390 366 390 BIODEGRADABLE 0
382 356 414 356 414 374 382 374 BIODEGRADABLE 0
296 392 334 392 334 414 296 414 BIODEGRADABLE 0
305 369 357 369 357 401 305 401 BIODEGRADABLE 0
344 394 362 394 362 415 344 415 BIODEGRADABLE 0
325 356 355 356 355 370 325 370 BIODEGRADABLE 0
305 350 327 350 327 371 305 371 BIODEGRADABLE 0
282 364 307 364 307 398 282 398 BIODEGRADABLE 0
255.00000000000003 398 287 398 287 414 255.00000000000003 414 BIODEGRADABLE 0
228.00000000000003 378 262 378 262 412 228.00000000000003 412 BIODEGRADABLE 0
191 403 221 403 221 415 191 415 BIODEGRADABLE 0
182 389 213.99999999999997 389 213.99999999999997 409 182 409 BIODEGRADABLE 0
148 395 182 395 182 415 148 415 BIODEGRADABLE 0
100 400 132 400 132 415 100 415 BIODEGRADABLE 0
62 406 96 406 96 415 62 415 BIODEGRADABLE 0
48 360 116 360 116 392 48 392 BIODEGRADABLE 0
80 379 125.99999999999999 379 125.99999999999999 407 80 407 BIODEGRADABLE 0
34 380 80 380 80 408 34 408 BIODEGRADABLE 0
116 356 134 356 134 377 116 377 BIODEGRADABLE 0
96 339 128 339 128 357 96 357 BIODEGRADABLE 0
62 340 94 340 94 360 62 360 BIODEGRADABLE 0
34 350 64 350 64 379 34 379 BIODEGRADABLE 0
136 332 166 332 166 359 136 359 BIODEGRADABLE 0
171 325 213.99999999999997 325 213.99999999999997 345 171 345 BIODEGRADABLE 0
193 345 225 345 225 391 193 391 BIODEGRADABLE 0
159 345 221 345 221 380 159 380 BIODEGRADABLE 0
141 377 191 377 191 389 141 389 BIODEGRADABLE 0
139 357 161 357 161 383 139 383 BIODEGRADABLE 0
230 340 280 340 280 371 230 371 BIODEGRADABLE 0
223 357 252.99999999999997 357 252.99999999999997 375 223 375 BIODEGRADABLE 0
251 369 271 369 271 377 251 377 BIODEGRADABLE 0
251.99999999999997 324 284 324 284 340 251.99999999999997 340 BIODEGRADABLE 0
225 327 255.00000000000003 327 255.00000000000003 351 225 351 BIODEGRADABLE 0
309 333 359 333 359 354 309 354 BIODEGRADABLE 0
328 316 366 316 366 336 328 336 BIODEGRADABLE 0
298 315 334 315 334 330 298 330 BIODEGRADABLE 0
294 332 312 332 312 342 294 342 BIODEGRADABLE 0
364 318 386 318 386 344 364 344 BIODEGRADABLE 0
384 325 415 325 415 350 384 350 BIODEGRADABLE 0
377 306 407 306 407 326 377 326 BIODEGRADABLE 0
404 308 415 308 415 325 404 325 BIODEGRADABLE 0
328 299 362 299 362 315 328 315 BIODEGRADABLE 0
350 280 366 280 366 300 350 300 BIODEGRADABLE 0
323 274 353 274 353 297 323 297 BIODEGRADABLE 0
300 288 332 288 332 311 300 311 BIODEGRADABLE 0
342 262 364 262 364 282 342 282 BIODEGRADABLE 0
312 263 348 263 348 277 312 277 BIODEGRADABLE 0
305 265 323 265 323 287 305 287 BIODEGRADABLE 0
275 283 300 283 300 315 275 315 BIODEGRADABLE 0
270 267 298 267 298 283 270 283 BIODEGRADABLE 0
248 280 280 280 280 308 248 308 BIODEGRADABLE 0
255.00000000000003 309 280 309 280 318 255.00000000000003 318 BIODEGRADABLE 0
226.99999999999997 298 257 298 257 322 226.99999999999997 322 BIODEGRADABLE 0
225 272 250 272 250 298 225 298 BIODEGRADABLE 0
235 264 273 264 273 285 235 285 BIODEGRADABLE 0
200 289 228.00000000000003 289 228.00000000000003 313 200 313 BIODEGRADABLE 0
166 309 202 309 202 333 166 333 BIODEGRADABLE 0
139 306 171 306 171 327 139 327 BIODEGRADABLE 0
141 277 171 277 171 304 141 304 BIODEGRADABLE 0
169 284 205 284 205 312 169 312 BIODEGRADABLE 0
191 268 223 268 223 290 191 290 BIODEGRADABLE 0
150 264 196 264 196 285 150 285 BIODEGRADABLE 0
73 294 116 294 116 323 73 323 BIODEGRADABLE 0
75 320 109 320 109 341 75 341 BIODEGRADABLE 0
106.99999999999999 302 135 302 135 324 106.99999999999999 324 BIODEGRADABLE 0
100 275 136 275 136 301 100 301 BIODEGRADABLE 0
59 276 105 276 105 298 59 298 BIODEGRADABLE 0
35 282 71 282 71 314 35 314 BIODEGRADABLE 0
41 316 75 316 75 337 41 337 BIODEGRADABLE 0
382 241.00000000000003 414 241.00000000000003 414 259 382 259 BIODEGRADABLE 0
362 238.99999999999997 384 238.99999999999997 384 257 362 257 BIODEGRADABLE 0
321 241.00000000000003 362 241.00000000000003 362 262 321 262 BIODEGRADABLE 0
294 242.00000000000003 328 242.00000000000003 328 257 294 257 BIODEGRADABLE 0
246 248 284 248 284 263 246 263 BIODEGRADABLE 0
221 242.00000000000003 251 242.00000000000003 251 263 221 263 BIODEGRADABLE 0
173 250 205 250 205 265 173 265 BIODEGRADABLE 0
139 245 173 245 173 265 139 265 BIODEGRADABLE 0
87 252.99999999999997 128 252.99999999999997 128 274 87 274 BIODEGRADABLE 0
43 252.99999999999997 84 252.99999999999997 84 273 43 273 BIODEGRADABLE 0
69 233 105 233 105 259 69 259 BIODEGRADABLE 0
102 231 132 231 132 252.99999999999997 102 252.99999999999997 BIODEGRADABLE 0
39 228.00000000000003 69 228.00000000000003 69 256 39 256 BIODEGRADABLE 0
132 216.00000000000003 164 216.00000000000003 164 248 132 248 BIODEGRADABLE 0
162 225.99999999999997 198 225.99999999999997 198 250 162 250 BIODEGRADABLE 0
189 225.99999999999997 219 225.99999999999997 219 250 189 250 BIODEGRADABLE 0
216.00000000000003 220 246 220 246 244 216.00000000000003 244 BIODEGRADABLE 0
242.00000000000003 225.99999999999997 280 225.99999999999997 280 251.99999999999997 242.00000000000003 251.99999999999997 BIODEGRADABLE 0
278 226.99999999999997 296 226.99999999999997 296 245 278 245 BIODEGRADABLE 0
294 224 314 224 314 244 294 244 BIODEGRADABLE 0
316 222 348 222 348 242.00000000000003 316 242.00000000000003 BIODEGRADABLE 0
362 215.00000000000003 387 215.00000000000003 387 237 362 237 BIODEGRADABLE 0
388 225 415 225 415 242.00000000000003 388 242.00000000000003 BIODEGRADABLE 0
395 210 415 210 415 226.99999999999997 395 226.99999999999997 BIODEGRADABLE 0
369 209 394 209 394 225 369 225 BIODEGRADABLE 0
328 208 362 208 362 225.99999999999997 328 225.99999999999997 BIODEGRADABLE 0
296 209 328 209 328 226.99999999999997 296 226.99999999999997 BIODEGRADABLE 0
262 206 296 206 296 230 262 230 BIODEGRADABLE 0
234 204 266 204 266 224 234 224 BIODEGRADABLE 0
189 208 213.99999999999997 208 213.99999999999997 225.99999999999997 189 225.99999999999997 BIODEGRADABLE 0
150 208 186 208 186 224 150 224 BIODEGRADABLE 0
94 213.99999999999997 128 213.99999999999997 128 232 94 232 BIODEGRADABLE 0
45 209 91 209 91 235 45 235 BIODEGRADABLE 0
388 190 415 190 415 210 388 210 BIODEGRADABLE 0
364 191 392 191 392 207 364 207 BIODEGRADABLE 0
376 176 412 176 412 196 376 196 BIODEGRADABLE 0
380 159 405 159 405 175 380 175 BIODEGRADABLE 0
360 159 380 159 380 177 360 177 BIODEGRADABLE 0
357 177 375 177 375 195 357 195 BIODEGRADABLE 0
316 173 350 173 350 193 316 193 BIODEGRADABLE 0
332 192 357 192 357 207 332 207 BIODEGRADABLE 0
330 159 358 159 358 179 330 179 BIODEGRADABLE 0
300 154 334 154 334 174 300 174 BIODEGRADABLE 0
294 167 312 167 312 188 294 188 BIODEGRADABLE 0
291 186 316 186 316 201 291 201 BIODEGRADABLE 0
307 194 335 194 335 209 307 209 BIODEGRADABLE 0
255.00000000000003 191 287 191 287 206 255.00000000000003 206 BIODEGRADABLE 0
216.00000000000003 193 257 193 257 209 216.00000000000003 209 BIODEGRADABLE 0
244 168 278 168 278 192 244 192 BIODEGRADABLE 0
211 159 241.00000000000003 159 241.00000000000003 193 211 193 BIODEGRADABLE 0
223 155 264 155 264 171 223 171 BIODEGRADABLE 0
257 155 287 155 287 170 257 170 BIODEGRADABLE 0
164 189 202 189 202 204 164 204 BIODEGRADABLE 0
189 165 211 165 211 192 189 192 BIODEGRADABLE 0
157 168 191 168 191 192 157 192 BIODEGRADABLE 0
136 179 164 179 164 205 136 205 BIODEGRADABLE 0
132 154 164 154 164 180 132 180 BIODEGRADABLE 0
157 148 200 148 200 168 157 168 BIODEGRADABLE 0
106.99999999999999 178 135 178 135 206 106.99999999999999 206 BIODEGRADABLE 0
71 191 114.00000000000001 191 114.00000000000001 212.99999999999997 71 212.99999999999997 BIODEGRADABLE 0
32 185 75 185 75 209 32 209 BIODEGRADABLE 0
59 166 109 166 109 194 59 194 BIODEGRADABLE 0
34 158 64 158 64 185 34 185 BIODEGRADABLE 0
57.00000000000001 150 105 150 105 166 57.00000000000001 166 BIODEGRADABLE 0
98 150 132 150 132 176 98 176 BIODEGRADABLE 0
55 125.99999999999999 103 125.99999999999999 103 150 55 150 BIODEGRADABLE 0
98 125.99999999999999 130 125.99999999999999 130 147 98 147 BIODEGRADABLE 0
34 125.99999999999999 62 125.99999999999999 62 146 34 146 BIODEGRADABLE 0
29.999999999999996 99 68 99 68 125.99999999999999 29.999999999999996 125.99999999999999 BIODEGRADABLE 0
68 99 109 99 109 125.99999999999999 68 125.99999999999999 BIODEGRADABLE 0
105 114.00000000000001 123 114.00000000000001 123 125.99999999999999 105 125.99999999999999 BIODEGRADABLE 0
84 93 118 93 118 115 84 115 BIODEGRADABLE 0
46 88 82 88 82 109 46 109 BIODEGRADABLE 0
123 101 161 101 161 135 123 135 BIODEGRADABLE 0
139 125.99999999999999 180 125.99999999999999 180 150 139 150 BIODEGRADABLE 0
182 132 213.99999999999997 132 213.99999999999997 148 182 148 BIODEGRADABLE 0
180 109 216.00000000000003 109 216.00000000000003 136 180 136 BIODEGRADABLE 0
150 96 193 96 193 123 150 123 BIODEGRADABLE 0
129 95 157 95 157 109 129 109 BIODEGRADABLE 0
213.99999999999997 130 248 130 248 154 213.99999999999997 154 BIODEGRADABLE 0
248 134 280 134 280 156 248 156 BIODEGRADABLE 0
269 121.00000000000001 289 121.00000000000001 289 142 269 142 BIODEGRADABLE 0
244 109 280 109 280 133 244 133 BIODEGRADABLE 0
264 102 289 102 289 123 264 123 BIODEGRADABLE 0
228.00000000000003 97 266 97 266 112.99999999999999 228.00000000000003 112.99999999999999 BIODEGRADABLE 0
216.00000000000003 108.00000000000001 244 108.00000000000001 244 132 216.00000000000003 132 BIODEGRADABLE 0
289 122 323 122 323 144 289 144 BIODEGRADABLE 0
300 138 332 138 332 152 300 152 BIODEGRADABLE 0
330 139 358 139 358 157 330 157 BIODEGRADABLE 0
316 118 346 118 346 138 316 138 BIODEGRADABLE 0
341 117 355 117 355 132 341 132 BIODEGRADABLE 0
316 106 344 106 344 121.00000000000001 316 121.00000000000001 BIODEGRADABLE 0
294 108.00000000000001 312 108.00000000000001 312 123 294 123 BIODEGRADABLE 0
355 125.99999999999999 383 125.99999999999999 383 148 355 148 BIODEGRADABLE 0
364 141 394 141 394 159 364 159 BIODEGRADABLE 0
391 144 415 144 415 155 391 155 BIODEGRADABLE 0
378 123 410 123 410 143 378 143 BIODEGRADABLE 0
407 122 415 122 415 141 407 141 BIODEGRADABLE 0
387 109 409 109 409 123 387 123 BIODEGRADABLE 0
355 109 387 109 387 130 355 130 BIODEGRADABLE 0
391 92 415 92 415 109 391 109 BIODEGRADABLE 0
402 74 415 74 415 96 402 96 BIODEGRADABLE 0
373 73 405 73 405 94 373 94 BIODEGRADABLE 0
362 89 394 89 394 109 362 109 BIODEGRADABLE 0
359 79 375 79 375 95 359 95 BIODEGRADABLE 0
360 59 382 59 382 79 360 79 BIODEGRADABLE 0
380 62 402 62 402 74 380 74 BIODEGRADABLE 0
332 88 360 88 360 108.00000000000001 332 108.00000000000001 BIODEGRADABLE 0
337 77 357 77 357 89 337 89 BIODEGRADABLE 0
314 64 348 64 348 90 314 90 BIODEGRADABLE 0
303 88 337 88 337 106 303 106 BIODEGRADABLE 0
289 74 319 74 319 98 289 98 BIODEGRADABLE 0
287 59.99999999999999 312 59.99999999999999 312 76 287 76 BIODEGRADABLE 0
303 53 335 53 335 62.99999999999999 303 62.99999999999999 BIODEGRADABLE 0
335 59 353 59 353 73 335 73 BIODEGRADABLE 0
238.99999999999997 84 271 84 271 102 238.99999999999997 102 BIODEGRADABLE 0
264 67 286 67 286 93 264 93 BIODEGRADABLE 0
235 59 271 59 271 83 235 83 BIODEGRADABLE 0
262 49 287 49 287 65 262 65 BIODEGRADABLE 0
225.99999999999997 46 264 46 264 62 225.99999999999997 62 BIODEGRADABLE 0
212 44 234 44 234 76 212 76 BIODEGRADABLE 0
212 74 244 74 244 100 212 100 BIODEGRADABLE 0
155 72 189 72 189 94 155 94 BIODEGRADABLE 0
185 68 207 68 207 88 185 88 BIODEGRADABLE 0
162 46 205 46 205 74 162 74 BIODEGRADABLE 0
157 37 179 37 179 53 157 53 BIODEGRADABLE 0
121.00000000000001 35 157 35 157 57.00000000000001 121.00000000000001 57.00000000000001 BIODEGRADABLE 0
125 58 161 58 161 85 125 85 BIODEGRADABLE 0
96 62 121.00000000000001 62 121.00000000000001 88 96 88 BIODEGRADABLE 0
96 40 121.00000000000001 40 121.00000000000001 62 96 62 BIODEGRADABLE 0
50 31 96 31 96 67 50 67 BIODEGRADABLE 0
53 62 96 62 96 88 53 88 BIODEGRADABLE 0
23 47 61 47 61 77 23 77 BIODEGRADABLE 0
28 24 66 24 66 50 28 50 BIODEGRADABLE 0
71 28 96 28 96 40 71 40 BIODEGRADABLE 0
125 8 166 8 166 35 125 35 BIODEGRADABLE 0
123 1 151 1 151 11 123 11 BIODEGRADABLE 0
82 3 119.99999999999999 3 119.99999999999999 29 82 29 BIODEGRADABLE 0
55 0 91 0 91 27.000000000000004 55 27.000000000000004 BIODEGRADABLE 0
25 0 59 0 59 12 25 12 BIODEGRADABLE 0
152 0 180 0 180 14.999999999999998 152 14.999999999999998 BIODEGRADABLE 0
164 14 200 14 200 35 164 35 BIODEGRADABLE 0
180 0 205 0 205 20 180 20 BIODEGRADABLE 0
209 11 234 11 234 35 209 35 BIODEGRADABLE 0
209 0 237 0 237 14 209 14 BIODEGRADABLE 0
230 0 266 0 266 26 230 26 BIODEGRADABLE 0
225 23 257 23 257 45 225 45 BIODEGRADABLE 0
259 25 289 25 289 49 259 49 BIODEGRADABLE 0
262 3 280 3 280 23 262 23 BIODEGRADABLE 0
280 14.999999999999998 310 14.999999999999998 310 39 280 39 BIODEGRADABLE 0
287 35 323 35 323 51 287 51 BIODEGRADABLE 0
325 34 353 34 353 56 325 56 BIODEGRADABLE 0
314 14.999999999999998 339 14.999999999999998 339 36 314 36 BIODEGRADABLE 0
284 0 316 0 316 20 284 20 BIODEGRADABLE 0
314 3 339 3 339 18 314 18 BIODEGRADABLE 0