252.99999999999997 2 342 2 342 59 252.99999999999997 59 BIODEGRADABLE 0
259 37 336 37 336 196 259 196 BIODEGRADABLE 0
341 82 383 82 383 162 341 162 BIODEGRADABLE 0
290 98 344 98 344 196 290 196 BIODEGRADABLE 0
76 3 311 3 311 205 76 205 BIODEGRADABLE 0
119 3 255.00000000000003 3 255.00000000000003 78 119 78 BIODEGRADABLE 0
18 18 83 18 83 98 18 98 BIODEGRADABLE 0
0 46 92 46 92 132 0 132 BIODEGRADABLE 0
42 98 223 98 223 213.99999999999997 42 213.99999999999997 BIODEGRADABLE 0
223 161 312 161 312 238.99999999999997 223 238.99999999999997 BIODEGRADABLE 0
297 157 374 157 374 266 297 266 BIODEGRADABLE 0
345 144 415 144 415 232 345 232 BIODEGRADABLE 0
370 182 415 182 415 286 370 286 BIODEGRADABLE 0
294 226.99999999999997 376 226.99999999999997 376 325 294 325 BIODEGRADABLE 0
269 225.99999999999997 309 225.99999999999997 309 314 269 314 BIODEGRADABLE 0
216.00000000000003 201 269 201 269 321 216.00000000000003 321 BIODEGRADABLE 0
154 200 202 200 202 307 154 307 BIODEGRADABLE 0
154 157 228.00000000000003 157 228.00000000000003 282 154 282 BIODEGRADABLE 0
116 171 154 171 154 262 116 262 BIODEGRADABLE 0
68 123 122 123 122 285 68 285 BIODEGRADABLE 0
57.00000000000001 180 83 180 83 260 57.00000000000001 260 BIODEGRADABLE 0
23 137 77 137 77 189 23 189 BIODEGRADABLE 0
0 123 42 123 42 161 0 161 BIODEGRADABLE 0
0 152 58 152 58 228.00000000000003 0 228.00000000000003 BIODEGRADABLE 0
9 207 67 207 67 271 9 271 BIODEGRADABLE 0
35 318 233 318 233 398 35 398 BIODEGRADABLE 0
164 366 239.99999999999997 366 239.99999999999997 415 164 415 BIODEGRADABLE 0
87 305 211 305 211 355 87 355 BIODEGRADABLE 0
196 264 258 264 258 352 196 352 BIODEGRADABLE 0
162 363 315 363 315 415 162 415 BIODEGRADABLE 0
286 395 333 395 333 415 286 415 BIODEGRADABLE 0
341 328 386 328 386 416 341 416 BIODEGRADABLE 0
378 332 415 332 415 415 378 415 BIODEGRADABLE 0
315 280 377 280 377 396 315 396 BIODEGRADABLE 0
256 303 350 303 350 362 256 362 BIODEGRADABLE 0