166 26 282 26 282 88 166 88 BIODEGRADABLE 0
143 23 191 23 191 77 143 77 BIODEGRADABLE 0
189 14 226.99999999999997 14 226.99999999999997 44 189 44 BIODEGRADABLE 0
168 78 238.99999999999997 78 238.99999999999997 108.00000000000001 168 108.00000000000001 BIODEGRADABLE 0
132 67 171 67 171 112.99999999999999 132 112.99999999999999 BIODEGRADABLE 0
150 98 198 98 198 118 150 118 BIODEGRADABLE 0
182 85 273 85 273 138 182 138 BIODEGRADABLE 0
259 89 323 89 323 123 259 123 BIODEGRADABLE 0
293 56 355 56 355 93 293 93 BIODEGRADABLE 0
273 44 330 44 330 85 273 85 BIODEGRADABLE 0
330 91 378 91 378 138 330 138 BIODEGRADABLE 0
366 69 415 69 415 134 366 134 BIODEGRADABLE 0
346 71 384 71 384 89 346 89 BIODEGRADABLE 0
221 374 275 374 275 410 221 410 BIODEGRADABLE 0
173 377 216.00000000000003 377 216.00000000000003 407 173 407 BIODEGRADABLE 0
137 371 169 371 169 401 137 401 BIODEGRADABLE 0
100 358 134 358 134 392 100 392 BIODEGRADABLE 0
55 348 106.99999999999999 348 106.99999999999999 374 55 374 BIODEGRADABLE 0
27.000000000000004 328 73 328 73 362 27.000000000000004 362 BIODEGRADABLE 0
3 307 41 307 41 343 3 343 BIODEGRADABLE 0
41 303 82 303 82 344 41 344 BIODEGRADABLE 0
84 340 118 340 118 360 84 360 BIODEGRADABLE 0
73 306 164 306 164 341 73 341 BIODEGRADABLE 0
121.00000000000001 334 160 334 160 369 121.00000000000001 369 BIODEGRADABLE 0
157 344 189 344 189 376 157 376 BIODEGRADABLE 0
289 375 343 375 343 409 289 409 BIODEGRADABLE 0
271 382 291 382 291 410 271 410 BIODEGRADABLE 0
246 351 287 351 287 381 246 381 BIODEGRADABLE 0
203 353 238.99999999999997 353 238.99999999999997 380 203 380 BIODEGRADABLE 0
180 365 212 365 212 383 180 383 BIODEGRADABLE 0
321 344 403 344 403 391 321 391 BIODEGRADABLE 0
391 295 415 295 415 334 391 334 BIODEGRADABLE 0
384 327 412 327 412 354 384 354 BIODEGRADABLE 0
346 307 400 307 400 343 346 343 BIODEGRADABLE 0
332 339 391 339 391 355 332 355 BIODEGRADABLE 0
366 138 407 138 407 173 366 173 BIODEGRADABLE 0
339 136 371 136 371 171 339 171 BIODEGRADABLE 0
268 121.00000000000001 334 121.00000000000001 334 161 268 161 BIODEGRADABLE 0
225 127.00000000000001 268 127.00000000000001 268 168 225 168 BIODEGRADABLE 0
184 121.00000000000001 234 121.00000000000001 234 156 184 156 BIODEGRADABLE 0
105 117 173 117 173 158 105 158 BIODEGRADABLE 0
80 121.00000000000001 121.00000000000001 121.00000000000001 121.00000000000001 159 80 159 BIODEGRADABLE 0
75 147 114.00000000000001 147 114.00000000000001 178 75 178 BIODEGRADABLE 0
109 154 159 154 159 188 109 188 BIODEGRADABLE 0
145 143 173 143 173 165 145 165 BIODEGRADABLE 0
157 146 211 146 211 206 157 206 BIODEGRADABLE 0
242.00000000000003 154 280 154 280 195 242.00000000000003 195 BIODEGRADABLE 0
285 154 323 154 323 189 285 189 BIODEGRADABLE 0
319 164 373 164 373 211 319 211 BIODEGRADABLE 0
355 182 391 182 391 202 355 202 BIODEGRADABLE 0
386 162 415 162 415 199 386 199 BIODEGRADABLE 0
316 204 380 204 380 254.00000000000003 316 254.00000000000003 BIODEGRADABLE 0
262 185 321 185 321 238 262 238 BIODEGRADABLE 0
212 209 264 209 264 244 212 244 BIODEGRADABLE 0
185 201 221 201 221 235 185 235 BIODEGRADABLE 0
121.00000000000001 212 196 212 196 256 121.00000000000001 256 BIODEGRADABLE 0
137 174 180 174 180 220 137 220 BIODEGRADABLE 0
91 191 145 191 145 231 91 231 BIODEGRADABLE 0
59 177 109 177 109 208 59 208 BIODEGRADABLE 0
19 194 71 194 71 218 19 218 BIODEGRADABLE 0
66 212.99999999999997 104 212.99999999999997 104 250 66 250 BIODEGRADABLE 0
64 232 92 232 92 265 64 265 BIODEGRADABLE 0
9 217 64 217 64 247 9 247 BIODEGRADABLE 0
7 238 61 238 61 262 7 262 BIODEGRADABLE 0
3 256 41 256 41 292 3 292 BIODEGRADABLE 0
23 280 66 280 66 304 23 304 BIODEGRADABLE 0
57.00000000000001 285 87 285 87 303 57.00000000000001 303 BIODEGRADABLE 0
76 297 114.00000000000001 297 114.00000000000001 311 76 311 BIODEGRADABLE 0
75 268 150 268 150 303 75 303 BIODEGRADABLE 0
93 233 141 233 141 267 93 267 BIODEGRADABLE 0
59 245 84 245 84 266 59 266 BIODEGRADABLE 0
157 239.99999999999997 213.99999999999997 239.99999999999997 213.99999999999997 274 157 274 BIODEGRADABLE 0
141 262 221 262 221 297 141 297 BIODEGRADABLE 0
157 289 223 289 223 321 157 321 BIODEGRADABLE 0
159 317 213.99999999999997 317 213.99999999999997 341 159 341 BIODEGRADABLE 0
191 336 225 336 225 366 191 366 BIODEGRADABLE 0
161 337 189 337 189 369 161 369 BIODEGRADABLE 0
221 307 275 307 275 342 221 342 BIODEGRADABLE 0
261 233 325 233 325 285 261 285 BIODEGRADABLE 0
210 245 262 245 262 275 210 275 BIODEGRADABLE 0
225 275 275 275 275 309 225 309 BIODEGRADABLE 0
246 291 280 291 280 313 246 313 BIODEGRADABLE 0
289 274 332 274 332 300 289 300 BIODEGRADABLE 0
296 294 334 294 334 314 296 314 BIODEGRADABLE 0
275 309 350 309 350 341 275 341 BIODEGRADABLE 0
264 333 323 333 323 368 264 368 BIODEGRADABLE 0
334 272 415 272 415 319 334 319 BIODEGRADABLE 0
325 254.00000000000003 389 254.00000000000003 389 278 325 278 BIODEGRADABLE 0
378 203 416 203 416 241.00000000000003 378 241.00000000000003 BIODEGRADABLE 0
373 237 415 237 415 272 373 272 BIODEGRADABLE 0
2 2 82 2 82 250 2 250 GLASS 0