180 81 386 81 386 243 180 243 BIODEGRADABLE 0
215.00000000000003 2 305 2 305 84 215.00000000000003 84 BIODEGRADABLE 0
292 2 414 2 414 118 292 118 BIODEGRADABLE 0
382 143 414 143 414 243 382 243 BIODEGRADABLE 0
266 235 414 235 414 373 266 373 BIODEGRADABLE 0
167 235 277 235 277 315 167 315 BIODEGRADABLE 0
112 148 189 148 189 213.99999999999997 112 213.99999999999997 BIODEGRADABLE 0
118 13 234 13 234 156 118 156 BIODEGRADABLE 0
41 21 137 21 137 90 41 90 BIODEGRADABLE 0
1 79 69 79 69 151 1 151 BIODEGRADABLE 0
59.99999999999999 106.99999999999999 135 106.99999999999999 135 161 59.99999999999999 161 BIODEGRADABLE 0
56 84 118 84 118 121.00000000000001 56 121.00000000000001 BIODEGRADABLE 0
34 137 84 137 84 191 34 191 BIODEGRADABLE 0
75 164 125 164 125 212 75 212 BIODEGRADABLE 0
54.00000000000001 201 122 201 122 246 54.00000000000001 246 BIODEGRADABLE 0
44 195 84 195 84 219 44 219 BIODEGRADABLE 0
41 182 65 182 65 200 41 200 BIODEGRADABLE 0
28 215.00000000000003 59.99999999999999 215.00000000000003 59.99999999999999 249 28 249 BIODEGRADABLE 0
56 246 110 246 110 288 56 288 BIODEGRADABLE 0
41 249 62.99999999999999 249 62.99999999999999 283 41 283 BIODEGRADABLE 0
90 309 135 309 135 365 90 365 BIODEGRADABLE 0
103 211 226.99999999999997 211 226.99999999999997 381 103 381 BIODEGRADABLE 0
170 312 305 312 305 404 170 404 BIODEGRADABLE 0
190 366 298 366 298 415 190 415 BIODEGRADABLE 0
273 356 408 356 408 415 273 415 BIODEGRADABLE 0