356 393 406 393 406 415 356 415 BIODEGRADABLE 0
341 362 386 362 386 391 341 391 BIODEGRADABLE 0
334 393 359 393 359 415 334 415 BIODEGRADABLE 0
302 363 334 363 334 415 302 415 BIODEGRADABLE 0
312 347 357 347 357 393 312 393 BIODEGRADABLE 0
312 325 342 325 342 349 312 349 BIODEGRADABLE 0
322 306 344 306 344 327 322 327 BIODEGRADABLE 0
309 291 344 291 344 330 309 330 BIODEGRADABLE 0
259 258 331 258 331 388 259 388 BIODEGRADABLE 0
264 354 306 354 306 415 264 415 BIODEGRADABLE 0
229.00000000000003 390 277 390 277 415 229.00000000000003 415 BIODEGRADABLE 0
249 258 314 258 314 362 249 362 BIODEGRADABLE 0
245 358 267 358 267 394 245 394 BIODEGRADABLE 0
381 184 401 184 401 199 381 199 BIODEGRADABLE 0
398 186 415 186 415 207 398 207 BIODEGRADABLE 0
379 199 411 199 411 221 379 221 BIODEGRADABLE 0
406 207 415 207 415 225.99999999999997 406 225.99999999999997 BIODEGRADABLE 0
346 104 415 104 415 174 346 174 BIODEGRADABLE 0
376 118 415 118 415 182 376 182 BIODEGRADABLE 0
89 1 145 1 145 29 89 29 BIODEGRADABLE 0
45 25 97 25 97 41 45 41 BIODEGRADABLE 0
70 31 98 31 98 49 70 49 BIODEGRADABLE 0
53 36 73 36 73 56 53 56 BIODEGRADABLE 0
59.99999999999999 51 98 51 98 76 59.99999999999999 76 BIODEGRADABLE 0
87 65 145 65 145 94 87 94 BIODEGRADABLE 0
95 95 143 95 143 117 95 117 BIODEGRADABLE 0
134 54.00000000000001 182 54.00000000000001 182 83 134 83 BIODEGRADABLE 0
85 31 145 31 145 65 85 65 BIODEGRADABLE 0
140 20 185 20 185 54.00000000000001 140 54.00000000000001 BIODEGRADABLE 0
167 7 179 7 179 22 167 22 BIODEGRADABLE 0
131 1 165 1 165 25 131 25 BIODEGRADABLE 0
3 146 33 146 33 178 3 178 BIODEGRADABLE 0
3 179 14.999999999999998 179 14.999999999999998 203 3 203 BIODEGRADABLE 0
5 98 29.999999999999996 98 29.999999999999996 130 5 130 BIODEGRADABLE 0
3 84 18 84 18 108.00000000000001 3 108.00000000000001 BIODEGRADABLE 0
3 65 8 65 8 77 3 77 BIODEGRADABLE 0
82 137 127.00000000000001 137 127.00000000000001 157 82 157 BIODEGRADABLE 0
67 156 97 156 97 180 67 180 BIODEGRADABLE 0
90 156 164 156 164 196 90 196 BIODEGRADABLE 0
90 182 204 182 204 218 90 218 BIODEGRADABLE 0
42 178 90 178 90 262 42 262 BIODEGRADABLE 0
33 250 45 250 45 272 33 272 BIODEGRADABLE 0
10 273 35 273 35 316 10 316 BIODEGRADABLE 0
23 200 100 200 100 327 23 327 BIODEGRADABLE 0
10 314 29.999999999999996 314 29.999999999999996 329 10 329 BIODEGRADABLE 0
23 323 45 323 45 335 23 335 BIODEGRADABLE 0
50 291 70 291 70 321 50 321 BIODEGRADABLE 0
65 274 80 274 80 284 65 284 BIODEGRADABLE 0
70 198 105 198 105 280 70 280 BIODEGRADABLE 0
62.99999999999999 278 105 278 105 314 62.99999999999999 314 BIODEGRADABLE 0
77 311 132 311 132 332 77 332 BIODEGRADABLE 0
105 294 143 294 143 312 105 312 BIODEGRADABLE 0
67 328 106.99999999999999 328 106.99999999999999 350 67 350 BIODEGRADABLE 0
70 348 110 348 110 372 70 372 BIODEGRADABLE 0
105 372 123 372 123 383 105 383 BIODEGRADABLE 0
122 379 150 379 150 401 122 401 BIODEGRADABLE 0
127.00000000000001 367 152 367 152 378 127.00000000000001 378 BIODEGRADABLE 0
182 368 222 368 222 415 182 415 BIODEGRADABLE 0
170 353 192 353 192 395 170 395 BIODEGRADABLE 0
137 215.00000000000003 179 215.00000000000003 179 363 137 363 BIODEGRADABLE 0
122 276 157 276 157 366 122 366 BIODEGRADABLE 0
108.00000000000001 344 130 344 130 372 108.00000000000001 372 BIODEGRADABLE 0
100 232 138 232 138 294 100 294 BIODEGRADABLE 0
100 200 115 200 115 273 100 273 BIODEGRADABLE 0
112 218 140 218 140 232 112 232 BIODEGRADABLE 0
112 202 140 202 140 218 112 218 BIODEGRADABLE 0
172 217 210 217 210 312 172 312 BIODEGRADABLE 0
180 295 235 295 235 313 180 313 BIODEGRADABLE 0
202 312 224 312 224 334 202 334 BIODEGRADABLE 0
180 315 205 315 205 353 180 353 BIODEGRADABLE 0
190 347 205 347 205 362 190 362 BIODEGRADABLE 0
194 265 229.00000000000003 265 229.00000000000003 297 194 297 BIODEGRADABLE 0
209 218 224 218 224 282 209 282 BIODEGRADABLE 0
224 229.00000000000003 238.99999999999997 229.00000000000003 238.99999999999997 254.00000000000003 224 254.00000000000003 BIODEGRADABLE 0
202 193 226.99999999999997 193 226.99999999999997 230 202 230 BIODEGRADABLE 0
376 74 415 74 415 104 376 104 BIODEGRADABLE 0
339 96 387 96 387 119.99999999999999 339 119.99999999999999 BIODEGRADABLE 0
316 105 354 105 354 133 316 133 BIODEGRADABLE 0
322 88 342 88 342 103 322 103 BIODEGRADABLE 0
341 62 379 62 379 95 341 95 BIODEGRADABLE 0
369 64 401 64 401 76 369 76 BIODEGRADABLE 0
314 53 364 53 364 89 314 89 BIODEGRADABLE 0
319 33 387 33 387 65 319 65 BIODEGRADABLE 0
381 51 409 51 409 71 381 71 BIODEGRADABLE 0
373 19 415 19 415 53 373 53 BIODEGRADABLE 0
307 7 352 7 352 41 307 41 BIODEGRADABLE 0
321 4 369 4 369 32 321 32 BIODEGRADABLE 0
359 10 411 10 411 32 359 32 BIODEGRADABLE 0
361 1 402 1 402 11 361 11 BIODEGRADABLE 0
316 1 362 1 362 7 316 7 BIODEGRADABLE 0
398 1 415 1 415 20 398 20 BIODEGRADABLE 0
234 1 274 1 274 21 234 21 BIODEGRADABLE 0
299 201 351 201 351 247 299 247 BIODEGRADABLE 0
301 196 339 196 339 218 301 218 BIODEGRADABLE 0
269 225.99999999999997 299 225.99999999999997 299 246 269 246 BIODEGRADABLE 0
242.00000000000003 221 282 221 282 246 242.00000000000003 246 BIODEGRADABLE 0
222 207 251.99999999999997 207 251.99999999999997 226.99999999999997 222 226.99999999999997 BIODEGRADABLE 0
251.99999999999997 204 264 204 264 216.00000000000003 251.99999999999997 216.00000000000003 BIODEGRADABLE 0
267 210 302 210 302 228.00000000000003 267 228.00000000000003 BIODEGRADABLE 0
264 192 299 192 299 210 264 210 BIODEGRADABLE 0
297 189 319 189 319 209 297 209 BIODEGRADABLE 0
254.00000000000003 162 299 162 299 188 254.00000000000003 188 BIODEGRADABLE 0
234 185 272 185 272 205 234 205 BIODEGRADABLE 0
222 175 254.00000000000003 175 254.00000000000003 201 222 201 BIODEGRADABLE 0
204 173 234 173 234 193 204 193 BIODEGRADABLE 0
172 175 200 175 200 195 172 195 BIODEGRADABLE 0
177 156 217 156 217 182 177 182 BIODEGRADABLE 0
213.99999999999997 161 234 161 234 172 213.99999999999997 172 BIODEGRADABLE 0
234 155 269 155 269 177 234 177 BIODEGRADABLE 0
195 122 269 122 269 156 195 156 BIODEGRADABLE 0
245 133 277 133 277 155 245 155 BIODEGRADABLE 0
264 128 296 128 296 154 264 154 BIODEGRADABLE 0
277 146 327 146 327 171 277 171 BIODEGRADABLE 0
262 105 304 105 304 131 262 131 BIODEGRADABLE 0
282 99 312 99 312 119 282 119 BIODEGRADABLE 0
217 97 277 97 277 123 217 123 BIODEGRADABLE 0
199 106 229.00000000000003 106 229.00000000000003 135 199 135 BIODEGRADABLE 0
222 68 260 68 260 98 222 98 BIODEGRADABLE 0
251.99999999999997 67 282 67 282 97 251.99999999999997 97 BIODEGRADABLE 0
237 61 259 61 259 79 237 79 BIODEGRADABLE 0