317 298 413 298 413 386 317 386 BIODEGRADABLE 0
291 310 344 310 344 415 291 415 BIODEGRADABLE 0
344 282 414 282 414 337 344 337 BIODEGRADABLE 0
315 216.00000000000003 414 216.00000000000003 414 297 315 297 BIODEGRADABLE 0
201 219 317 219 317 304 201 304 BIODEGRADABLE 0
247 302 298 302 298 412 247 412 BIODEGRADABLE 0
203 311 290 311 290 415 203 415 BIODEGRADABLE 0
218 348 244 348 244 414 218 414 BIODEGRADABLE 0
184 324 218 324 218 415 184 415 BIODEGRADABLE 0
157 290 201 290 201 378 157 378 BIODEGRADABLE 0
300 87 414 87 414 127.00000000000001 300 127.00000000000001 BIODEGRADABLE 0
327 47 411 47 411 87 327 87 BIODEGRADABLE 0
300 20 394 20 394 52 300 52 BIODEGRADABLE 0
363 13 411 13 411 44 363 44 BIODEGRADABLE 0
333 1 412 1 412 20 333 20 BIODEGRADABLE 0
54.00000000000001 341 114.00000000000001 341 114.00000000000001 385 54.00000000000001 385 BIODEGRADABLE 0
92 364 128 364 128 402 92 402 BIODEGRADABLE 0
65 385 97 385 97 413 65 413 BIODEGRADABLE 0
39 358 68 358 68 394 39 394 BIODEGRADABLE 0
29 344 53 344 53 360 29 360 BIODEGRADABLE 0
29 315 75 315 75 349 29 349 BIODEGRADABLE 0
71 321 97 321 97 341 71 341 BIODEGRADABLE 0
44 297 78 297 78 315 44 315 BIODEGRADABLE 0
78 294 114.00000000000001 294 114.00000000000001 323 78 323 BIODEGRADABLE 0
88 317 125.99999999999999 317 125.99999999999999 353 88 353 BIODEGRADABLE 0
114.00000000000001 348 160 348 160 402 114.00000000000001 402 BIODEGRADABLE 0
0 284 24 284 24 318 0 318 BIODEGRADABLE 0
0 304 51 304 51 334 0 334 BIODEGRADABLE 0
1 277 39 277 39 293 1 293 BIODEGRADABLE 0
29 264 87 264 87 297 29 297 BIODEGRADABLE 0
0 352 61 352 61 415 0 415 BIODEGRADABLE 0
138 198 186 198 186 220 138 220 BIODEGRADABLE 0
104 172 152 172 152 200 104 200 BIODEGRADABLE 0
145 165 186 165 186 195 145 195 BIODEGRADABLE 0
99 142 133 142 133 168 99 168 BIODEGRADABLE 0
133 142 179 142 179 166 133 166 BIODEGRADABLE 0
118 124 150 124 150 144 118 144 BIODEGRADABLE 0
109 104 153 104 153 122 109 122 BIODEGRADABLE 0
44 33 102 33 102 70 44 70 BIODEGRADABLE 0
215.00000000000003 34 283 34 283 82 215.00000000000003 82 BIODEGRADABLE 0
235 104 310 104 310 151 235 151 BIODEGRADABLE 0
176 103 242.00000000000003 103 242.00000000000003 145 176 145 BIODEGRADABLE 0
215.00000000000003 145 281 145 281 173 215.00000000000003 173 BIODEGRADABLE 0
259 172 317 172 317 213.99999999999997 259 213.99999999999997 BIODEGRADABLE 0
247 158 293 158 293 186 247 186 BIODEGRADABLE 0
295 132 373 132 373 172 295 172 BIODEGRADABLE 0
257 64 317 64 317 100 257 100 BIODEGRADABLE 0
266 26 302 26 302 57.00000000000001 266 57.00000000000001 BIODEGRADABLE 0
302 1 346 1 346 23 302 23 BIODEGRADABLE 0
308 55 346 55 346 91 308 91 BIODEGRADABLE 0
24 1 316 1 316 56 24 56 BIODEGRADABLE 0
0 1 374 1 374 213.99999999999997 0 213.99999999999997 BIODEGRADABLE 0
315 138 411 138 411 200 315 200 BIODEGRADABLE 0
332 179 414 179 414 235 332 235 BIODEGRADABLE 0
165 129 247 129 247 308 165 308 BIODEGRADABLE 0
1 55 119 55 119 212.99999999999997 1 212.99999999999997 BIODEGRADABLE 0
0 187 32 187 32 318 0 318 BIODEGRADABLE 0
32 237 88 237 88 283 32 283 BIODEGRADABLE 0
14.999999999999998 213.99999999999997 97 213.99999999999997 97 239.99999999999997 14.999999999999998 239.99999999999997 BIODEGRADABLE 0
68 196 104 196 104 213.99999999999997 68 213.99999999999997 BIODEGRADABLE 0
90 226.99999999999997 134 226.99999999999997 134 290 90 290 BIODEGRADABLE 0
109 223 169 223 169 304 109 304 BIODEGRADABLE 0
106 284 150 284 150 335 106 335 BIODEGRADABLE 0