92 385 125.99999999999999 385 125.99999999999999 415 92 415 BIODEGRADABLE 0
111 400 125.99999999999999 400 125.99999999999999 415 111 415 BIODEGRADABLE 0
78 374 118 374 118 414 78 414 BIODEGRADABLE 0
62.99999999999999 387 93 387 93 415 62.99999999999999 415 BIODEGRADABLE 0
56 357 104 357 104 401 56 401 BIODEGRADABLE 0
52 403 62.99999999999999 403 62.99999999999999 414 52 414 BIODEGRADABLE 0
39 374 79 374 79 414 39 414 BIODEGRADABLE 0
29.999999999999996 338 112 338 112 414 29.999999999999996 414 BIODEGRADABLE 0
13 396 33 396 33 414 13 414 BIODEGRADABLE 0
20 377 35 377 35 398 20 398 BIODEGRADABLE 0
10 327 102 327 102 370 10 370 BIODEGRADABLE 0
25 327 67 327 67 361 25 361 BIODEGRADABLE 0
29.999999999999996 333 48 333 48 359 29.999999999999996 359 BIODEGRADABLE 0
125.99999999999999 403 182 403 182 414 125.99999999999999 414 BIODEGRADABLE 0
125.99999999999999 398 178 398 178 407 125.99999999999999 407 BIODEGRADABLE 0
128 390 184 390 184 401 128 401 BIODEGRADABLE 0
128 379 187 379 187 392 128 392 BIODEGRADABLE 0
109 364 172 364 172 377 109 377 BIODEGRADABLE 0
127.00000000000001 355 185 355 185 374 127.00000000000001 374 BIODEGRADABLE 0
104 355 143 355 143 368 104 368 BIODEGRADABLE 0
130 348 169 348 169 361 130 361 BIODEGRADABLE 0
146 342 178 342 178 357 146 357 BIODEGRADABLE 0
152 303 200 303 200 342 152 342 BIODEGRADABLE 0
111 311 165 311 165 354 111 354 BIODEGRADABLE 0
29.999999999999996 252.99999999999997 70 252.99999999999997 70 320 29.999999999999996 320 BIODEGRADABLE 0
57.00000000000001 287 91 287 91 332 57.00000000000001 332 BIODEGRADABLE 0
70 248 98 248 98 285 70 285 BIODEGRADABLE 0
21 215.00000000000003 47 215.00000000000003 47 238.99999999999997 21 238.99999999999997 BIODEGRADABLE 0
29.999999999999996 237 46 237 46 261 29.999999999999996 261 BIODEGRADABLE 0
21 195 47 195 47 215.00000000000003 21 215.00000000000003 BIODEGRADABLE 0
48 193 70 193 70 230 48 230 BIODEGRADABLE 0
69 196 104 196 104 233 69 233 BIODEGRADABLE 0
41 230 85 230 85 251.99999999999997 41 251.99999999999997 BIODEGRADABLE 0
93 225.99999999999997 115 225.99999999999997 115 265 93 265 BIODEGRADABLE 0
112.99999999999999 228.00000000000003 148 228.00000000000003 148 287 112.99999999999999 287 BIODEGRADABLE 0
89 270 123 270 123 316 89 316 BIODEGRADABLE 0
124 272 159 272 159 302 124 302 BIODEGRADABLE 0
141 285 167 285 167 313 141 313 BIODEGRADABLE 0
157 270 183 270 183 294 157 294 BIODEGRADABLE 0
163 248 197 248 197 287 163 287 BIODEGRADABLE 0
150 217 184 217 184 251.99999999999997 150 251.99999999999997 BIODEGRADABLE 0
141 244 171 244 171 274 141 274 BIODEGRADABLE 0
142 183 170 183 170 229.00000000000003 142 229.00000000000003 BIODEGRADABLE 0
115 196 150 196 150 233 115 233 BIODEGRADABLE 0
104 196 124 196 124 218 104 218 BIODEGRADABLE 0
2 161 59.99999999999999 161 59.99999999999999 217 2 217 BIODEGRADABLE 0
2 141 52 141 52 211 2 211 BIODEGRADABLE 0
2 128 39 128 39 170 2 170 BIODEGRADABLE 0
31 1 53 1 53 19 31 19 BIODEGRADABLE 0
50 11 70 11 70 33 50 33 BIODEGRADABLE 0
50 1 73 1 73 13 50 13 BIODEGRADABLE 0
65 19 83 19 83 41 65 41 BIODEGRADABLE 0
74 1 92 1 92 19 74 19 BIODEGRADABLE 0
85 25 96 25 96 43 85 43 BIODEGRADABLE 0
95 14.999999999999998 108.00000000000001 14.999999999999998 108.00000000000001 37 95 37 BIODEGRADABLE 0
108.00000000000001 14.999999999999998 117 14.999999999999998 117 28 108.00000000000001 28 BIODEGRADABLE 0
101 1 121.00000000000001 1 121.00000000000001 13 101 13 BIODEGRADABLE 0
85 1 102 1 102 9 85 9 BIODEGRADABLE 0
134 4 228.00000000000003 4 228.00000000000003 72 134 72 BIODEGRADABLE 0
251.99999999999997 14.999999999999998 280 14.999999999999998 280 73 251.99999999999997 73 BIODEGRADABLE 0
255.00000000000003 11 268 11 268 67 255.00000000000003 67 BIODEGRADABLE 0
250 1 259 1 259 67 250 67 BIODEGRADABLE 0
234 21 250 21 250 58 234 58 BIODEGRADABLE 0
233 1 242.00000000000003 1 242.00000000000003 43 233 43 BIODEGRADABLE 0
229.00000000000003 1 278 1 278 61 229.00000000000003 61 BIODEGRADABLE 0
311 6 339 6 339 54.00000000000001 311 54.00000000000001 BIODEGRADABLE 0
329 23 368 23 368 58 329 58 BIODEGRADABLE 0
331 6 357 6 357 22 331 22 BIODEGRADABLE 0
337 1 396 1 396 17 337 17 BIODEGRADABLE 0
308 1 337 1 337 9 308 9 BIODEGRADABLE 0
331 65 368 65 368 99 331 99 BIODEGRADABLE 0
317 74 339 74 339 96 317 96 BIODEGRADABLE 0
237 62 335 62 335 80 237 80 BIODEGRADABLE 0
230 71 328 71 328 91 230 91 BIODEGRADABLE 0
211 76 322 76 322 108.00000000000001 211 108.00000000000001 BIODEGRADABLE 0
322 93 359 93 359 115 322 115 BIODEGRADABLE 0
211 97 363 97 363 141 211 141 BIODEGRADABLE 0
211 111 303 111 303 133 211 133 BIODEGRADABLE 0
263 133 357 133 357 155 263 155 BIODEGRADABLE 0
215.00000000000003 128 357 128 357 163 215.00000000000003 163 BIODEGRADABLE 0
212.99999999999997 148 335 148 335 164 212.99999999999997 164 BIODEGRADABLE 0
220 161 348 161 348 185 220 185 BIODEGRADABLE 0
357 128 391 128 391 158 357 158 BIODEGRADABLE 0
353 154 383 154 383 172 353 172 BIODEGRADABLE 0
350 159 370 159 370 183 350 183 BIODEGRADABLE 0
387 125.99999999999999 409 125.99999999999999 409 152 387 152 BIODEGRADABLE 0
352 100 400 100 400 130 352 130 BIODEGRADABLE 0
368 91 407 91 407 119 368 119 BIODEGRADABLE 0
400 21 416 21 416 109 400 109 BIODEGRADABLE 0
376 163 416 163 416 203 376 203 BIODEGRADABLE 0
353 230 411 230 411 289 353 289 BIODEGRADABLE 0
217 172 339 172 339 204 217 204 BIODEGRADABLE 0
213.99999999999997 183 370 183 370 217 213.99999999999997 217 BIODEGRADABLE 0
230 206 350 206 350 222 230 222 BIODEGRADABLE 0
215.00000000000003 215.00000000000003 372 215.00000000000003 372 237 215.00000000000003 237 BIODEGRADABLE 0
215.00000000000003 224 355 224 355 251.99999999999997 215.00000000000003 251.99999999999997 BIODEGRADABLE 0
212.99999999999997 237 339 237 339 265 212.99999999999997 265 BIODEGRADABLE 0
215.00000000000003 251.99999999999997 350 251.99999999999997 350 280 215.00000000000003 280 BIODEGRADABLE 0
212.99999999999997 269 346 269 346 287 212.99999999999997 287 BIODEGRADABLE 0
204 280 352 280 352 302 204 302 BIODEGRADABLE 0
212.99999999999997 296 303 296 303 312 212.99999999999997 312 BIODEGRADABLE 0
246 290 338 290 338 296 246 296 BIODEGRADABLE 0
341 313 363 313 363 335 341 335 BIODEGRADABLE 0
365 298 387 298 387 326 365 326 BIODEGRADABLE 0
344 289 368 289 368 315 344 315 BIODEGRADABLE 0
378 326 398 326 398 344 378 344 BIODEGRADABLE 0
387 337 398 337 398 361 387 361 BIODEGRADABLE 0
360 335 392 335 392 370 360 370 BIODEGRADABLE 0
361 324 377 324 377 340 361 340 BIODEGRADABLE 0
342 344 379 344 379 370 342 370 BIODEGRADABLE 0
346 368 378 368 378 381 346 381 BIODEGRADABLE 0
333 375 363 375 363 390 333 390 BIODEGRADABLE 0
327 385 342 385 342 398 327 398 BIODEGRADABLE 0
344 337 355 337 355 354 344 354 BIODEGRADABLE 0
370 403 405 403 405 414 370 414 BIODEGRADABLE 0
361 379 381 379 381 413 361 413 BIODEGRADABLE 0
327 392 366 392 366 414 327 414 BIODEGRADABLE 0
307 318 323 318 323 344 307 344 BIODEGRADABLE 0
307 342 322 342 322 368 307 368 BIODEGRADABLE 0
293 339 311 339 311 378 293 378 BIODEGRADABLE 0
298 320 307 320 307 335 298 335 BIODEGRADABLE 0
292 337 303 337 303 361 292 361 BIODEGRADABLE 0
231 311 252.99999999999997 311 252.99999999999997 343 231 343 BIODEGRADABLE 0
235 341 252.99999999999997 341 252.99999999999997 357 235 357 BIODEGRADABLE 0
224 342 237 342 237 362 224 362 BIODEGRADABLE 0
212.99999999999997 350 228.00000000000003 350 228.00000000000003 374 212.99999999999997 374 BIODEGRADABLE 0
215.00000000000003 326 231 326 231 350 215.00000000000003 350 BIODEGRADABLE 0
251.99999999999997 318 272 318 272 362 251.99999999999997 362 BIODEGRADABLE 0
215.00000000000003 359 254.00000000000003 359 254.00000000000003 391 215.00000000000003 391 BIODEGRADABLE 0
216.00000000000003 388 246 388 246 414 216.00000000000003 414 BIODEGRADABLE 0
235 396 261 396 261 415 235 415 BIODEGRADABLE 0
261 392 283 392 283 412 261 412 BIODEGRADABLE 0
250 375 274 375 274 396 250 396 BIODEGRADABLE 0
244 362 268 362 268 381 244 381 BIODEGRADABLE 0
259 346 275 346 275 378 259 378 BIODEGRADABLE 0
274 373 285 373 285 394 274 394 BIODEGRADABLE 0
159 135 179 135 179 157 159 157 BIODEGRADABLE 0
159 122 174 122 174 135 159 135 BIODEGRADABLE 0
146 135 168 135 168 148 146 148 BIODEGRADABLE 0
158 108.00000000000001 167 108.00000000000001 167 130 158 130 BIODEGRADABLE 0
156 80 167 80 167 106 156 106 BIODEGRADABLE 0
70 93 125.99999999999999 93 125.99999999999999 132 70 132 BIODEGRADABLE 0
50 131 98 131 98 159 50 159 BIODEGRADABLE 0
67 139 93 139 93 173 67 173 BIODEGRADABLE 0
83 143 94 143 94 169 83 169 BIODEGRADABLE 0
74 164 108.00000000000001 164 108.00000000000001 198 74 198 BIODEGRADABLE 0
89 176 117 176 117 198 89 198 BIODEGRADABLE 0
50 104 85 104 85 122 50 122 BIODEGRADABLE 0
62 82 78 82 78 102 62 102 BIODEGRADABLE 0
72 76 98 76 98 87 72 87 BIODEGRADABLE 0
61 46 98 46 98 74 61 74 BIODEGRADABLE 0
48 48 59 48 59 59 48 59 BIODEGRADABLE 0
35 54.00000000000001 50 54.00000000000001 50 72 35 72 BIODEGRADABLE 0
41 72 52 72 52 104 41 104 BIODEGRADABLE 0
41 89 54.00000000000001 89 54.00000000000001 121.00000000000001 41 121.00000000000001 BIODEGRADABLE 0
52 80 76 80 76 108.00000000000001 52 108.00000000000001 BIODEGRADABLE 0
100 65 125.99999999999999 65 125.99999999999999 91 100 91 BIODEGRADABLE 0
112.99999999999999 28 124 28 124 76 112.99999999999999 76 BIODEGRADABLE 0
102 48 112.99999999999999 48 112.99999999999999 59 102 59 BIODEGRADABLE 0
96 35 111 35 111 50 96 50 BIODEGRADABLE 0
128 82 141 82 141 91 128 91 BIODEGRADABLE 0
122 82 150 82 150 108.00000000000001 122 108.00000000000001 BIODEGRADABLE 0
115 98 139 98 139 122 115 122 BIODEGRADABLE 0
72 94 122 94 122 133 72 133 BIODEGRADABLE 0
98 137 124 137 124 169 98 169 BIODEGRADABLE 0
112.99999999999999 78 177 78 177 182 112.99999999999999 182 BIODEGRADABLE 0
50 119.99999999999999 137 119.99999999999999 137 192 50 192 BIODEGRADABLE 0
44 48 125.99999999999999 48 125.99999999999999 142 44 142 BIODEGRADABLE 0