328 124 414 124 414 201 328 201 BIODEGRADABLE 0
362 221 414 221 414 312 362 312 BIODEGRADABLE 0
342 335 414 335 414 415 342 415 BIODEGRADABLE 0
314 375 360 375 360 415 314 415 BIODEGRADABLE 0
213.99999999999997 345 314 345 314 415 213.99999999999997 415 BIODEGRADABLE 0
205 388 269 388 269 415 205 415 BIODEGRADABLE 0
171 341 223 341 223 400 171 400 BIODEGRADABLE 0
187 303 271 303 271 362 187 362 BIODEGRADABLE 0
357 16 414 16 414 70 357 70 BIODEGRADABLE 0
248 180 278 180 278 222 248 222 BIODEGRADABLE 0
232 193 270 193 270 235 232 235 BIODEGRADABLE 0
223 192 252.99999999999997 192 252.99999999999997 236 223 236 BIODEGRADABLE 0
217 215.00000000000003 238.99999999999997 215.00000000000003 238.99999999999997 249 217 249 BIODEGRADABLE 0
193 244 250 244 250 270 193 270 BIODEGRADABLE 0
193 266 243 266 243 313 193 313 BIODEGRADABLE 0
123 201 211 201 211 252.99999999999997 123 252.99999999999997 METAL 0
228.00000000000003 268 244 268 244 277 228.00000000000003 277 METAL 0