223 2 379 2 379 38 223 38 BIODEGRADABLE 0
225 35 302 35 302 99 225 99 BIODEGRADABLE 0
104 1 156 1 156 21 104 21 BIODEGRADABLE 0
90 2 221 2 221 50 90 50 BIODEGRADABLE 0
191 45 225 45 225 74 191 74 BIODEGRADABLE 0
0 2 92 2 92 28 0 28 BIODEGRADABLE 0
14.999999999999998 2 101 2 101 16 14.999999999999998 16 BIODEGRADABLE 0
1 18 106.99999999999999 18 106.99999999999999 47 1 47 BIODEGRADABLE 0
1 20 131 20 131 45 1 45 BIODEGRADABLE 0
1 41 141 41 141 64 1 64 BIODEGRADABLE 0
1 58 141 58 141 84 1 84 BIODEGRADABLE 0
1 81 35 81 35 117 1 117 BIODEGRADABLE 0
1 80 112 80 112 178 1 178 BIODEGRADABLE 0
1 116 27.000000000000004 116 27.000000000000004 149 1 149 BIODEGRADABLE 0
29.999999999999996 83 102 83 102 135 29.999999999999996 135 BIODEGRADABLE 0
144 47 230 47 230 117 144 117 BIODEGRADABLE 0
97 72 174 72 174 118 97 118 BIODEGRADABLE 0
1 180 89 180 89 229.00000000000003 1 229.00000000000003 BIODEGRADABLE 0
74 137 228.00000000000003 137 228.00000000000003 233 74 233 BIODEGRADABLE 0
75 117 154 117 154 156 75 156 BIODEGRADABLE 0
151 110 233 110 233 150 151 150 BIODEGRADABLE 0
183 124 255.00000000000003 124 255.00000000000003 163 183 163 BIODEGRADABLE 0
235 99 295 99 295 135 235 135 BIODEGRADABLE 0
295 36 332 36 332 64 295 64 BIODEGRADABLE 0
362 2 409 2 409 16 362 16 BIODEGRADABLE 0
252.99999999999997 153 337 153 337 191 252.99999999999997 191 BIODEGRADABLE 0
238 135 300 135 300 169 238 169 BIODEGRADABLE 0
317 139 371 139 371 173 317 173 BIODEGRADABLE 0
275 182 357 182 357 220 275 220 BIODEGRADABLE 0
335 169 414 169 414 211 335 211 BIODEGRADABLE 0
372 172 414 172 414 206 372 206 BIODEGRADABLE 0
362 147 394 147 394 189 362 189 BIODEGRADABLE 0
386 142 404 142 404 171 386 171 BIODEGRADABLE 0
389 149 414 149 414 171 389 171 BIODEGRADABLE 0
302 132 414 132 414 188 302 188 BIODEGRADABLE 0
364 103 411 103 411 137 364 137 BIODEGRADABLE 0
357 108.00000000000001 399 108.00000000000001 399 132 357 132 BIODEGRADABLE 0
302 88 414 88 414 154 302 154 BIODEGRADABLE 0
372 75 414 75 414 103 372 103 BIODEGRADABLE 0
389 65 414 65 414 85 389 85 BIODEGRADABLE 0
312 59.99999999999999 394 59.99999999999999 394 128 312 128 BIODEGRADABLE 0
297 111 327 111 327 145 297 145 BIODEGRADABLE 0
285 37 401 37 401 125 285 125 BIODEGRADABLE 0
292 26 414 26 414 96 292 96 BIODEGRADABLE 0
302 9 391 9 391 75 302 75 BIODEGRADABLE 0
391 10 409 10 409 26 391 26 BIODEGRADABLE 0
360 200 414 200 414 239.99999999999997 360 239.99999999999997 BIODEGRADABLE 0
389 212 414 212 414 248 389 248 BIODEGRADABLE 0
305 219 384 219 384 261 305 261 BIODEGRADABLE 0
216.00000000000003 211 305 211 305 245 216.00000000000003 245 BIODEGRADABLE 0
186 206 236 206 236 246 186 246 BIODEGRADABLE 0
208 234 287 234 287 268 208 268 BIODEGRADABLE 0
132 239.99999999999997 211 239.99999999999997 211 282 132 282 BIODEGRADABLE 0
114.00000000000001 233 171 233 171 294 114.00000000000001 294 BIODEGRADABLE 0
20 218 125.99999999999999 218 125.99999999999999 272 20 272 BIODEGRADABLE 0
82 274 124 274 124 300 82 300 BIODEGRADABLE 0
1 233 109 233 109 370 1 370 BIODEGRADABLE 0
1 196 18 196 18 236 1 236 BIODEGRADABLE 0
206 175 278 175 278 218 206 218 BIODEGRADABLE 0
280 251.99999999999997 359 251.99999999999997 359 286 280 286 BIODEGRADABLE 0
287 275 357 275 357 332 287 332 BIODEGRADABLE 0
384 250 414 250 414 292 384 292 BIODEGRADABLE 0
355 250 389 250 389 284 355 284 BIODEGRADABLE 0
354 283 414 283 414 319 354 319 BIODEGRADABLE 0
396 323 414 323 414 355 396 355 BIODEGRADABLE 0
377 364 414 364 414 396 377 396 BIODEGRADABLE 0
373 395 414 395 414 415 373 415 BIODEGRADABLE 0
346 394 374 394 374 415 346 415 BIODEGRADABLE 0
59 356 206 356 206 415 59 415 BIODEGRADABLE 0
183 399 238 399 238 415 183 415 BIODEGRADABLE 0
203 382 255.00000000000003 382 255.00000000000003 400 203 400 BIODEGRADABLE 0
191 356 243 356 243 384 191 384 BIODEGRADABLE 0
245 410 293 410 293 415 245 415 BIODEGRADABLE 0
1 373 62 373 62 415 1 415 BIODEGRADABLE 0
1 296 127.00000000000001 296 127.00000000000001 375 1 375 BIODEGRADABLE 0
10 288 119 288 119 358 10 358 BIODEGRADABLE 0
109 287 153 287 153 308 109 308 BIODEGRADABLE 0
212.99999999999997 330 257 330 257 354 212.99999999999997 354 BIODEGRADABLE 0
235 306 295 306 295 336 235 336 BIODEGRADABLE 0
218 287 268 287 268 315 218 315 BIODEGRADABLE 0
250 265 292 265 292 285 250 285 BIODEGRADABLE 0
272 284 290 284 290 308 272 308 BIODEGRADABLE 0
203 257 252.99999999999997 257 252.99999999999997 289 203 289 BIODEGRADABLE 0
166 279 212.99999999999997 279 212.99999999999997 305 166 305 BIODEGRADABLE 0
136 329 176 329 176 369 136 369 BIODEGRADABLE 0
156 312 178 312 178 330 156 330 BIODEGRADABLE 0
174 307 189 307 189 315 174 315 BIODEGRADABLE 0
188 304 212.99999999999997 304 212.99999999999997 318 188 318 BIODEGRADABLE 0
212.99999999999997 305 233 305 233 321 212.99999999999997 321 BIODEGRADABLE 0
221 315 236 315 236 325 221 325 BIODEGRADABLE 0
208 322 233 322 233 336 208 336 BIODEGRADABLE 0
179 315 206 315 206 331 179 331 BIODEGRADABLE 0
173 333 198 333 198 344 173 344 BIODEGRADABLE 0
196 334 216.00000000000003 334 216.00000000000003 350 196 350 BIODEGRADABLE 0
176 344 196 344 196 355 176 355 BIODEGRADABLE 0
40 340 84 340 84 394 40 394 BIODEGRADABLE 0
97 381 171 381 171 408 97 408 BIODEGRADABLE 0
84 337 134 337 134 394 84 394 BIODEGRADABLE 0
94 328 141 328 141 361 94 361 BIODEGRADABLE 0
106.99999999999999 293 161 293 161 353 106.99999999999999 353 BIODEGRADABLE 0
241.00000000000003 347 263 347 263 359 241.00000000000003 359 BIODEGRADABLE 0
248 336 270 336 270 350 248 350 BIODEGRADABLE 0
265 341 283 341 283 361 265 361 BIODEGRADABLE 0
275 332 297 332 297 343 275 343 BIODEGRADABLE 0
285 340 310 340 310 353 285 353 BIODEGRADABLE 0
285 351 312 351 312 365 285 365 BIODEGRADABLE 0
241.00000000000003 359 268 359 268 373 241.00000000000003 373 BIODEGRADABLE 0
258 370 290 370 290 387 258 387 BIODEGRADABLE 0
280 383 302 383 302 399 280 399 BIODEGRADABLE 0
265 387 285 387 285 403 265 403 BIODEGRADABLE 0
258 387 290 387 290 411 258 411 BIODEGRADABLE 0
282 398 307 398 307 412 282 412 BIODEGRADABLE 0
282 378 307 378 307 400 282 400 BIODEGRADABLE 0
296 403 323 403 323 415 296 415 BIODEGRADABLE 0
317 399 349 399 349 415 317 415 BIODEGRADABLE 0
302 383 329 383 329 401 302 401 BIODEGRADABLE 0
325 378 350 378 350 394 325 394 BIODEGRADABLE 0
344 386 362 386 362 400 344 400 BIODEGRADABLE 0
350 379 372 379 372 390 350 390 BIODEGRADABLE 0
332 365 364 365 364 379 332 379 BIODEGRADABLE 0
347 359 374 359 374 373 347 373 BIODEGRADABLE 0
327 351 349 351 349 363 327 363 BIODEGRADABLE 0
340 340 362 340 362 355 340 355 BIODEGRADABLE 0
334 326 359 326 359 342 334 342 BIODEGRADABLE 0
352 315 382 315 382 327 352 327 BIODEGRADABLE 0
364 328 389 328 389 339 364 339 BIODEGRADABLE 0
379 316 406 316 406 330 379 330 BIODEGRADABLE 0
367 340 389 340 389 347 367 347 BIODEGRADABLE 0
362 347 384 347 384 358 362 358 BIODEGRADABLE 0
374 351 399 351 399 365 374 365 BIODEGRADABLE 0
303 330 337 330 337 350 303 350 BIODEGRADABLE 0
285 351 310 351 310 365 285 365 BIODEGRADABLE 0
305 368 332 368 332 380 305 380 BIODEGRADABLE 0
312 354 332 354 332 366 312 366 BIODEGRADABLE 0
288 365 310 365 310 379 288 379 BIODEGRADABLE 0