356 39 414 39 414 97 356 97 BIODEGRADABLE 0
354 2 414 2 414 36 354 36 BIODEGRADABLE 0
279 1 351 1 351 55 279 55 BIODEGRADABLE 0
269 88 389 88 389 132 269 132 BIODEGRADABLE 0
289 64 354 64 354 88 289 88 BIODEGRADABLE 0
188 32 283 32 283 98 188 98 BIODEGRADABLE 0
123 2 195 2 195 48 123 48 BIODEGRADABLE 0
98 1 143 1 143 33 98 33 BIODEGRADABLE 0
45 194 161 194 161 284 45 284 BIODEGRADABLE 0
115 152 238 152 238 198 115 198 BIODEGRADABLE 0
238 127.00000000000001 414 127.00000000000001 414 201 238 201 BIODEGRADABLE 0
374 94 414 94 414 149 374 149 BIODEGRADABLE 0
371 206 413 206 413 244 371 244 BIODEGRADABLE 0
346 192 398 192 398 221 346 221 BIODEGRADABLE 0
369 248 414 248 414 282 369 282 BIODEGRADABLE 0
376 294 414 294 414 334 376 334 BIODEGRADABLE 0
384 282 414 282 414 302 384 302 BIODEGRADABLE 0
291 228.00000000000003 404 228.00000000000003 404 296 291 296 BIODEGRADABLE 0
276 201 371 201 371 241.00000000000003 276 241.00000000000003 BIODEGRADABLE 0
212.99999999999997 191 283 191 283 231 212.99999999999997 231 BIODEGRADABLE 0
125.99999999999999 198 218 198 218 262 125.99999999999999 262 BIODEGRADABLE 0
163 129 225 129 225 195 163 195 BIODEGRADABLE 0
140 59 256 59 256 169 140 169 BIODEGRADABLE 0
91 65 173 65 173 106 91 106 BIODEGRADABLE 0
55 47 119.99999999999999 47 119.99999999999999 87 55 87 BIODEGRADABLE 0
43 79 115 79 115 127.00000000000001 43 127.00000000000001 BIODEGRADABLE 0
48 119 130 119 130 157 48 157 BIODEGRADABLE 0
55 125.99999999999999 150 125.99999999999999 150 194 55 194 BIODEGRADABLE 0
251 270 323 270 323 386 251 386 BIODEGRADABLE 0
326 331 388 331 388 379 326 379 BIODEGRADABLE 0
334 294 374 294 374 328 334 328 BIODEGRADABLE 0
345 337 415 337 415 415 345 415 BIODEGRADABLE 0
143 319 241.00000000000003 319 241.00000000000003 360 143 360 BIODEGRADABLE 0
138 259 256 259 256 315 138 315 BIODEGRADABLE 0
68 357 188 357 188 408 68 408 BIODEGRADABLE 0
43 262 125 262 125 319 43 319 BIODEGRADABLE 0
0 188 133 188 133 251 0 251 BIODEGRADABLE 0
10 132 68 132 68 200 10 200 BIODEGRADABLE 0
58 279 136 279 136 379 58 379 BIODEGRADABLE 0
150 365 357 365 357 415 150 415 BIODEGRADABLE 0
394 171 414 171 414 183 394 183 BIODEGRADABLE 0
381 158 406 158 406 170 381 170 BIODEGRADABLE 0
371 151 399 151 399 163 371 163 BIODEGRADABLE 0
341 143 369 143 369 154 341 154 BIODEGRADABLE 0
344 158 369 158 369 166 344 166 BIODEGRADABLE 0
366 165 406 165 406 181 366 181 BIODEGRADABLE 0
361 181 389 181 389 188 361 188 BIODEGRADABLE 0
341 167 369 167 369 179 341 179 BIODEGRADABLE 0
319 186 349 186 349 194 319 194 BIODEGRADABLE 0
334 173 364 173 364 184 334 184 BIODEGRADABLE 0
316 164 348 164 348 175 316 175 BIODEGRADABLE 0
296 158 316 158 316 165 296 165 BIODEGRADABLE 0
319 150 344 150 344 162 319 162 BIODEGRADABLE 0
291 137 323 137 323 151 291 151 BIODEGRADABLE 0
296 127.00000000000001 324 127.00000000000001 324 138 296 138 BIODEGRADABLE 0
294 169 316 169 316 181 294 181 BIODEGRADABLE 0
288 183 308 183 308 197 288 197 BIODEGRADABLE 0
258 166 296 166 296 184 258 184 BIODEGRADABLE 0
263 153 293 153 293 167 263 167 BIODEGRADABLE 0
251 143 281 143 281 155 251 155 BIODEGRADABLE 0
271 133 293 133 293 143 271 143 BIODEGRADABLE 0
59.99999999999999 2 414 2 414 416 59.99999999999999 416 BIODEGRADABLE 0