140 7 371 7 371 254.00000000000003 140 254.00000000000003 CARDBOARD 0
371 49 413 49 413 244 371 244 CARDBOARD 0
341 273 413 273 413 413 341 413 CARDBOARD 0
179 254.00000000000003 351 254.00000000000003 351 413 179 413 CARDBOARD 0
69 257 176 257 176 413 69 413 CARDBOARD 0
39 273 68 273 68 413 39 413 CARDBOARD 0
16 257 62 257 62 413 16 413 CARDBOARD 0
1 224 78 224 78 413 1 413 CARDBOARD 0
1 1 140 1 140 257 1 257 CARDBOARD 0
20 49 121.00000000000001 49 121.00000000000001 231 20 231 CARDBOARD 0
1 1 413 1 413 413 1 413 CARDBOARD 0