155 32 359 32 359 416 155 416 CARDBOARD 0
54.00000000000001 6 216.00000000000003 6 216.00000000000003 356 54.00000000000001 356 CARDBOARD 0
211 39 270 39 270 102 211 102 BIODEGRADABLE 0
265 50 329 50 329 119.99999999999999 265 119.99999999999999 BIODEGRADABLE 0
250 119 313 119 313 185 250 185 BIODEGRADABLE 0
198 102 254.00000000000003 102 254.00000000000003 165 198 165 BIODEGRADABLE 0
191 157 243 157 243 220 191 220 BIODEGRADABLE 0
235 183 294 183 294 244 235 244 BIODEGRADABLE 0
222 241.00000000000003 280 241.00000000000003 280 300 222 300 BIODEGRADABLE 0
178 217 232 217 232 278 178 278 BIODEGRADABLE 0
169 274 212.99999999999997 274 212.99999999999997 330 169 330 BIODEGRADABLE 0
211 298 265 298 265 352 211 352 BIODEGRADABLE 0
157 322 209 322 209 378 157 378 BIODEGRADABLE 0
198 349 246 349 246 407 198 407 BIODEGRADABLE 0