71 88 123 88 123 170 71 170 CARDBOARD 0
57.00000000000001 162 105 162 105 242.00000000000003 57.00000000000001 242.00000000000003 CARDBOARD 0
89 171 135 171 135 267 89 267 CARDBOARD 0
96 90 150 90 150 182 96 182 CARDBOARD 0
118 185 180 185 180 293 118 293 CARDBOARD 0
171 203 255.00000000000003 203 255.00000000000003 331 171 331 CARDBOARD 0
223 226.99999999999997 414 226.99999999999997 414 391 223 391 CARDBOARD 0
250 99 414 99 414 261 250 261 CARDBOARD 0
182 97 284 97 284 219 182 219 CARDBOARD 0
137 93 207 93 207 197 137 197 CARDBOARD 0
37 260 119 260 119 375 37 375 CARDBOARD 0
39 263 75 263 75 371 39 371 CARDBOARD 0