3 3 143 3 143 289 3 289 CARDBOARD 0
4 238 33 238 33 306 4 306 CARDBOARD 0
52 283 88 283 88 329 52 329 CARDBOARD 0
3 273 65 273 65 331 3 331 CARDBOARD 0
4 325 59 325 59 390 4 390 CARDBOARD 0
130 173 179 173 179 257 130 257 CARDBOARD 0
124 114.00000000000001 163 114.00000000000001 163 169 124 169 CARDBOARD 0
111 33 150 33 150 111 111 111 CARDBOARD 0
108.00000000000001 3 140 3 140 39 108.00000000000001 39 CARDBOARD 0
140 3 238 3 238 91 140 91 CARDBOARD 0
140 59 225 59 225 179 140 179 CARDBOARD 0
179 4 267 4 267 46 179 46 CARDBOARD 0
260 3 328 3 328 29 260 29 CARDBOARD 0
257 23 329 23 329 65 257 65 CARDBOARD 0
241.00000000000003 36 326 36 326 111 241.00000000000003 111 CARDBOARD 0
239.99999999999997 88 286 88 286 134 239.99999999999997 134 CARDBOARD 0
182 169 257 169 257 221 182 221 CARDBOARD 0
172 205 195 205 195 237 172 237 CARDBOARD 0
156 221 205 221 205 270 156 270 CARDBOARD 0
192 260 215.00000000000003 260 215.00000000000003 286 192 286 CARDBOARD 0
166 260 195 260 195 289 166 289 CARDBOARD 0
127.00000000000001 263 179 263 179 315 127.00000000000001 315 CARDBOARD 0
208 231 315 231 315 364 208 364 CARDBOARD 0
186 215.00000000000003 267 215.00000000000003 267 309 186 309 CARDBOARD 0
75 338 130 338 130 370 75 370 CARDBOARD 0
104 316 133 316 133 332 104 332 CARDBOARD 0
202 367 244 367 244 387 202 387 CARDBOARD 0
303 309 358 309 358 351 303 351 CARDBOARD 0
364 254.00000000000003 413 254.00000000000003 413 303 364 303 CARDBOARD 0
306 202 390 202 390 290 306 290 CARDBOARD 0
303 286 342 286 342 325 303 325 CARDBOARD 0
218 42 322 42 322 247 218 247 CARDBOARD 0
328 26 415 26 415 151 328 151 CARDBOARD 0
328 127.00000000000001 377 127.00000000000001 377 218 328 218 CARDBOARD 0
315 3 415 3 415 56 315 56 CARDBOARD 0
374 143 415 143 415 206 374 206 CARDBOARD 0