98 3 137 3 137 29 98 29 CARDBOARD 0
121.00000000000001 13 179 13 179 85 121.00000000000001 85 CARDBOARD 0
163 17 205 17 205 98 163 98 CARDBOARD 0
185 19 234 19 234 91 185 91 CARDBOARD 0
218 81 270 81 270 130 218 130 CARDBOARD 0
221 106.99999999999999 247 106.99999999999999 247 153 221 153 CARDBOARD 0
231 153 251 153 251 247 231 247 CARDBOARD 0
218 140 228.00000000000003 140 228.00000000000003 218 218 218 CARDBOARD 0
179 114.00000000000001 221 114.00000000000001 221 186 179 186 CARDBOARD 0
176 101 212 101 212 156 176 156 CARDBOARD 0
143 91 179 91 179 140 143 140 CARDBOARD 0
124 106.99999999999999 173 106.99999999999999 173 211 124 211 CARDBOARD 0
159 176 205 176 205 238 159 238 CARDBOARD 0
166 225 192 225 192 283 166 283 CARDBOARD 0
208 212 234 212 234 277 208 277 CARDBOARD 0
172 296 218 296 218 384 172 384 CARDBOARD 0
205 280 251 280 251 329 205 329 CARDBOARD 0
218 322 267 322 267 387 218 387 CARDBOARD 0
244 270 270 270 270 322 244 322 CARDBOARD 0
234 244 276 244 276 270 234 270 CARDBOARD 0