119.99999999999999 8 322 8 322 116 119.99999999999999 116 CARDBOARD 0
74 2 119.99999999999999 2 119.99999999999999 74 74 74 CARDBOARD 0
5 14 117 14 117 123 5 123 CARDBOARD 0
102 77 136 77 136 122 102 122 CARDBOARD 0
159 36 357 36 357 242.00000000000003 159 242.00000000000003 CARDBOARD 0
324 45 379 45 379 167 324 167 CARDBOARD 0
203 77 329 77 329 223 203 223 CARDBOARD 0
19 99 159 99 159 175 19 175 CARDBOARD 0
29.999999999999996 125.99999999999999 161 125.99999999999999 161 188 29.999999999999996 188 CARDBOARD 0
33 165 51 165 51 179 33 179 CARDBOARD 0
27.000000000000004 181 161 181 161 249 27.000000000000004 249 CARDBOARD 0
14 232 122 232 122 371 14 371 CARDBOARD 0
26 338 122 338 122 400 26 400 CARDBOARD 0
106 211 205 211 205 386 106 386 CARDBOARD 0
81 212.99999999999997 173 212.99999999999997 173 406 81 406 CARDBOARD 0
207 341 295 341 295 379 207 379 CARDBOARD 0
164 241.00000000000003 414 241.00000000000003 414 353 164 353 CARDBOARD 0
184 217 398 217 398 274 184 274 CARDBOARD 0
315 168 407 168 407 225.99999999999997 315 225.99999999999997 CARDBOARD 0
292 326 404 326 404 413 292 413 CARDBOARD 0
161 111 211 111 211 257 161 257 CARDBOARD 0