125.99999999999999 0 312 0 312 54.00000000000001 125.99999999999999 54.00000000000001 CARDBOARD 0
280 5 364 5 364 186 280 186 CARDBOARD 0
130 7 366 7 366 189 130 189 CARDBOARD 0
323 0 388 0 388 111 323 111 CARDBOARD 0
345 103 405 103 405 191 345 191 CARDBOARD 0
383 100 415 100 415 191 383 191 CARDBOARD 0
383 189 415 189 415 225.99999999999997 383 225.99999999999997 CARDBOARD 0
358 188 388 188 388 225.99999999999997 358 225.99999999999997 CARDBOARD 0
243 189 362 189 362 225 243 225 CARDBOARD 0
375 0 415 0 415 103 375 103 CARDBOARD 0
102 219 236 219 236 415 102 415 CARDBOARD 0
137 223 261 223 261 415 137 415 CARDBOARD 0
163 223 297 223 297 415 163 415 CARDBOARD 0
202 223 334 223 334 415 202 415 CARDBOARD 0
234 224 342 224 342 414 234 414 CARDBOARD 0
295 224 407 224 407 414 295 414 CARDBOARD 0
351 224 415 224 415 415 351 415 CARDBOARD 0