61 2 169 2 169 340 61 340 CARDBOARD 0
112.99999999999999 101 224 101 224 382 112.99999999999999 382 CARDBOARD 0
168 20 364 20 364 339 168 339 CARDBOARD 0
65 2 132 2 132 338 65 338 CARDBOARD 0
82 2 142 2 142 338 82 338 CARDBOARD 0
92 2 146 2 146 334 92 334 CARDBOARD 0
103 3 153 3 153 332 103 332 CARDBOARD 0
112.99999999999999 38 163 38 163 329 112.99999999999999 329 CARDBOARD 0
118 102 180 102 180 380 118 380 CARDBOARD 0
176 102 186 102 186 378 176 378 CARDBOARD 0
187 102 199 102 199 378 187 378 CARDBOARD 0
197 104 207 104 207 380 197 380 CARDBOARD 0
210 104 222 104 222 377 210 377 CARDBOARD 0
174 53 220 53 220 317 174 317 CARDBOARD 0
224 55 234 55 234 318 224 318 CARDBOARD 0
228.00000000000003 54.00000000000001 238 54.00000000000001 238 316 228.00000000000003 316 CARDBOARD 0
222 36 247 36 247 336 222 336 CARDBOARD 0
249 25 362 25 362 336 249 336 CARDBOARD 0
251 24 309 24 309 326 251 326 CARDBOARD 0
249 26 314 26 314 332 249 332 CARDBOARD 0