119.99999999999999 111 322 111 322 368 119.99999999999999 368 CARDBOARD 0
218 169 309 169 309 244 218 244 CARDBOARD 0
215.00000000000003 78 306 78 306 195 215.00000000000003 195 CARDBOARD 0
153 26 215.00000000000003 26 215.00000000000003 130 153 130 CARDBOARD 0
208 45 250 45 250 117 208 117 CARDBOARD 0
127.00000000000001 97 182 97 182 169 127.00000000000001 169 CARDBOARD 0
150 130 215.00000000000003 130 215.00000000000003 202 150 202 CARDBOARD 0
182 163 218 163 218 241.00000000000003 182 241.00000000000003 CARDBOARD 0
136 195 182 195 182 250 136 250 CARDBOARD 0
127.00000000000001 192 150 192 150 241.00000000000003 127.00000000000001 241.00000000000003 CARDBOARD 0
127.00000000000001 78 163 78 163 119.99999999999999 127.00000000000001 119.99999999999999 CARDBOARD 0