218 344 329 344 329 415 218 415 CARDBOARD 0
218 263 328 263 328 341 218 341 CARDBOARD 0
221 182 335 182 335 263 221 263 CARDBOARD 0
221 94 341 94 341 182 221 182 CARDBOARD 0
225 4 332 4 332 95 225 95 CARDBOARD 0
119.99999999999999 341 219 341 219 415 119.99999999999999 415 CARDBOARD 0
121.00000000000001 260 215.00000000000003 260 215.00000000000003 341 121.00000000000001 341 CARDBOARD 0
124 179 218 179 218 257 124 257 CARDBOARD 0
127.00000000000001 101 221 101 221 176 127.00000000000001 176 CARDBOARD 0
124 13 215.00000000000003 13 215.00000000000003 97 124 97 CARDBOARD 0
26 332 119.99999999999999 332 119.99999999999999 410 26 410 CARDBOARD 0
26 257 119.99999999999999 257 119.99999999999999 332 26 332 CARDBOARD 0
23 179 124 179 124 260 23 260 CARDBOARD 0
23 98 121.00000000000001 98 121.00000000000001 176 23 176 CARDBOARD 0
23 20 117 20 117 101 23 101 CARDBOARD 0
1 305 29 305 29 368 1 368 CARDBOARD 0
1 252.99999999999997 26 252.99999999999997 26 303 1 303 CARDBOARD 0
1 178 23 178 23 251 1 251 CARDBOARD 0
1 97 23 97 23 179 1 179 CARDBOARD 0
0 16 20 16 20 94 0 94 CARDBOARD 0
341 4 413 4 413 85 341 85 CARDBOARD 0
338 78 400 78 400 176 338 176 CARDBOARD 0
397 69 413 69 413 153 397 153 CARDBOARD 0
390 150 413 150 413 244 390 244 CARDBOARD 0
381 247 413 247 413 374 381 374 CARDBOARD 0
370 357 414 357 414 415 370 415 CARDBOARD 0
329 270 384 270 384 394 329 394 CARDBOARD 0
335 172 390 172 390 286 335 286 CARDBOARD 0
328 396 368 396 368 415 328 415 CARDBOARD 0