123 241.00000000000003 247 241.00000000000003 247 296 123 296 CARDBOARD 0
2 218 415 218 415 416 2 416 CARDBOARD 0
3 169 415 169 415 219 3 219 CARDBOARD 0
3 119.99999999999999 415 119.99999999999999 415 173 3 173 CARDBOARD 0
3 23 364 23 364 124 3 124 CARDBOARD 0
82 3 251 3 251 39 82 39 CARDBOARD 0
3 3 78 3 78 39 3 39 CARDBOARD 0
250 4 351 4 351 43 250 43 CARDBOARD 0
341 3 415 3 415 43 341 43 CARDBOARD 0
276 42 415 42 415 150 276 150 CARDBOARD 0
249 257 415 257 415 416 249 416 CARDBOARD 0
2 305 140 305 140 415 2 415 CARDBOARD 0
4 3 270 3 270 393 4 393 CARDBOARD 0
3 189 117 189 117 303 3 303 CARDBOARD 0
2 3 415 3 415 416 2 416 CARDBOARD 0