166 0 244 0 244 114.00000000000001 166 114.00000000000001 CARDBOARD 0
238 72 296 72 296 186 238 186 CARDBOARD 0
104 117 195 117 195 218 104 218 CARDBOARD 0
91 195 192 195 192 299 91 299 CARDBOARD 0
62 306 104 306 104 381 62 381 CARDBOARD 0
101 286 169 286 169 393 101 393 CARDBOARD 0
166 280 241.00000000000003 280 241.00000000000003 407 166 407 CARDBOARD 0
228.00000000000003 303 306 303 306 410 228.00000000000003 410 CARDBOARD 0
296 192 354 192 354 309 296 309 CARDBOARD 0
296 303 348 303 348 397 296 397 CARDBOARD 0
234 182 302 182 302 302 234 302 CARDBOARD 0
176 208 244 208 244 292 176 292 CARDBOARD 0
163 114.00000000000001 257 114.00000000000001 257 215.00000000000003 163 215.00000000000003 CARDBOARD 0