2 3 201 3 201 99 2 99 CARDBOARD 0
11 3 77 3 77 61 11 61 CARDBOARD 0
148 3 192 3 192 85 148 85 CARDBOARD 0
68 3 180 3 180 44 68 44 CARDBOARD 0
238.99999999999997 2 368 2 368 125.99999999999999 238.99999999999997 125.99999999999999 CARDBOARD 0
333 2 415 2 415 127.00000000000001 333 127.00000000000001 CARDBOARD 0
338 101 415 101 415 182 338 182 CARDBOARD 0
353 142 415 142 415 222 353 222 CARDBOARD 0
364 187 416 187 416 303 364 303 CARDBOARD 0
151 32 217 32 217 245 151 245 CARDBOARD 0
2 128 43 128 43 344 2 344 CARDBOARD 0
82 106.99999999999999 122 106.99999999999999 122 165 82 165 CARDBOARD 0
2 160 74 160 74 406 2 406 CARDBOARD 0
67 172 111 172 111 378 67 378 CARDBOARD 0
66 172 98 172 98 322 66 322 CARDBOARD 0
62.99999999999999 170 87 170 87 274 62.99999999999999 274 CARDBOARD 0
34 346 76 346 76 415 34 415 CARDBOARD 0
205 259 408 259 408 349 205 349 CARDBOARD 0
215.00000000000003 191 367 191 367 278 215.00000000000003 278 CARDBOARD 0
216.00000000000003 145 355 145 355 220 216.00000000000003 220 CARDBOARD 0
216.00000000000003 34 338 34 338 160 216.00000000000003 160 CARDBOARD 0
170 384 239.99999999999997 384 239.99999999999997 415 170 415 CARDBOARD 0
170 348 236 348 236 392 170 392 CARDBOARD 0
124 350 173 350 173 415 124 415 CARDBOARD 0
133 298 179 298 179 346 133 346 CARDBOARD 0
144 235 181 235 181 295 144 295 CARDBOARD 0
179 208 215.00000000000003 208 215.00000000000003 353 179 353 CARDBOARD 0
85 155 148 155 148 415 85 415 CARDBOARD 0
299 334 412 334 412 415 299 415 CARDBOARD 0
237 327 295 327 295 365 237 365 CARDBOARD 0
224 360 301 360 301 415 224 415 CARDBOARD 0