32 262 182 262 182 401 32 401 CARDBOARD 0
9 130 175 130 175 280 9 280 CARDBOARD 0
150 238 213.99999999999997 238 213.99999999999997 368 150 368 CARDBOARD 0
173 183 232 183 232 286 173 286 CARDBOARD 0
67 96 205 96 205 220 67 220 CARDBOARD 0
319 28 391 28 391 105 319 105 CARDBOARD 0
223 117 280 117 280 235 223 235 CARDBOARD 0
121.00000000000001 82 225 82 225 182 121.00000000000001 182 CARDBOARD 0
153 45 244 45 244 135 153 135 CARDBOARD 0
87 0 221 0 221 77 87 77 CARDBOARD 0
112 0 319 0 319 65 112 65 CARDBOARD 0
238.99999999999997 53 319 53 319 103 238.99999999999997 103 CARDBOARD 0