23 98 160 98 160 410 23 410 CARDBOARD 0
3 234 81 234 81 413 3 413 CARDBOARD 0
130 238 218 238 218 410 130 410 CARDBOARD 0
2 1 85 1 85 215.00000000000003 2 215.00000000000003 CARDBOARD 0
181 1 293 1 293 250 181 250 CARDBOARD 0
94 1 166 1 166 94 94 94 CARDBOARD 0
164 1 205 1 205 85 164 85 CARDBOARD 0
91 62 179 62 179 205 91 205 CARDBOARD 0
308 1 415 1 415 212 308 212 CARDBOARD 0
383 104 415 104 415 236 383 236 CARDBOARD 0
260 283 415 283 415 414 260 414 CARDBOARD 0
215.00000000000003 156 316 156 316 413 215.00000000000003 413 CARDBOARD 0
328 226.99999999999997 415 226.99999999999997 415 313 328 313 CARDBOARD 0
2 1 415 1 415 414 2 414 CARDBOARD 0