44 14.999999999999998 149 14.999999999999998 149 133 44 133 CARDBOARD 0
31 151 106 151 106 229.00000000000003 31 229.00000000000003 CARDBOARD 0
47 280 125.99999999999999 280 125.99999999999999 398 47 398 CARDBOARD 0
181 57.00000000000001 250 57.00000000000001 250 158 181 158 CARDBOARD 0
147 82 213.99999999999997 82 213.99999999999997 176 147 176 CARDBOARD 0
147 153 183 153 183 225 147 225 CARDBOARD 0
180 158 250 158 250 254.00000000000003 180 254.00000000000003 CARDBOARD 0
217 135 284 135 284 225 217 225 CARDBOARD 0
314 271 402 271 402 385 314 385 CARDBOARD 0
330 139 397 139 397 233 330 233 CARDBOARD 0
259 13 403 13 403 129 259 129 CARDBOARD 0