39 248 150 248 150 320 39 320 CARDBOARD 0
33 179 133 179 133 255.00000000000003 33 255.00000000000003 CARDBOARD 0
24 45 148 45 148 193 24 193 CARDBOARD 0
124 298 200 298 200 356 124 356 CARDBOARD 0
274 287 383 287 383 357 274 357 CARDBOARD 0
224 264 300 264 300 318 224 318 CARDBOARD 0
298 218 388 218 388 294 298 294 CARDBOARD 0
337 81 396 81 396 233 337 233 CARDBOARD 0
276 57.00000000000001 342 57.00000000000001 342 159 276 159 CARDBOARD 0
147 33 309 33 309 139 147 139 CARDBOARD 0
170 128 276 128 276 204 170 204 CARDBOARD 0
163 200 259 200 259 261 163 261 CARDBOARD 0
217 156 339 156 339 265 217 265 CARDBOARD 0
164 261 222 261 222 298 164 298 CARDBOARD 0
146 165 168 165 168 241.00000000000003 146 241.00000000000003 CARDBOARD 0
133 187 163 187 163 296 133 296 CARDBOARD 0