36 3 186 3 186 104 36 104 CARDBOARD 0
3 3 78 3 78 75 3 75 CARDBOARD 0
4 104 147 104 147 159 4 159 CARDBOARD 0
119.99999999999999 136 172 136 172 208 119.99999999999999 208 CARDBOARD 0
91 169 163 169 163 226.99999999999997 91 226.99999999999997 CARDBOARD 0
49 205 111 205 111 228.00000000000003 49 228.00000000000003 CARDBOARD 0
254.00000000000003 13 394 13 394 85 254.00000000000003 85 CARDBOARD 0
335 3 415 3 415 56 335 56 CARDBOARD 0
215.00000000000003 3 319 3 319 49 215.00000000000003 49 CARDBOARD 0
189 3 244 3 244 39 189 39 CARDBOARD 0
130 33 208 33 208 98 130 98 CARDBOARD 0
166 59 276 59 276 124 166 124 CARDBOARD 0
302 69 403 69 403 111 302 111 CARDBOARD 0
396 62 415 62 415 121.00000000000001 396 121.00000000000001 CARDBOARD 0
335 95 403 95 403 160 335 160 CARDBOARD 0
251 117 345 117 345 205 251 205 CARDBOARD 0
176 114.00000000000001 290 114.00000000000001 290 163 176 163 CARDBOARD 0
173 150 257 150 257 225 173 225 CARDBOARD 0
4 162 98 162 98 234 4 234 CARDBOARD 0
3 224 156 224 156 302 3 302 CARDBOARD 0
3 267 127.00000000000001 267 127.00000000000001 303 3 303 CARDBOARD 0
29.999999999999996 286 147 286 147 344 29.999999999999996 344 CARDBOARD 0
127.00000000000001 328 247 328 247 374 127.00000000000001 374 CARDBOARD 0
293 351 368 351 368 383 293 383 CARDBOARD 0
213.99999999999997 318 415 318 415 381 213.99999999999997 381 CARDBOARD 0
266 211 415 211 415 322 266 322 CARDBOARD 0
218 224 328 224 328 302 218 302 CARDBOARD 0
140 237 270 237 270 335 140 335 CARDBOARD 0
266 133 415 133 415 215.00000000000003 266 215.00000000000003 CARDBOARD 0
3 3 415 3 415 391 3 391 CARDBOARD 0