0 180 414 180 414 414 0 414 CARDBOARD 0
242.00000000000003 28 358 28 358 244 242.00000000000003 244 CARDBOARD 0
191 0 297 0 297 247 191 247 CARDBOARD 0
187 68 223 68 223 260 187 260 CARDBOARD 0
155 36 210 36 210 256 155 256 CARDBOARD 0
146 82 197 82 197 249 146 249 CARDBOARD 0
108.00000000000001 47 180 47 180 247 108.00000000000001 247 CARDBOARD 0
80 1 184 1 184 251 80 251 CARDBOARD 0
62.99999999999999 38 150 38 150 247 62.99999999999999 247 CARDBOARD 0
23 47 129 47 129 251 23 251 CARDBOARD 0
0 8 89 8 89 252.99999999999997 0 252.99999999999997 CARDBOARD 0
1 89 61 89 61 245 1 245 CARDBOARD 0