62 33 238 33 238 228.00000000000003 62 228.00000000000003 CARDBOARD 0
29 3 156 3 156 65 29 65 CARDBOARD 0
33 81 98 81 98 325 33 325 CARDBOARD 0
0 3 62 3 62 195 0 195 CARDBOARD 0
0 264 72 264 72 355 0 355 CARDBOARD 0
0 198 39 198 39 270 0 270 CARDBOARD 0
0 353 138 353 138 415 0 415 CARDBOARD 0
62 328 124 328 124 354 62 354 CARDBOARD 0
108.00000000000001 283 163 283 163 355 108.00000000000001 355 CARDBOARD 0
101 228.00000000000003 225 228.00000000000003 225 345 101 345 CARDBOARD 0
208 140 296 140 296 345 208 345 CARDBOARD 0
153 4 390 4 390 98 153 98 CARDBOARD 0
234 62 292 62 292 150 234 150 CARDBOARD 0
264 85 374 85 374 202 264 202 CARDBOARD 0
374 36 413 36 413 101 374 101 CARDBOARD 0
387 4 413 4 413 36 387 36 CARDBOARD 0
299 121.00000000000001 413 121.00000000000001 413 293 299 293 CARDBOARD 0
231 260 351 260 351 351 231 351 CARDBOARD 0
202 306 329 306 329 410 202 410 CARDBOARD 0
146 329 247 329 247 413 146 413 CARDBOARD 0
119.99999999999999 348 205 348 205 415 119.99999999999999 415 CARDBOARD 0
198 328 326 328 326 415 198 415 CARDBOARD 0
321 312 413 312 413 415 321 415 CARDBOARD 0
348 293 413 293 413 394 348 394 CARDBOARD 0
381 270 413 270 413 332 381 332 CARDBOARD 0
0 3 414 3 414 415 0 415 CARDBOARD 0