283 82 332 82 332 147 283 147 CARDBOARD 0
273 29 322 29 322 81 273 81 CARDBOARD 0
218 4 273 4 273 36 218 36 CARDBOARD 0
179 3 221 3 221 39 179 39 CARDBOARD 0
130 3 176 3 176 39 130 39 CARDBOARD 0
224 36 273 36 273 82 224 82 CARDBOARD 0
179 43 221 43 221 85 179 85 CARDBOARD 0
130 39 179 39 179 88 130 88 CARDBOARD 0
119.99999999999999 88 172 88 172 153 119.99999999999999 153 CARDBOARD 0
173 88 231 88 231 150 173 150 CARDBOARD 0
228.00000000000003 85 280 85 280 147 228.00000000000003 147 CARDBOARD 0
280 147 332 147 332 212 280 212 CARDBOARD 0
228.00000000000003 150 280 150 280 212 228.00000000000003 212 CARDBOARD 0
172 153 224 153 224 208 172 208 CARDBOARD 0
124 153 176 153 176 211 124 211 CARDBOARD 0
283 211 335 211 335 273 283 273 CARDBOARD 0
228.00000000000003 215.00000000000003 283 215.00000000000003 283 273 228.00000000000003 273 CARDBOARD 0
176 212 228.00000000000003 212 228.00000000000003 277 176 277 CARDBOARD 0
124 212 176 212 176 280 124 280 CARDBOARD 0
283 273 335 273 335 331 283 331 CARDBOARD 0
231 273 280 273 280 341 231 341 CARDBOARD 0
179 277 231 277 231 342 179 342 CARDBOARD 0
124 277 179 277 179 342 124 342 CARDBOARD 0
277 332 335 332 335 394 277 394 CARDBOARD 0
228.00000000000003 338 277 338 277 396 228.00000000000003 396 CARDBOARD 0
179 342 225 342 225 400 179 400 CARDBOARD 0
127.00000000000001 342 179 342 179 397 127.00000000000001 397 CARDBOARD 0