4 3 72 3 72 153 4 153 CARDBOARD 0
75 20 189 20 189 150 75 150 CARDBOARD 0
78 3 192 3 192 23 78 23 CARDBOARD 0
192 4 312 4 312 33 192 33 CARDBOARD 0
312 3 415 3 415 59 312 59 CARDBOARD 0
3 143 75 143 75 296 3 296 CARDBOARD 0
2 400 65 400 65 415 2 415 CARDBOARD 0
4 293 69 293 69 403 4 403 CARDBOARD 0
65 143 189 143 189 293 65 293 CARDBOARD 0
71 296 186 296 186 415 71 415 CARDBOARD 0
192 159 319 159 319 309 192 309 CARDBOARD 0
192 33 316 33 316 169 192 169 CARDBOARD 0
302 58 415 58 415 183 302 183 CARDBOARD 0
315 178 415 178 415 322 315 322 CARDBOARD 0
181 309 315 309 315 415 181 415 CARDBOARD 0
314 322 415 322 415 416 314 416 CARDBOARD 0
2 3 415 3 415 416 2 416 CARDBOARD 0