277 281 357 281 357 407 277 407 CARDBOARD 0
200 270 288 270 288 402 200 402 CARDBOARD 0
118 200 255.00000000000003 200 255.00000000000003 340 118 340 CARDBOARD 0
85 302 191 302 191 394 85 394 CARDBOARD 0
59 202 183 202 183 304 59 304 CARDBOARD 0
146 87 252.99999999999997 87 252.99999999999997 205 146 205 CARDBOARD 0
83 100 159 100 159 202 83 202 CARDBOARD 0
95 56 257 56 257 95 95 95 CARDBOARD 0
98 9 238 9 238 59 98 59 CARDBOARD 0
309 23 333 23 333 87 309 87 CARDBOARD 0
257 22 315 22 315 100 257 100 CARDBOARD 0
246 98 288 98 288 148 246 148 CARDBOARD 0