225 20 413 20 413 251 225 251 CARDBOARD 0
198 224 338 224 338 338 198 338 CARDBOARD 0
185 315 273 315 273 387 185 387 CARDBOARD 0
182 380 315 380 315 413 182 413 CARDBOARD 0
91 380 185 380 185 413 91 413 CARDBOARD 0
0 371 88 371 88 413 0 413 CARDBOARD 0
0 224 75 224 75 328 0 328 CARDBOARD 0
0 328 78 328 78 374 0 374 CARDBOARD 0
84 325 182 325 182 397 84 397 CARDBOARD 0
78 244 195 244 195 325 78 325 CARDBOARD 0
82 176 218 176 218 244 82 244 CARDBOARD 0
75 17 251 17 251 176 75 176 CARDBOARD 0
84 1 241.00000000000003 1 241.00000000000003 36 84 36 CARDBOARD 0
226.99999999999997 1 313 1 313 26 226.99999999999997 26 CARDBOARD 0
0 1 62.99999999999999 1 62.99999999999999 224 0 224 CARDBOARD 0