4 39 124 39 124 104 4 104 CARDBOARD 0
4 59 267 59 267 173 4 173 CARDBOARD 0
114.00000000000001 39 306 39 306 91 114.00000000000001 91 CARDBOARD 0
305 38 415 38 415 121.00000000000001 305 121.00000000000001 CARDBOARD 0
241.00000000000003 65 368 65 368 146 241.00000000000003 146 CARDBOARD 0
254.00000000000003 94 368 94 368 169 254.00000000000003 169 CARDBOARD 0
110 117 415 117 415 294 110 294 CARDBOARD 0
4 130 225 130 225 195 4 195 CARDBOARD 0
3 175 133 175 133 247 3 247 CARDBOARD 0
104 199 153 199 153 238 104 238 CARDBOARD 0
3 208 185 208 185 374 3 374 CARDBOARD 0
3 341 173 341 173 415 3 415 CARDBOARD 0
212 218 306 218 306 312 212 312 CARDBOARD 0
305 181 415 181 415 290 305 290 CARDBOARD 0
130 199 344 199 344 316 130 316 CARDBOARD 0
189 270 397 270 397 368 189 368 CARDBOARD 0
393 263 415 263 415 306 393 306 CARDBOARD 0
285 305 415 305 415 415 285 415 CARDBOARD 0
172 367 287 367 287 415 172 415 CARDBOARD 0
175 299 387 299 387 415 175 415 CARDBOARD 0
3 39 415 39 415 415 3 415 CARDBOARD 0