336 3 385 3 385 161 336 161 CARDBOARD 0
290 3 358 3 358 112 290 112 CARDBOARD 0
304 3 400 3 400 117 304 117 CARDBOARD 0
385 88 405 88 405 150 385 150 CARDBOARD 0
323 92 393 92 393 234 323 234 CARDBOARD 0
223 3 343 3 343 281 223 281 CARDBOARD 0
226.99999999999997 152 263 152 263 288 226.99999999999997 288 CARDBOARD 0
262 198 303 198 303 415 262 415 CARDBOARD 0
251 278 314 278 314 376 251 376 CARDBOARD 0
299 250 321 250 321 332 299 332 CARDBOARD 0
183 59.99999999999999 316 59.99999999999999 316 291 183 291 CARDBOARD 0
92 19 228.00000000000003 19 228.00000000000003 152 92 152 CARDBOARD 0
16 3 164 3 164 202 16 202 CARDBOARD 0
11 3 232 3 232 161 11 161 CARDBOARD 0
32 3 95 3 95 82 32 82 CARDBOARD 0
169 172 239.99999999999997 172 239.99999999999997 416 169 416 CARDBOARD 0
208 163 231 163 231 329 208 329 CARDBOARD 0
151 196 209 196 209 415 151 415 CARDBOARD 0
115 256 153 256 153 343 115 343 CARDBOARD 0
129 340 152 340 152 415 129 415 CARDBOARD 0
89 212 145 212 145 375 89 375 CARDBOARD 0
0 3 139 3 139 223 0 223 CARDBOARD 0
1 112.99999999999999 82 112.99999999999999 82 299 1 299 CARDBOARD 0
76 223 109 223 109 310 76 310 CARDBOARD 0
1 292 84 292 84 415 1 415 CARDBOARD 0
58 297 88 297 88 381 58 381 CARDBOARD 0
83 378 101 378 101 415 83 415 CARDBOARD 0
77 294 112.99999999999999 294 112.99999999999999 340 77 340 CARDBOARD 0