4 367 202 367 202 413 4 413 CARDBOARD 0
4 306 111 306 111 381 4 381 CARDBOARD 0
208 383 415 383 415 413 208 413 CARDBOARD 0
166 266 415 266 415 413 166 413 CARDBOARD 0
119.99999999999999 276 247 276 247 328 119.99999999999999 328 CARDBOARD 0
3 296 156 296 156 354 3 354 CARDBOARD 0
4 234 218 234 218 315 4 315 CARDBOARD 0
4 179 166 179 166 234 4 234 CARDBOARD 0
325 156 415 156 415 290 325 290 CARDBOARD 0
224 208 325 208 325 289 224 289 CARDBOARD 0
166 134 345 134 345 225 166 225 CARDBOARD 0
106.99999999999999 91 231 91 231 189 106.99999999999999 189 CARDBOARD 0
3 78 117 78 117 182 3 182 CARDBOARD 0
3 130 55 130 55 213.99999999999997 3 213.99999999999997 CARDBOARD 0
3 39 52 39 52 78 3 78 CARDBOARD 0
3 0 78 0 78 49 3 49 CARDBOARD 0
49 0 147 0 147 81 49 81 CARDBOARD 0
116 0 263 0 263 111 116 111 CARDBOARD 0
231 94 329 94 329 156 231 156 CARDBOARD 0
325 97 415 97 415 153 325 153 CARDBOARD 0
351 58 415 58 415 111 351 111 CARDBOARD 0
213.99999999999997 0 415 0 415 95 213.99999999999997 95 CARDBOARD 0
3 0 415 0 415 414 3 414 CARDBOARD 0