14.999999999999998 32 407 32 407 341 14.999999999999998 341 CARDBOARD 0
163 133 317 133 317 303 163 303 CARDBOARD 0
137 211 285 211 285 317 137 317 CARDBOARD 0
85 229.00000000000003 261 229.00000000000003 261 331 85 331 CARDBOARD 0
69 251.99999999999997 235 251.99999999999997 235 342 69 342 CARDBOARD 0
50 272 207 272 207 346 50 346 CARDBOARD 0
19 285 189 285 189 348 19 348 CARDBOARD 0
17 31 250 31 250 305 17 305 CARDBOARD 0
246 34 403 34 403 204 246 204 CARDBOARD 0
231 106 335 106 335 182 231 182 CARDBOARD 0
302 161 400 161 400 296 302 296 CARDBOARD 0