3 4 78 4 78 218 3 218 CARDBOARD 0
75 4 143 4 143 215.00000000000003 75 215.00000000000003 CARDBOARD 0
143 3 205 3 205 195 143 195 CARDBOARD 0
205 3 315 3 315 211 205 211 CARDBOARD 0
303 4 413 4 413 192 303 192 CARDBOARD 0
335 192 415 192 415 415 335 415 CARDBOARD 0
273 213.99999999999997 339 213.99999999999997 339 415 273 415 CARDBOARD 0
211 213.99999999999997 270 213.99999999999997 270 415 211 415 CARDBOARD 0
117 211 215.00000000000003 211 215.00000000000003 415 117 415 CARDBOARD 0
3 211 127.00000000000001 211 127.00000000000001 415 3 415 CARDBOARD 0
3 3 415 3 415 415 3 415 CARDBOARD 0