195 226.99999999999997 415 226.99999999999997 415 387 195 387 CARDBOARD 0
145 0 415 0 415 268 145 268 CARDBOARD 0
56 0 277 0 277 150 56 150 CARDBOARD 0
3 23 106.99999999999999 23 106.99999999999999 153 3 153 CARDBOARD 0
36 140 156 140 156 241.00000000000003 36 241.00000000000003 CARDBOARD 0
4 153 59 153 59 234 4 234 CARDBOARD 0
39 241.00000000000003 149 241.00000000000003 149 355 39 355 CARDBOARD 0
13 254.00000000000003 88 254.00000000000003 88 345 13 345 CARDBOARD 0
36 325 137 325 137 400 36 400 CARDBOARD 0
114.00000000000001 338 215.00000000000003 338 215.00000000000003 413 114.00000000000001 413 CARDBOARD 0
202 364 283 364 283 413 202 413 CARDBOARD 0
147 0 413 0 413 270 147 270 CARDBOARD 0