345 325 374 325 374 400 345 400 CARDBOARD 0
325 322 345 322 345 397 325 397 CARDBOARD 0
296 325 325 325 325 397 296 397 CARDBOARD 0
335 267 358 267 358 319 335 319 CARDBOARD 0
315 267 338 267 338 326 315 326 CARDBOARD 0
283 270 315 270 315 325 283 325 CARDBOARD 0
325 211 348 211 348 263 325 263 CARDBOARD 0
296 215.00000000000003 322 215.00000000000003 322 267 296 267 CARDBOARD 0
276 218 296 218 296 270 276 270 CARDBOARD 0
273 163 338 163 338 215.00000000000003 273 215.00000000000003 CARDBOARD 0
267 355 303 355 303 413 267 413 CARDBOARD 0
247 351 273 351 273 413 247 413 CARDBOARD 0
231 355 251 355 251 413 231 413 CARDBOARD 0
218 355 231 355 231 413 218 413 CARDBOARD 0
195 358 218 358 218 413 195 413 CARDBOARD 0
166 355 192 355 192 413 166 413 CARDBOARD 0
133 358 169 358 169 413 133 413 CARDBOARD 0
114.00000000000001 335 137 335 137 413 114.00000000000001 413 CARDBOARD 0
88 338 111 338 111 413 88 413 CARDBOARD 0
65 329 88 329 88 413 65 413 CARDBOARD 0
39 332 65 332 65 413 39 413 CARDBOARD 0
23 332 33 332 33 413 23 413 CARDBOARD 0
111 264 140 264 140 332 111 332 CARDBOARD 0
68 260 114.00000000000001 260 114.00000000000001 335 68 335 CARDBOARD 0
26 267 68 267 68 329 26 329 CARDBOARD 0
137 296 169 296 169 358 137 358 CARDBOARD 0
163 296 192 296 192 358 163 358 CARDBOARD 0
192 299 208 299 208 357 192 357 CARDBOARD 0
208 293 221 293 221 358 208 358 CARDBOARD 0
215.00000000000003 293 231 293 231 355 215.00000000000003 355 CARDBOARD 0
224 299 244 299 244 351 224 351 CARDBOARD 0
241.00000000000003 296 270 296 270 355 241.00000000000003 355 CARDBOARD 0
264 299 293 299 293 358 264 358 CARDBOARD 0
114.00000000000001 205 137 205 137 267 114.00000000000001 267 CARDBOARD 0
91 202 117 202 117 264 91 264 CARDBOARD 0
78 198 98 198 98 260 78 260 CARDBOARD 0
49 195 81 195 81 257 49 257 CARDBOARD 0
33 192 59 192 59 264 33 264 CARDBOARD 0
147 234 215.00000000000003 234 215.00000000000003 292 147 292 CARDBOARD 0
208 241.00000000000003 234 241.00000000000003 234 290 208 290 CARDBOARD 0
237 244 257 244 257 296 237 296 CARDBOARD 0
254.00000000000003 241.00000000000003 280 241.00000000000003 280 296 254.00000000000003 296 CARDBOARD 0
254.00000000000003 192 277 192 277 244 254.00000000000003 244 CARDBOARD 0
234 192 254.00000000000003 192 254.00000000000003 244 234 244 CARDBOARD 0
208 192 231 192 231 241.00000000000003 208 241.00000000000003 CARDBOARD 0
179 146 215.00000000000003 146 215.00000000000003 234 179 234 CARDBOARD 0
162 146 182 146 182 244 162 244 CARDBOARD 0
127.00000000000001 147 159 147 159 238 127.00000000000001 238 CARDBOARD 0
101 150 133 150 133 202 101 202 CARDBOARD 0
82 147 98 147 98 212 82 212 CARDBOARD 0
46 143 82 143 82 198 46 198 CARDBOARD 0
267 10 351 10 351 179 267 179 CARDBOARD 0
215.00000000000003 26 280 26 280 188 215.00000000000003 188 CARDBOARD 0
130 26 208 26 208 146 130 146 CARDBOARD 0
52 23 130 23 130 143 52 143 CARDBOARD 0
195 0 270 0 270 29 195 29 CARDBOARD 0
127.00000000000001 0 195 0 195 23 127.00000000000001 23 CARDBOARD 0
59 0 134 0 134 23 59 23 CARDBOARD 0