197 316 343 316 343 350 197 350 CARDBOARD 0
76 318 193 318 193 341 76 341 CARDBOARD 0
108.00000000000001 287 268 287 268 333 108.00000000000001 333 CARDBOARD 0
249 262 353 262 353 292 249 292 CARDBOARD 0
166 235 302 235 302 269 166 269 CARDBOARD 0
47 258 166 258 166 286 47 286 CARDBOARD 0
47 231 166 231 166 258 47 258 CARDBOARD 0
46 201 163 201 163 232 46 232 CARDBOARD 0
161 208 358 208 358 246 161 246 CARDBOARD 0
125 160 319 160 319 196 125 196 CARDBOARD 0
76 170 205 170 205 197 76 197 CARDBOARD 0
265 133 377 133 377 167 265 167 CARDBOARD 0
144 105 280 105 280 149 144 149 CARDBOARD 0
54.00000000000001 125 164 125 164 162 54.00000000000001 162 CARDBOARD 0
78 41 185 41 185 75 78 75 CARDBOARD 0
124 54.00000000000001 299 54.00000000000001 299 100 124 100 CARDBOARD 0
47 82 127.00000000000001 82 127.00000000000001 116 47 116 CARDBOARD 0
213.99999999999997 74 348 74 348 114.00000000000001 213.99999999999997 114.00000000000001 CARDBOARD 0
273 314 285 314 285 328 273 328 PLASTIC 0
188 325 205 325 205 337 188 337 PLASTIC 0
341 326 353 326 353 338 341 338 PLASTIC 0
350 273 360 273 360 285 350 285 PLASTIC 0
358 225 370 225 370 237 358 237 PLASTIC 0
316 167 336 167 336 183 316 183 PLASTIC 0
370 154 382 154 382 166 370 166 PLASTIC 0
205 174 217 174 217 190 205 190 PLASTIC 0
287 67 297 67 297 81 287 81 PLASTIC 0
344 91 358 91 358 106.99999999999999 344 106.99999999999999 PLASTIC 0