192 23 413 23 413 325 192 325 CARDBOARD 0
26 43 110 43 110 264 26 264 CARDBOARD 0
81 20 231 20 231 238 81 238 CARDBOARD 0
0 59 36 59 36 283 0 283 CARDBOARD 0
72 299 225 299 225 335 72 335 CARDBOARD 0
322 329 413 329 413 397 322 397 CARDBOARD 0
101 348 169 348 169 371 101 371 CARDBOARD 0
0 61 85 61 85 361 0 361 CARDBOARD 0
62 42 198 42 198 351 62 351 CARDBOARD 0
111 23 413 23 413 338 111 338 CARDBOARD 0
0 357 54.00000000000001 357 54.00000000000001 415 0 415 CARDBOARD 0
36 361 88 361 88 403 36 403 CARDBOARD 0
88 351 156 351 156 400 88 400 CARDBOARD 0
244 341 312 341 312 377 244 377 CARDBOARD 0
169 341 319 341 319 390 169 390 CARDBOARD 0