3 0 312 0 312 413 3 413 CARDBOARD 0
3 355 309 355 309 413 3 413 CARDBOARD 0
4 273 303 273 303 390 4 390 CARDBOARD 0
4 234 251 234 251 309 4 309 CARDBOARD 0
3 218 211 218 211 273 3 273 CARDBOARD 0
3 179 169 179 169 221 3 221 CARDBOARD 0
169 147 302 147 302 212 169 212 CARDBOARD 0
3 111 234 111 234 153 3 153 CARDBOARD 0
4 0 296 0 296 88 4 88 CARDBOARD 0
3 20 309 20 309 147 3 147 CARDBOARD 0
299 114.00000000000001 380 114.00000000000001 380 354 299 354 CARDBOARD 0
299 218 377 218 377 283 299 283 CARDBOARD 0
299 286 374 286 374 354 299 354 CARDBOARD 0
302 117 374 117 374 156 302 156 CARDBOARD 0
367 166 393 166 393 231 367 231 CARDBOARD 0