217 18 343 18 343 71 217 71 CARDBOARD 0
229.00000000000003 111 349 111 349 159 229.00000000000003 159 CARDBOARD 0
237 193 355 193 355 249 237 249 CARDBOARD 0
244 281 370 281 370 338 244 338 CARDBOARD 0
251.99999999999997 368 375 368 375 415 251.99999999999997 415 CARDBOARD 0
79 36 175 36 175 88 79 88 CARDBOARD 0
84 2 175 2 175 9 84 9 CARDBOARD 0
69 95 165 95 165 156 69 156 CARDBOARD 0
59.99999999999999 155 158 155 158 215.00000000000003 59.99999999999999 215.00000000000003 CARDBOARD 0
49 216.00000000000003 145 216.00000000000003 145 278 49 278 CARDBOARD 0
37 268 133 268 133 334 37 334 CARDBOARD 0
25 331 119 331 119 397 25 397 CARDBOARD 0
20 385 109 385 109 415 20 415 CARDBOARD 0