303 97 375 97 375 162 303 162 CARDBOARD 0
219 59.99999999999999 312 59.99999999999999 312 156 219 156 CARDBOARD 0
153 26 244 26 244 165 153 165 CARDBOARD 0
130 55 221 55 221 187 130 187 CARDBOARD 0
34 52 152 52 152 174 34 174 CARDBOARD 0
75 40 161 40 161 162 75 162 CARDBOARD 0
257 197 298 197 298 267 257 267 CARDBOARD 0
207 171 271 171 271 289 207 289 CARDBOARD 0
166 170 262 170 262 252.99999999999997 166 252.99999999999997 CARDBOARD 0
187 185 225 185 225 285 187 285 CARDBOARD 0
105 167 185 167 185 291 105 291 CARDBOARD 0
69 183 139 183 139 310 69 310 CARDBOARD 0
29.999999999999996 173 96 173 96 321 29.999999999999996 321 CARDBOARD 0
166 286 259 286 259 383 166 383 CARDBOARD 0
68 289 218 289 218 392 68 392 CARDBOARD 0
93 363 173 363 173 384 93 384 CARDBOARD 0