0 306 413 306 413 413 0 413 CARDBOARD 0
0 266 185 266 185 312 0 312 CARDBOARD 0
189 270 413 270 413 296 189 296 CARDBOARD 0
263 299 413 299 413 380 263 380 CARDBOARD 0
0 133 104 133 104 263 0 263 CARDBOARD 0
179 137 355 137 355 186 179 186 CARDBOARD 0
338 130 413 130 413 202 338 202 CARDBOARD 0
338 199 413 199 413 280 338 280 CARDBOARD 0
263 198 335 198 335 244 263 244 CARDBOARD 0
267 238 358 238 358 270 267 270 CARDBOARD 0
95 192 267 192 267 270 95 270 CARDBOARD 0
101 150 247 150 247 186 101 186 CARDBOARD 0
0 91 124 91 124 140 0 140 CARDBOARD 0
97 119.99999999999999 169 119.99999999999999 169 169 97 169 CARDBOARD 0
127.00000000000001 98 338 98 338 134 127.00000000000001 134 CARDBOARD 0
332 117 384 117 384 130 332 130 CARDBOARD 0
384 111 413 111 413 137 384 137 CARDBOARD 0
111 88 413 88 413 114.00000000000001 111 114.00000000000001 CARDBOARD 0
13 65 106.99999999999999 65 106.99999999999999 94 13 94 CARDBOARD 0
81 62 413 62 413 98 81 98 CARDBOARD 0
0 10 413 10 413 59 0 59 CARDBOARD 0
20 0 413 0 413 26 20 26 CARDBOARD 0
0 351 413 351 413 413 0 413 CARDBOARD 0
0 0 413 0 413 413 0 413 CARDBOARD 0