317 98 353 98 353 326 317 326 CARDBOARD 0
291 101 319 101 319 341 291 341 CARDBOARD 0
246 2 312 2 312 178 246 178 CARDBOARD 0
263 177 291 177 291 348 263 348 CARDBOARD 0
235 99 263 99 263 337 235 337 CARDBOARD 0
174 8 243 8 243 192 174 192 CARDBOARD 0
203 125 250 125 250 361 203 361 CARDBOARD 0
175 186 209 186 209 364 175 364 CARDBOARD 0
105 24 178 24 178 361 105 361 CARDBOARD 0
129 210 168 210 168 392 129 392 CARDBOARD 0
92 146 133 146 133 394 92 394 CARDBOARD 0
67 153 101 153 101 407 67 407 CARDBOARD 0