136 345 260 345 260 413 136 413 CARDBOARD 0
91 260 149 260 149 345 91 345 CARDBOARD 0
3 237 106.99999999999999 237 106.99999999999999 312 3 312 CARDBOARD 0
4 98 95 98 95 254.00000000000003 4 254.00000000000003 CARDBOARD 0
78 176 146 176 146 244 78 244 CARDBOARD 0
4 302 95 302 95 403 4 403 CARDBOARD 0
3 374 102 374 102 415 3 415 CARDBOARD 0
97 312 144 312 144 415 97 415 CARDBOARD 0
150 231 358 231 358 351 150 351 CARDBOARD 0
153 299 267 299 267 345 153 345 CARDBOARD 0
137 377 196 377 196 415 137 415 CARDBOARD 0
231 347 416 347 416 415 231 415 CARDBOARD 0
221 95 380 95 380 231 221 231 CARDBOARD 0
137 101 225 101 225 231 137 231 CARDBOARD 0
91 98 166 98 166 182 91 182 CARDBOARD 0