3 329 52 329 52 394 3 394 CARDBOARD 0
3 192 52 192 52 332 3 332 CARDBOARD 0
4 156 20 156 20 192 4 192 CARDBOARD 0
4 106.99999999999999 17 106.99999999999999 17 159 4 159 CARDBOARD 0
4 20 43 20 43 101 4 101 CARDBOARD 0
16 104 62 104 62 195 16 195 CARDBOARD 0
23 202 85 202 85 332 23 332 CARDBOARD 0
52 306 78 306 78 358 52 358 CARDBOARD 0
52 306 176 306 176 394 52 394 CARDBOARD 0
130 355 192 355 192 394 130 394 CARDBOARD 0
147 306 215.00000000000003 306 215.00000000000003 394 147 394 CARDBOARD 0
78 270 172 270 172 348 78 348 CARDBOARD 0
88 140 160 140 160 270 88 270 CARDBOARD 0
42 130 104 130 104 263 42 263 CARDBOARD 0
26 33 85 33 85 134 26 134 CARDBOARD 0
2 1 49 1 49 33 2 33 CARDBOARD 0
44 1 95 1 95 33 44 33 CARDBOARD 0
356 1 415 1 415 70 356 70 CARDBOARD 0
338 1 384 1 384 23 338 23 CARDBOARD 0
302 0 338 0 338 20 302 20 CARDBOARD 0
302 7 354 7 354 170 302 170 CARDBOARD 0
249 1 302 1 302 153 249 153 CARDBOARD 0
205 36 254.00000000000003 36 254.00000000000003 101 205 101 CARDBOARD 0
213.99999999999997 1 264 1 264 49 213.99999999999997 49 CARDBOARD 0
204 1 238 1 238 16 204 16 CARDBOARD 0
205 325 241.00000000000003 325 241.00000000000003 390 205 390 CARDBOARD 0
205 306 244 306 244 335 205 335 CARDBOARD 0
215.00000000000003 218 247 218 247 306 215.00000000000003 306 CARDBOARD 0
179 247 215.00000000000003 247 215.00000000000003 305 179 305 CARDBOARD 0
176 279 199 279 199 299 176 299 CARDBOARD 0
156 212 198 212 198 277 156 277 CARDBOARD 0
160 104 251 104 251 237 160 237 CARDBOARD 0
231 101 283 101 283 218 231 218 CARDBOARD 0
81 58 179 58 179 130 81 130 CARDBOARD 0
85 101 124 101 124 143 85 143 CARDBOARD 0
134 111 166 111 166 143 134 143 CARDBOARD 0
90 1 205 1 205 62 90 62 CARDBOARD 0
182 58 205 58 205 104 182 104 CARDBOARD 0
241.00000000000003 306 306 306 306 390 241.00000000000003 390 CARDBOARD 0
305 364 377 364 377 390 305 390 CARDBOARD 0
241.00000000000003 270 290 270 290 348 241.00000000000003 348 CARDBOARD 0
267 195 387 195 387 390 267 390 CARDBOARD 0
250 169 354 169 354 263 250 263 CARDBOARD 0
393 75 415 75 415 222 393 222 CARDBOARD 0
329 49 410 49 410 296 329 296 CARDBOARD 0
370 218 415 218 415 323 370 323 CARDBOARD 0
325 263 415 263 415 391 325 391 CARDBOARD 0
2 1 415 1 415 394 2 394 CARDBOARD 0