36 374 98 374 98 413 36 413 CARDBOARD 0
36 312 82 312 82 374 36 374 CARDBOARD 0
42 276 91 276 91 328 42 328 CARDBOARD 0
42 247 119.99999999999999 247 119.99999999999999 319 42 319 CARDBOARD 0
302 377 364 377 364 413 302 413 CARDBOARD 0
150 364 316 364 316 413 150 413 CARDBOARD 0
358 397 400 397 400 413 358 413 CARDBOARD 0
247 228.00000000000003 403 228.00000000000003 403 394 247 394 CARDBOARD 0
205 185 338 185 338 361 205 361 CARDBOARD 0
121.00000000000001 202 241.00000000000003 202 241.00000000000003 364 121.00000000000001 364 CARDBOARD 0
36 121.00000000000001 146 121.00000000000001 146 319 36 319 CARDBOARD 0
143 163 205 163 205 215.00000000000003 143 215.00000000000003 CARDBOARD 0
185 127.00000000000001 283 127.00000000000001 283 228.00000000000003 185 228.00000000000003 CARDBOARD 0
179 98 241.00000000000003 98 241.00000000000003 134 179 134 CARDBOARD 0
36 91 114.00000000000001 91 114.00000000000001 140 36 140 CARDBOARD 0
43 23 202 23 202 159 43 159 CARDBOARD 0
52 0 195 0 195 46 52 46 CARDBOARD 0
185 13 237 13 237 97 185 97 CARDBOARD 0
231 26 283 26 283 127.00000000000001 231 127.00000000000001 CARDBOARD 0
273 39 319 39 319 172 273 172 CARDBOARD 0
306 39 384 39 384 163 306 163 CARDBOARD 0
306 160 368 160 368 225 306 225 CARDBOARD 0
338 198 415 198 415 349 338 349 CARDBOARD 0
341 226.99999999999997 415 226.99999999999997 415 345 341 345 CARDBOARD 0
367 119.99999999999999 415 119.99999999999999 415 209 367 209 CARDBOARD 0
348 55 415 55 415 157 348 157 CARDBOARD 0
319 156 368 156 368 221 319 221 CARDBOARD 0