228.00000000000003 94 345 94 345 156 228.00000000000003 156 CARDBOARD 0
173 39 368 39 368 156 173 156 CARDBOARD 0
69 46 241.00000000000003 46 241.00000000000003 101 69 101 PAPER 0
169 85 244 85 244 137 169 137 PAPER 0
62 78 228.00000000000003 78 228.00000000000003 140 62 140 PAPER 0
62 140 238 140 238 195 62 195 PAPER 0
59 108.00000000000001 228.00000000000003 108.00000000000001 228.00000000000003 163 59 163 PAPER 0
72 179 215.00000000000003 179 215.00000000000003 215.00000000000003 72 215.00000000000003 PAPER 0
75 202 225 202 225 254.00000000000003 75 254.00000000000003 PAPER 0
68 250 221 250 221 286 68 286 PAPER 0
75 290 221 290 221 345 75 345 PAPER 0
189 296 345 296 345 335 189 335 PAPER 0
185 328 341 328 341 351 185 351 PAPER 0
225 270 342 270 342 316 225 316 PAPER 0
218 264 354 264 354 306 218 306 PAPER 0
224 231 364 231 364 280 224 280 PAPER 0
221 199 361 199 361 264 221 264 PAPER 0
212 192 348 192 348 228.00000000000003 212 228.00000000000003 PAPER 0
218 162 354 162 354 208 218 208 PAPER 0
221 127.00000000000001 351 127.00000000000001 351 189 221 189 PAPER 0