166 4 413 4 413 114.00000000000001 166 114.00000000000001 CARDBOARD 0
299 117 413 117 413 224 299 224 CARDBOARD 0
169 114.00000000000001 299 114.00000000000001 299 192 169 192 CARDBOARD 0
251 212 413 212 413 371 251 371 CARDBOARD 0
213.99999999999997 305 414 305 414 415 213.99999999999997 415 CARDBOARD 0
117 150 263 150 263 332 117 332 CARDBOARD 0
143 108.00000000000001 293 108.00000000000001 293 215.00000000000003 143 215.00000000000003 CARDBOARD 0
117 3 163 3 163 91 117 91 CARDBOARD 0
62 91 140 91 140 208 62 208 CARDBOARD 0
78 4 182 4 182 137 78 137 CARDBOARD 0
36 3 101 3 101 130 36 130 CARDBOARD 0
10 3 56 3 56 101 10 101 CARDBOARD 0
0 101 68 101 68 182 0 182 CARDBOARD 0
0 185 27.000000000000004 185 27.000000000000004 415 0 415 CARDBOARD 0
26 357 73 357 73 415 26 415 CARDBOARD 0
20 303 49 303 49 358 20 358 CARDBOARD 0
23 159 106.99999999999999 159 106.99999999999999 299 23 299 CARDBOARD 0
36 199 146 199 146 384 36 384 CARDBOARD 0
74 283 244 283 244 415 74 415 CARDBOARD 0
0 3 414 3 414 415 0 415 CARDBOARD 0