57.00000000000001 66 171 66 171 136 57.00000000000001 136 CARDBOARD 0
71 127.00000000000001 167 127.00000000000001 167 231 71 231 CARDBOARD 0
76 226.99999999999997 140 226.99999999999997 140 369 76 369 CARDBOARD 0
112 254.00000000000003 220 254.00000000000003 220 346 112 346 CARDBOARD 0
88 317 198 317 198 403 88 403 CARDBOARD 0
147 61 215.00000000000003 61 215.00000000000003 156 147 156 CARDBOARD 0
111 152 208 152 208 270 111 270 CARDBOARD 0
215.00000000000003 32 287 32 287 170 215.00000000000003 170 CARDBOARD 0
209 159 243 159 243 229.00000000000003 209 229.00000000000003 CARDBOARD 0
174 212.99999999999997 230 212.99999999999997 230 263 174 263 CARDBOARD 0
241.00000000000003 158 350 158 350 274 241.00000000000003 274 CARDBOARD 0
223 252.99999999999997 341 252.99999999999997 341 348 223 348 CARDBOARD 0
200 317 314 317 314 405 200 405 CARDBOARD 0
306 88 384 88 384 242.00000000000003 306 242.00000000000003 CARDBOARD 0
320 233 392 233 392 389 320 389 CARDBOARD 0