152 192 304 192 304 260 152 260 CARDBOARD 0
56 52 164 52 164 160 56 160 CARDBOARD 0
3 2 83 2 83 65 3 65 CARDBOARD 0
2 62.99999999999999 58 62.99999999999999 58 131 2 131 CARDBOARD 0
2 131 87 131 87 195 2 195 CARDBOARD 0
59.99999999999999 154 168 154 168 260 59.99999999999999 260 CARDBOARD 0
204 248 363 248 363 323 204 323 CARDBOARD 0
355 250 415 250 415 324 355 324 CARDBOARD 0
54.00000000000001 256 210 256 210 324 54.00000000000001 324 CARDBOARD 0
3 257 62.99999999999999 257 62.99999999999999 324 3 324 CARDBOARD 0
59 324 212.99999999999997 324 212.99999999999997 389 59 389 CARDBOARD 0
210 324 360 324 360 386 210 386 CARDBOARD 0
59.99999999999999 388 215.00000000000003 388 215.00000000000003 415 59.99999999999999 415 CARDBOARD 0
2 387 65 387 65 415 2 415 CARDBOARD 0
3 324 61 324 61 390 3 390 CARDBOARD 0