48 154 130 154 130 223 48 223 CARDBOARD 0
114.00000000000001 148 180 148 180 223 114.00000000000001 223 CARDBOARD 0
71 212 157 212 157 255.00000000000003 71 255.00000000000003 CARDBOARD 0
47 93 134 93 134 155 47 155 CARDBOARD 0
127.00000000000001 92 175 92 175 152 127.00000000000001 152 CARDBOARD 0
42 24 125.99999999999999 24 125.99999999999999 95 42 95 CARDBOARD 0
121.00000000000001 28 174 28 174 94 121.00000000000001 94 CARDBOARD 0
161 275 273 275 273 380 161 380 CARDBOARD 0
157 206 273 206 273 298 157 298 CARDBOARD 0
177 123 273 123 273 212.99999999999997 177 212.99999999999997 CARDBOARD 0
203 26 333 26 333 127.00000000000001 203 127.00000000000001 CARDBOARD 0
174 29.999999999999996 203 29.999999999999996 203 119.99999999999999 174 119.99999999999999 CARDBOARD 0
270 193 308 193 308 239.99999999999997 270 239.99999999999997 CARDBOARD 0
273 142 339 142 339 196 273 196 CARDBOARD 0
270 33 340 33 340 140 270 140 CARDBOARD 0
341 86 391 86 391 136 341 136 CARDBOARD 0
340 36 392 36 392 88 340 88 CARDBOARD 0