106.99999999999999 26 205 26 205 159 106.99999999999999 159 CARDBOARD 0
134 26 199 26 199 91 134 91 CARDBOARD 0
195 26 267 26 267 182 195 182 CARDBOARD 0
49 23 202 23 202 205 49 205 CARDBOARD 0
0 26 78 26 78 273 0 273 CARDBOARD 0
153 23 413 23 413 286 153 286 CARDBOARD 0
306 241.00000000000003 413 241.00000000000003 413 368 306 368 CARDBOARD 0
328 351 413 351 413 415 328 415 CARDBOARD 0
111 286 306 286 306 400 111 400 CARDBOARD 0
194 331 333 331 333 415 194 415 CARDBOARD 0
111 396 196 396 196 415 111 415 CARDBOARD 0
13 273 198 273 198 361 13 361 CARDBOARD 0
65 189 189 189 189 322 65 322 CARDBOARD 0
0 247 65 247 65 345 0 345 CARDBOARD 0
0 342 106.99999999999999 342 106.99999999999999 384 0 384 CARDBOARD 0
0 380 124 380 124 415 0 415 CARDBOARD 0
312 29.999999999999996 413 29.999999999999996 413 192 312 192 CARDBOARD 0
0 26 414 26 414 415 0 415 CARDBOARD 0