298 2 375 2 375 106 298 106 CARDBOARD 0
176 2 322 2 322 31 176 31 CARDBOARD 0
0 1 215.00000000000003 1 215.00000000000003 100 0 100 CARDBOARD 0
0 1 97 1 97 65 0 65 CARDBOARD 0
0 2 56 2 56 37 0 37 CARDBOARD 0
0 2 29.999999999999996 2 29.999999999999996 23 0 23 CARDBOARD 0
1 27.000000000000004 335 27.000000000000004 335 226.99999999999997 1 226.99999999999997 CARDBOARD 0
157 47 348 47 348 79 157 79 CARDBOARD 0
0 56 358 56 358 242.00000000000003 0 242.00000000000003 CARDBOARD 0
1 80 365 80 365 269 1 269 CARDBOARD 0
0 93 371 93 371 285 0 285 CARDBOARD 0
0 106 373 106 373 314 0 314 CARDBOARD 0
178 123 373 123 373 189 178 189 CARDBOARD 0
0 144 373 144 373 325 0 325 CARDBOARD 0
0 180 373 180 373 343 0 343 CARDBOARD 0
0 215.00000000000003 373 215.00000000000003 373 372 0 372 CARDBOARD 0
0 192 373 192 373 390 0 390 CARDBOARD 0
13 266 373 266 373 402 13 402 CARDBOARD 0
14.999999999999998 283 376 283 376 415 14.999999999999998 415 CARDBOARD 0
212 331 373 331 373 402 212 402 CARDBOARD 0