213.99999999999997 55 312 55 312 185 213.99999999999997 185 CARDBOARD 0
228.00000000000003 119.99999999999999 358 119.99999999999999 358 224 228.00000000000003 224 CARDBOARD 0
228.00000000000003 10 329 10 329 69 228.00000000000003 69 CARDBOARD 0
312 20 377 20 377 150 312 150 CARDBOARD 0
355 52 394 52 394 239.99999999999997 355 239.99999999999997 CARDBOARD 0
85 33 127.00000000000001 33 127.00000000000001 238 85 238 CARDBOARD 0
117 10 159 10 159 221 117 221 CARDBOARD 0
143 3 205 3 205 117 143 117 CARDBOARD 0
159 114.00000000000001 195 114.00000000000001 195 205 159 205 CARDBOARD 0
166 121.00000000000001 231 121.00000000000001 231 231 166 231 CARDBOARD 0
45 117 117 117 117 237 45 237 CARDBOARD 0
62 29 134 29 134 114.00000000000001 62 114.00000000000001 CARDBOARD 0
36 4 65 4 65 69 36 69 CARDBOARD 0
1 3 49 3 49 121.00000000000001 1 121.00000000000001 CARDBOARD 0
4 88 46 88 46 150 4 150 CARDBOARD 0
1 100 36 100 36 238 1 238 CARDBOARD 0
1 236 29 236 29 338 1 338 CARDBOARD 0
10 238 69 238 69 303 10 303 CARDBOARD 0
65 221 351 221 351 325 65 325 CARDBOARD 0
332 195 413 195 413 364 332 364 CARDBOARD 0
117 322 167 322 167 415 117 415 CARDBOARD 0
163 328 222 328 222 415 163 415 CARDBOARD 0
211 328 264 328 264 415 211 415 CARDBOARD 0
260 325 303 325 303 415 260 415 CARDBOARD 0
299 325 352 325 352 415 299 415 CARDBOARD 0
347 338 413 338 413 415 347 415 CARDBOARD 0
68 305 122 305 122 415 68 415 CARDBOARD 0
35 299 98 299 98 415 35 415 CARDBOARD 0
1 304 54.00000000000001 304 54.00000000000001 415 1 415 CARDBOARD 0
1 2 414 2 414 415 1 415 CARDBOARD 0