258 97 386 97 386 309 258 309 CARDBOARD 0
286 288 389 288 389 407 286 407 CARDBOARD 0
189 178 271 178 271 364 189 364 CARDBOARD 0
226.99999999999997 112 289 112 289 188 226.99999999999997 188 CARDBOARD 0
225.99999999999997 69 281 69 281 131 225.99999999999997 131 CARDBOARD 0
149 95 225.99999999999997 95 225.99999999999997 171 149 171 CARDBOARD 0
145 41 232 41 232 110 145 110 CARDBOARD 0
100 140 216.00000000000003 140 216.00000000000003 302 100 302 CARDBOARD 0
39 141 102 141 102 286 39 286 CARDBOARD 0
13 52 93 52 93 150 13 150 CARDBOARD 0
57.00000000000001 14 137 14 137 138 57.00000000000001 138 CARDBOARD 0
92 64 144 64 144 169 92 169 CARDBOARD 0