21 315 219 315 219 410 21 410 CARDBOARD 0
20 212.99999999999997 144 212.99999999999997 144 307 20 307 CARDBOARD 0
244 284 339 284 339 338 244 338 CARDBOARD 0
237 369 321 369 321 408 237 408 CARDBOARD 0
337 319 411 319 411 371 337 371 CARDBOARD 0
293 320 355 320 355 370 293 370 CARDBOARD 0
249 327 303 327 303 370 249 370 CARDBOARD 0
234 143 411 143 411 269 234 269 CARDBOARD 0
234 7 414 7 414 125.99999999999999 234 125.99999999999999 CARDBOARD 0
90 106 208 106 208 204 90 204 CARDBOARD 0
20 106 125.99999999999999 106 125.99999999999999 204 20 204 CARDBOARD 0
39 3 211 3 211 95 39 95 CARDBOARD 0
26 16 154 16 154 98 26 98 CARDBOARD 0