296 212 380 212 380 371 296 371 CARDBOARD 0
277 221 319 221 319 367 277 367 CARDBOARD 0
218 199 283 199 283 371 218 371 CARDBOARD 0
169 189 221 189 221 374 169 374 CARDBOARD 0
140 299 169 299 169 371 140 371 CARDBOARD 0
111 302 143 302 143 374 111 374 CARDBOARD 0
75 299 114.00000000000001 299 114.00000000000001 374 75 374 CARDBOARD 0
39 182 106.99999999999999 182 106.99999999999999 302 39 302 CARDBOARD 0
85 186 166 186 166 303 85 303 CARDBOARD 0
29 1 101 1 101 179 29 179 CARDBOARD 0
52 10 166 10 166 186 52 186 CARDBOARD 0
137 42 215.00000000000003 42 215.00000000000003 169 137 169 CARDBOARD 0
163 166 212 166 212 192 163 192 CARDBOARD 0
149 13 221 13 221 143 149 143 CARDBOARD 0
211 23 377 23 377 231 211 231 CARDBOARD 0