4 3 163 3 163 81 4 81 CARDBOARD 0
108.00000000000001 20 199 20 199 72 108.00000000000001 72 CARDBOARD 0
163 3 228.00000000000003 3 228.00000000000003 65 163 65 CARDBOARD 0
238 20 277 20 277 69 238 69 CARDBOARD 0
273 3 335 3 335 23 273 23 CARDBOARD 0
228.00000000000003 3 270 3 270 23 228.00000000000003 23 CARDBOARD 0
215.00000000000003 52 267 52 267 91 215.00000000000003 91 CARDBOARD 0
269 367 387 367 387 415 269 415 CARDBOARD 0
270 328 358 328 358 374 270 374 CARDBOARD 0
267 299 342 299 342 332 267 332 CARDBOARD 0
254.00000000000003 270 332 270 332 299 254.00000000000003 299 CARDBOARD 0
257 241.00000000000003 315 241.00000000000003 315 270 257 270 CARDBOARD 0
254.00000000000003 221 309 221 309 247 254.00000000000003 247 CARDBOARD 0
254.00000000000003 201 296 201 296 221 254.00000000000003 221 CARDBOARD 0
247 189 289 189 289 202 247 202 CARDBOARD 0
247 176 289 176 289 189 247 189 CARDBOARD 0
244 163 273 163 273 176 244 176 CARDBOARD 0
238 150 267 150 267 160 238 160 CARDBOARD 0
189 121.00000000000001 241.00000000000003 121.00000000000001 241.00000000000003 153 189 153 CARDBOARD 0
199 101 241.00000000000003 101 241.00000000000003 124 199 124 CARDBOARD 0
169 348 271 348 271 415 169 415 CARDBOARD 0
218 309 267 309 267 348 218 348 CARDBOARD 0
218 280 264 280 264 312 218 312 CARDBOARD 0
221 247 257 247 257 286 221 286 CARDBOARD 0
225 215.00000000000003 254.00000000000003 215.00000000000003 254.00000000000003 251 225 251 CARDBOARD 0
228.00000000000003 195 251 195 251 215.00000000000003 228.00000000000003 215.00000000000003 CARDBOARD 0
226.99999999999997 182 247 182 247 195 226.99999999999997 195 CARDBOARD 0
228.00000000000003 166 244 166 244 186 228.00000000000003 186 CARDBOARD 0
231 159 237 159 237 169 231 169 CARDBOARD 0
140 312 218 312 218 410 140 410 CARDBOARD 0
160 280 218 280 218 312 160 312 CARDBOARD 0
169 250 221 250 221 276 169 276 CARDBOARD 0
182 208 224 208 224 247 182 247 CARDBOARD 0
189 172 225 172 225 208 189 208 CARDBOARD 0
189 153 225 153 225 176 189 176 CARDBOARD 0
64 305 151 305 151 415 64 415 CARDBOARD 0
104 270 162 270 162 309 104 309 CARDBOARD 0
119.99999999999999 244 172 244 172 273 119.99999999999999 273 CARDBOARD 0
140 205 182 205 182 241.00000000000003 140 241.00000000000003 CARDBOARD 0
156 173 188 173 188 205 156 205 CARDBOARD 0
176 156 192 156 192 172 176 172 CARDBOARD 0