213.99999999999997 49 312 49 312 169 213.99999999999997 169 CARDBOARD 0
218 46 286 46 286 111 218 111 CARDBOARD 0
153 45 348 45 348 221 153 221 CARDBOARD 0
309 49 367 49 367 163 309 163 CARDBOARD 0
344 48 415 48 415 293 344 293 CARDBOARD 0
3 46 286 46 286 267 3 267 CARDBOARD 0
4 166 244 166 244 273 4 273 CARDBOARD 0
4 211 218 211 218 289 4 289 CARDBOARD 0
3 234 169 234 169 302 3 302 CARDBOARD 0
7 273 121.00000000000001 273 121.00000000000001 322 7 322 CARDBOARD 0
4 306 98 306 98 361 4 361 CARDBOARD 0
286 204 415 204 415 345 286 345 CARDBOARD 0
267 205 345 205 345 270 267 270 CARDBOARD 0
218 238 306 238 306 296 218 296 CARDBOARD 0
224 273 415 273 415 362 224 362 CARDBOARD 0
335 396 415 396 415 415 335 415 CARDBOARD 0
292 347 415 347 415 410 292 410 CARDBOARD 0
106.99999999999999 289 312 289 312 403 106.99999999999999 403 CARDBOARD 0
3 328 199 328 199 415 3 415 CARDBOARD 0
213.99999999999997 396 329 396 329 415 213.99999999999997 415 CARDBOARD 0
3 49 415 49 415 415 3 415 CARDBOARD 0