148 320 216.00000000000003 320 216.00000000000003 381 148 381 CARDBOARD 0
150 268 211 268 211 322 150 322 CARDBOARD 0
209 324 272 324 272 383 209 383 CARDBOARD 0
248 283 272 283 272 363 248 363 CARDBOARD 0
261 281 281 281 281 353 261 353 CARDBOARD 0
263 278 289 278 289 402 263 402 CARDBOARD 0
209 270 261 270 261 322 209 322 CARDBOARD 0
154 212.99999999999997 212.99999999999997 212.99999999999997 212.99999999999997 271 154 271 CARDBOARD 0
206 209 265 209 265 270 206 270 CARDBOARD 0
157 159 211 159 211 212.99999999999997 157 212.99999999999997 CARDBOARD 0
209 157 265 157 265 207 209 207 CARDBOARD 0
259 156 289 156 289 278 259 278 CARDBOARD 0
170 115 248 115 248 159 170 159 CARDBOARD 0
237 89 276 89 276 155 237 155 CARDBOARD 0
266 87 279 87 279 125.99999999999999 266 125.99999999999999 CARDBOARD 0
122 52 239.99999999999997 52 239.99999999999997 132 122 132 CARDBOARD 0
198 11 285 11 285 91 198 91 CARDBOARD 0