76 259 239.99999999999997 259 239.99999999999997 394 76 394 CARDBOARD 0
152 159 314 159 314 309 152 309 CARDBOARD 0
279 180 342 180 342 248 279 248 CARDBOARD 0
267 95 383 95 383 217 267 217 CARDBOARD 0
78 207 154 207 154 268 78 268 CARDBOARD 0
12 135 154 135 154 248 12 248 CARDBOARD 0
49 85 115 85 115 163 49 163 CARDBOARD 0
133 95 183 95 183 145 133 145 CARDBOARD 0
83 26 192 26 192 124 83 124 CARDBOARD 0
191 34 324 34 324 132 191 132 CARDBOARD 0
248 47 404 47 404 135 248 135 CARDBOARD 0
176 124 263 124 263 251.99999999999997 176 251.99999999999997 CARDBOARD 0