267 280 381 280 381 374 267 374 CARDBOARD 0
257 276 413 276 413 374 257 374 CARDBOARD 0
280 237 332 237 332 283 280 283 CARDBOARD 0
332 150 413 150 413 296 332 296 CARDBOARD 0
315 182 335 182 335 241.00000000000003 315 241.00000000000003 CARDBOARD 0
315 69 413 69 413 186 315 186 CARDBOARD 0
361 0 413 0 413 98 361 98 CARDBOARD 0
337 1 371 1 371 55 337 55 CARDBOARD 0
205 0 332 0 332 98 205 98 CARDBOARD 0
130 13 286 13 286 133 130 133 CARDBOARD 0
134 91 319 91 319 241.00000000000003 134 241.00000000000003 CARDBOARD 0
160 241.00000000000003 267 241.00000000000003 267 368 160 368 CARDBOARD 0
169 348 263 348 263 374 169 374 CARDBOARD 0
1 282 119.99999999999999 282 119.99999999999999 335 1 335 CARDBOARD 0
1 324 166 324 166 374 1 374 CARDBOARD 0
124 290 157 290 157 329 124 329 CARDBOARD 0
17 266 98 266 98 286 17 286 CARDBOARD 0
7 244 160 244 160 293 7 293 CARDBOARD 0
0 238 150 238 150 293 0 293 CARDBOARD 0
1 161 137 161 137 244 1 244 CARDBOARD 0
1 48 133 48 133 166 1 166 CARDBOARD 0
1 1 159 1 159 52 1 52 CARDBOARD 0
1 1 414 1 414 371 1 371 CARDBOARD 0