59 59 215.00000000000003 59 215.00000000000003 147 59 147 CARDBOARD 0
241.00000000000003 127.00000000000001 345 127.00000000000001 345 176 241.00000000000003 176 CARDBOARD 0
33 231 140 231 140 322 33 322 CARDBOARD 0
85 267 221 267 221 377 85 377 CARDBOARD 0
29 316 106.99999999999999 316 106.99999999999999 384 29 384 CARDBOARD 0
98 199 199 199 199 290 98 290 CARDBOARD 0
13 215.00000000000003 94 215.00000000000003 94 293 13 293 CARDBOARD 0
182 156 361 156 361 306 182 306 CARDBOARD 0
312 237 415 237 415 329 312 329 CARDBOARD 0
355 205 413 205 413 241.00000000000003 355 241.00000000000003 CARDBOARD 0
247 130 393 130 393 208 247 208 CARDBOARD 0
111 114.00000000000001 394 114.00000000000001 394 241.00000000000003 111 241.00000000000003 CARDBOARD 0