49 147 397 147 397 368 49 368 CARDBOARD 0
260 114.00000000000001 387 114.00000000000001 387 231 260 231 CARDBOARD 0
199 124 345 124 345 251 199 251 CARDBOARD 0
137 91 332 91 332 267 137 267 CARDBOARD 0
162 68 286 68 286 218 162 218 CARDBOARD 0
104 68 239.99999999999997 68 239.99999999999997 221 104 221 CARDBOARD 0
95 208 153 208 153 244 95 244 CARDBOARD 0
68 114.00000000000001 140 114.00000000000001 140 212 68 212 CARDBOARD 0
1 35 81 35 81 189 1 189 CARDBOARD 0
29.999999999999996 29 176 29 176 159 29.999999999999996 159 CARDBOARD 0
166 20 254.00000000000003 20 254.00000000000003 72 166 72 CARDBOARD 0
23 20 166 20 166 179 23 179 CARDBOARD 0