26 124 312 124 312 332 26 332 CARDBOARD 0
159 293 309 293 309 413 159 413 CARDBOARD 0
75 263 228.00000000000003 263 228.00000000000003 413 75 413 CARDBOARD 0
26 309 119.99999999999999 309 119.99999999999999 413 26 413 CARDBOARD 0
26 23 257 23 257 244 26 244 CARDBOARD 0
26 0 205 0 205 179 26 179 CARDBOARD 0
172 0 415 0 415 118 172 118 CARDBOARD 0
296 277 394 277 394 413 296 413 CARDBOARD 0
354 211 415 211 415 414 354 414 CARDBOARD 0
218 234 374 234 374 322 218 322 CARDBOARD 0
270 111 415 111 415 196 270 196 CARDBOARD 0
283 195 413 195 413 241.00000000000003 283 241.00000000000003 CARDBOARD 0
23 0 415 0 415 414 23 414 CARDBOARD 0