123 134 247 134 247 228.00000000000003 123 228.00000000000003 CARDBOARD 0
42 225 208 225 208 306 42 306 CARDBOARD 0
46 104 134 104 134 241.00000000000003 46 241.00000000000003 CARDBOARD 0
311 1 415 1 415 167 311 167 CARDBOARD 0
344 165 415 165 415 257 344 257 CARDBOARD 0
260 250 393 250 393 387 260 387 CARDBOARD 0
195 351 338 351 338 413 195 413 CARDBOARD 0
3 335 159 335 159 413 3 413 CARDBOARD 0
52 309 182 309 182 403 52 403 CARDBOARD 0
172 286 244 286 244 370 172 370 CARDBOARD 0
23 150 56 150 56 241.00000000000003 23 241.00000000000003 CARDBOARD 0
3 299 91 299 91 413 3 413 CARDBOARD 0
231 10 319 10 319 88 231 88 CARDBOARD 0
116 1 192 1 192 52 116 52 CARDBOARD 0
3 1 85 1 85 29 3 29 CARDBOARD 0
3 29.999999999999996 62 29.999999999999996 62 98 3 98 CARDBOARD 0
3 4 140 4 140 111 3 111 CARDBOARD 0
143 20 237 20 237 134 143 134 CARDBOARD 0
195 88 312 88 312 163 195 163 CARDBOARD 0
237 143 351 143 351 312 237 312 CARDBOARD 0
328 166 415 166 415 248 328 248 CARDBOARD 0
341 289 415 289 415 414 341 414 CARDBOARD 0
188 1 257 1 257 26 188 26 CARDBOARD 0