3 159 55 159 55 413 3 413 CARDBOARD 0
4 127.00000000000001 189 127.00000000000001 189 263 4 263 CARDBOARD 0
39 192 273 192 273 413 39 413 CARDBOARD 0
4 0 241.00000000000003 0 241.00000000000003 146 4 146 CARDBOARD 0
159 169 299 169 299 413 159 413 CARDBOARD 0
211 277 335 277 335 413 211 413 CARDBOARD 0
302 293 390 293 390 407 302 407 CARDBOARD 0
380 273 415 273 415 381 380 381 CARDBOARD 0
371 361 400 361 400 397 371 397 CARDBOARD 0
345 185 403 185 403 234 345 234 CARDBOARD 0
267 166 400 166 400 296 267 296 CARDBOARD 0
202 114.00000000000001 348 114.00000000000001 348 192 202 192 CARDBOARD 0
354 125.99999999999999 415 125.99999999999999 415 189 354 189 CARDBOARD 0
364 166 415 166 415 277 364 277 CARDBOARD 0
231 0 415 0 415 193 231 193 CARDBOARD 0
156 0 410 0 410 176 156 176 CARDBOARD 0
3 0 415 0 415 414 3 414 CARDBOARD 0