108.00000000000001 251 267 251 267 342 108.00000000000001 342 CARDBOARD 0
169 316 283 316 283 345 169 345 CARDBOARD 0
192 342 319 342 319 371 192 371 CARDBOARD 0
150 368 267 368 267 381 150 381 CARDBOARD 0
119.99999999999999 338 192 338 192 367 119.99999999999999 367 CARDBOARD 0
59 273 108.00000000000001 273 108.00000000000001 332 59 332 CARDBOARD 0
46 237 108.00000000000001 237 108.00000000000001 286 46 286 CARDBOARD 0
39 186 393 186 393 254.00000000000003 39 254.00000000000003 CARDBOARD 0
270 244 387 244 387 280 270 280 CARDBOARD 0
273 280 377 280 377 316 273 316 CARDBOARD 0
276 309 351 309 351 345 276 345 CARDBOARD 0
117 127.00000000000001 397 127.00000000000001 397 185 117 185 CARDBOARD 0
49 127.00000000000001 124 127.00000000000001 124 182 49 182 CARDBOARD 0
39 149 81 149 81 195 39 195 CARDBOARD 0
156 72 384 72 384 137 156 137 CARDBOARD 0
62 88 166 88 166 127.00000000000001 62 127.00000000000001 CARDBOARD 0
189 39 345 39 345 75 189 75 CARDBOARD 0
156 36 198 36 198 65 156 65 CARDBOARD 0
94 45 172 45 172 91 94 91 CARDBOARD 0
182 26 280 26 280 49 182 49 CARDBOARD 0