157 17 342 17 342 311 157 311 CARDBOARD 0
48 46 298 46 298 374 48 374 CARDBOARD 0
244 250 296 250 296 322 244 322 CARDBOARD 0
278 296 298 296 298 322 278 322 CARDBOARD 0
217 124 267 124 267 200 217 200 CARDBOARD 0
170 78 255.00000000000003 78 255.00000000000003 152 170 152 CARDBOARD 0
261 168 283 168 283 200 261 200 PLASTIC 0
237 187 259 187 259 224 237 224 PLASTIC 0
250 193 280 193 280 217 250 217 PLASTIC 0
252.99999999999997 212.99999999999997 281 212.99999999999997 281 235 252.99999999999997 235 PLASTIC 0
242.00000000000003 225.99999999999997 279 225.99999999999997 279 266 242.00000000000003 266 PLASTIC 0
255.00000000000003 323 329 323 329 394 255.00000000000003 394 PLASTIC 0