36 169 125.99999999999999 169 125.99999999999999 289 36 289 CARDBOARD 0
118 233 194 233 194 309 118 309 CARDBOARD 0
109 105 194 105 194 231 109 231 CARDBOARD 0
197 111 287 111 287 248 197 248 CARDBOARD 0
194 246 277 246 277 316 194 316 CARDBOARD 0
196 314 266 314 266 368 196 368 CARDBOARD 0
194 65 276 65 276 112.99999999999999 194 112.99999999999999 CARDBOARD 0
268 4 370 4 370 102 268 102 CARDBOARD 0
278 102 385 102 385 242.00000000000003 278 242.00000000000003 CARDBOARD 0
270 244 364 244 364 329 270 329 CARDBOARD 0
266 318 342 318 342 385 266 385 CARDBOARD 0
251.99999999999997 364 322 364 322 407 251.99999999999997 407 CARDBOARD 0