173 270 359 270 359 364 173 364 CARDBOARD 0
29.999999999999996 305 178 305 178 355 29.999999999999996 355 CARDBOARD 0
28 236 199 236 199 306 28 306 CARDBOARD 0
9 54.00000000000001 325 54.00000000000001 325 152 9 152 CARDBOARD 0
23 151 171 151 171 233 23 233 CARDBOARD 0
119 182 163 182 163 236 119 236 CARDBOARD 0
162 164 222 164 222 268 162 268 CARDBOARD 0
215.00000000000003 182 327 182 327 273 215.00000000000003 273 CARDBOARD 0
313 213.99999999999997 381 213.99999999999997 381 298 313 298 CARDBOARD 0
294 102 409 102 409 216.00000000000003 294 216.00000000000003 CARDBOARD 0
165 95 349 95 349 179 165 179 CARDBOARD 0