301 41 415 41 415 266 301 266 CARDBOARD 0
277 109 415 109 415 377 277 377 CARDBOARD 0
286 205 414 205 414 414 286 414 CARDBOARD 0
286 291 332 291 332 414 286 414 CARDBOARD 0
314 386 336 386 336 414 314 414 CARDBOARD 0
191 225.99999999999997 256 225.99999999999997 256 414 191 414 CARDBOARD 0
119.99999999999999 276 212 276 212 414 119.99999999999999 414 CARDBOARD 0
59 346 151 346 151 414 59 414 CARDBOARD 0
14.999999999999998 268 127.00000000000001 268 127.00000000000001 414 14.999999999999998 414 CARDBOARD 0
8 182 124 182 124 294 8 294 CARDBOARD 0
71 106.99999999999999 147 106.99999999999999 147 255.00000000000003 71 255.00000000000003 CARDBOARD 0
129 168 223 168 223 325 129 325 CARDBOARD 0
97 0 229.00000000000003 0 229.00000000000003 168 97 168 CARDBOARD 0
132 35 229.00000000000003 35 229.00000000000003 173 132 173 CARDBOARD 0
137 0 223 0 223 48 137 48 CARDBOARD 0
103 0 127.00000000000001 0 127.00000000000001 57.00000000000001 103 57.00000000000001 CARDBOARD 0
115 2 153 2 153 100 115 100 CARDBOARD 0
97 39 145 39 145 159 97 159 CARDBOARD 0
74 112 118 112 118 213.99999999999997 74 213.99999999999997 CARDBOARD 0
73 148 111 148 111 251.99999999999997 73 251.99999999999997 CARDBOARD 0
106 173 147 173 147 251 106 251 CARDBOARD 0
164 0 282 0 282 123 164 123 CARDBOARD 0
198 121.00000000000001 288 121.00000000000001 288 225 198 225 CARDBOARD 0
235 39 377 39 377 225 235 225 CARDBOARD 0
238.99999999999997 0 372 0 372 43 238.99999999999997 43 CARDBOARD 0
1 0 108.00000000000001 0 108.00000000000001 115 1 115 CARDBOARD 0
1 70 55 70 55 167 1 167 CARDBOARD 0
14 271 29.999999999999996 271 29.999999999999996 412 14 412 CARDBOARD 0