215.00000000000003 195 329 195 329 325 215.00000000000003 325 CARDBOARD 0
215.00000000000003 143 342 143 342 325 215.00000000000003 325 CARDBOARD 0
150 322 254.00000000000003 322 254.00000000000003 377 150 377 CARDBOARD 0
150 371 251 371 251 413 150 413 CARDBOARD 0
123 296 221 296 221 342 123 342 CARDBOARD 0
81 134 234 134 234 332 81 332 CARDBOARD 0
33 46 228.00000000000003 46 228.00000000000003 212 33 212 CARDBOARD 0
85 108.00000000000001 179 108.00000000000001 179 166 85 166 CARDBOARD 0
202 36 254.00000000000003 36 254.00000000000003 82 202 82 CARDBOARD 0
208 85 247 85 247 124 208 124 CARDBOARD 0
225 114.00000000000001 267 114.00000000000001 267 156 225 156 CARDBOARD 0
257 325 335 325 335 413 257 413 PLASTIC 0
319 322 397 322 397 413 319 413 PLASTIC 0
328 228.00000000000003 377 228.00000000000003 377 313 328 313 PLASTIC 0
98 4 212 4 212 59 98 59 PLASTIC 0