3 289 205 289 205 415 3 415 CARDBOARD 0
3 4 182 4 182 267 3 267 CARDBOARD 0
182 4 289 4 289 241.00000000000003 182 241.00000000000003 CARDBOARD 0
277 20 358 20 358 234 277 234 CARDBOARD 0
201 270 283 270 283 415 201 415 CARDBOARD 0
273 260 345 260 345 415 273 415 CARDBOARD 0
335 239.99999999999997 377 239.99999999999997 377 390 335 390 CARDBOARD 0
371 228.00000000000003 407 228.00000000000003 407 316 371 316 CARDBOARD 0
403 201 415 201 415 261 403 261 CARDBOARD 0
351 68 397 68 397 221 351 221 CARDBOARD 0
393 97 415 97 415 195 393 195 CARDBOARD 0