322 74 415 74 415 186 322 186 CARDBOARD 0
224 19 415 19 415 153 224 153 CARDBOARD 0
166 20 355 20 355 124 166 124 CARDBOARD 0
101 23 241.00000000000003 23 241.00000000000003 106.99999999999999 101 106.99999999999999 CARDBOARD 0
4 20 176 20 176 88 4 88 CARDBOARD 0
3 42 159 42 159 198 3 198 CARDBOARD 0
4 110 202 110 202 234 4 234 CARDBOARD 0
3 231 29 231 29 293 3 293 CARDBOARD 0
26 205 98 205 98 244 26 244 CARDBOARD 0
29.999999999999996 247 69 247 69 273 29.999999999999996 273 CARDBOARD 0
91 173 127.00000000000001 173 127.00000000000001 238 91 238 CARDBOARD 0
134 185 244 185 244 237 134 237 CARDBOARD 0
124 153 231 153 231 215.00000000000003 124 215.00000000000003 CARDBOARD 0
36 215.00000000000003 176 215.00000000000003 176 316 36 316 CARDBOARD 0
52 202 318 202 318 335 52 335 CARDBOARD 0
179 186 306 186 306 296 179 296 CARDBOARD 0
338 153 415 153 415 235 338 235 CARDBOARD 0
296 182 345 182 345 250 296 250 CARDBOARD 0
357 298 415 298 415 391 357 391 CARDBOARD 0
257 234 415 234 415 359 257 359 CARDBOARD 0
98 335 260 335 260 364 98 364 CARDBOARD 0
108.00000000000001 280 254.00000000000003 280 254.00000000000003 358 108.00000000000001 358 CARDBOARD 0
186 202 303 202 303 277 186 277 CARDBOARD 0