55 114.00000000000001 91 114.00000000000001 91 176 55 176 GLASS 0
88 45 108.00000000000001 45 108.00000000000001 69 88 69 GLASS 0
64 0 84 0 84 35 64 35 GLASS 0
46 0 66 0 66 13 46 13 GLASS 0
138 0 156 0 156 35 138 35 GLASS 0
164 47 212 47 212 67 164 67 GLASS 0
200 32 213.99999999999997 32 213.99999999999997 47 200 47 GLASS 0
145 99 156 99 156 106.99999999999999 145 106.99999999999999 GLASS 0
174 152 188 152 188 172 174 172 GLASS 0
175 176 212 176 212 191 175 191 GLASS 0
134 199 256 199 256 311 134 311 GLASS 0
2 212 39 212 39 268 2 268 GLASS 0
312 343 338 343 338 360 312 360 GLASS 0
267 238 280 238 280 251 267 251 GLASS 0
252.99999999999997 142 354 142 354 234 252.99999999999997 234 GLASS 0
226.99999999999997 171 243 171 243 191 226.99999999999997 191 GLASS 0
230 119.99999999999999 300 119.99999999999999 300 174 230 174 GLASS 0
293 61 304 61 304 101 293 101 GLASS 0
229.00000000000003 34 251 34 251 90 229.00000000000003 90 GLASS 0
225 86 233 86 233 92 225 92 GLASS 0
239.99999999999997 0 269 0 269 73 239.99999999999997 73 GLASS 0
392 88 413 88 413 103 392 103 GLASS 0
352 188 415 188 415 301 352 301 GLASS 0
382 353 415 353 415 408 382 408 GLASS 0