20 121.00000000000001 148 121.00000000000001 148 247 20 247 GLASS 0
18 80 184 80 184 208 18 208 GLASS 0
259 112 394 112 394 243 259 243 GLASS 0
150 271 248 271 248 365 150 365 GLASS 0
156 202 241.00000000000003 202 241.00000000000003 260 156 260 GLASS 0
2 236 50 236 50 320 2 320 GLASS 0
379 259 415 259 415 341 379 341 GLASS 0
401 184 415 184 415 244 401 244 GLASS 0
222 71 397 71 397 193 222 193 GLASS 0
151 182 269 182 269 255.00000000000003 151 255.00000000000003 GLASS 0
142 255.00000000000003 277 255.00000000000003 277 311 142 311 GLASS 0