357 2 414 2 414 20 357 20 GLASS 0
319 2 378 2 378 34 319 34 GLASS 0
389 17 414 17 414 57.00000000000001 389 57.00000000000001 GLASS 0
298 50 389 50 389 102 298 102 GLASS 0
296 2 362 2 362 52 296 52 GLASS 0
282 2 312 2 312 37 282 37 GLASS 0
384 20 414 20 414 70 384 70 GLASS 0
384 73 414 73 414 121.00000000000001 384 121.00000000000001 GLASS 0
364 105 414 105 414 170 364 170 GLASS 0
337 82 389 82 389 141 337 141 GLASS 0
368 164 414 164 414 208 368 208 GLASS 0
341 180 409 180 409 232 341 232 GLASS 0
396 203 414 203 414 238 396 238 GLASS 0
350 216.00000000000003 398 216.00000000000003 398 256 350 256 GLASS 0
366 242.00000000000003 414 242.00000000000003 414 298 366 298 GLASS 0
350 289 414 289 414 342 350 342 GLASS 0
305 233 380 233 380 298 305 298 GLASS 0
284 210 334 210 334 268 284 268 GLASS 0
311 194 357 194 357 229.00000000000003 311 229.00000000000003 GLASS 0
294 295 348 295 348 347 294 347 GLASS 0
250 270 318 270 318 335 250 335 GLASS 0
225 291 259 291 259 347 225 347 GLASS 0
230 271 264 271 264 299 230 299 GLASS 0
284 370 361 370 361 415 284 415 GLASS 0
329 384 410 384 410 415 329 415 GLASS 0
362 348 414 348 414 406 362 406 GLASS 0
328 330 387 330 387 377 328 377 GLASS 0
271 328 337 328 337 371 271 371 GLASS 0
187 336 287 336 287 378 187 378 GLASS 0
230 365 287 365 287 411 230 411 GLASS 0
191 381 285 381 285 415 191 415 GLASS 0
286 144 364 144 364 200 286 200 GLASS 0
273 103 335 103 335 147 273 147 GLASS 0
282 94 350 94 350 129 282 129 GLASS 0
246 55 298 55 298 93 246 93 GLASS 0
230 13 305 13 305 61 230 61 GLASS 0
191 2 282 2 282 43 191 43 GLASS 0
148 16 232 16 232 76 148 76 GLASS 0
76 1 164 1 164 53 76 53 GLASS 0
52 2 100 2 100 20 52 20 GLASS 0
159 2 209 2 209 18 159 18 GLASS 0
198 62.99999999999999 257 62.99999999999999 257 109 198 109 GLASS 0
221 92 278 92 278 125.99999999999999 221 125.99999999999999 GLASS 0
213.99999999999997 117 294 117 294 173 213.99999999999997 173 GLASS 0
171 124 223 124 223 171 171 171 GLASS 0
125 130 189 130 189 165 125 165 GLASS 0
121.00000000000001 89 187 89 187 145 121.00000000000001 145 GLASS 0
180 84 242.00000000000003 84 242.00000000000003 119.99999999999999 180 119.99999999999999 GLASS 0
101 56 173 56 173 116 101 116 GLASS 0
76 33 164 33 164 85 76 85 GLASS 0
34 35 91 35 91 88 34 88 GLASS 0
29.999999999999996 11 73 11 73 58 29.999999999999996 58 GLASS 0
0 1 187 1 187 179 0 179 GLASS 0
198 201 289 201 289 251 198 251 GLASS 0
213.99999999999997 171 312 171 312 212 213.99999999999997 212 GLASS 0
146 212 200 212 200 238 146 238 GLASS 0
152 178 198 178 198 212 152 212 GLASS 0
180 236 296 236 296 312 180 312 GLASS 0
139 304 226.99999999999997 304 226.99999999999997 351 139 351 GLASS 0
0 164 288 164 288 415 0 415 GLASS 0
0 1 415 1 415 415 0 415 GLASS 0