276 109 330 109 330 401 276 401 GLASS 0
237 100 278 100 278 374 237 374 GLASS 0
187 112.99999999999999 241.00000000000003 112.99999999999999 241.00000000000003 403 187 403 GLASS 0
182 127.00000000000001 205 127.00000000000001 205 349 182 349 GLASS 0
139 100 185 100 185 374 139 374 GLASS 0
93 93 151 93 151 403 93 403 GLASS 0
291 102 315 102 315 116 291 116 METAL 0
242.00000000000003 90 264 90 264 102 242.00000000000003 102 METAL 0
203 102 225 102 225 118 203 118 METAL 0
188 115 203 115 203 127.00000000000001 188 127.00000000000001 METAL 0
143 88 165 88 165 102 143 102 METAL 0
106 84 130 84 130 93 106 93 METAL 0