368 3 415 3 415 39 368 39 GLASS 0
345 43 391 43 391 91 345 91 GLASS 0
379 61 415 61 415 109 379 109 GLASS 0
274 2 334 2 334 64 274 64 GLASS 0
254.00000000000003 3 286 3 286 37 254.00000000000003 37 GLASS 0
212 43 272 43 272 93 212 93 GLASS 0
177 175 230 175 230 277 177 277 GLASS 0
270 284 312 284 312 334 270 334 GLASS 0
321 291 367 291 367 332 321 332 GLASS 0
361 237 415 237 415 309 361 309 GLASS 0
163 292 259 292 259 364 163 364 GLASS 0
230 287 280 287 280 344 230 344 GLASS 0
123 266 188 266 188 344 123 344 GLASS 0
90 241.00000000000003 152 241.00000000000003 152 334 90 334 GLASS 0
39 196 109 196 109 312 39 312 GLASS 0
103 114.00000000000001 212.99999999999997 114.00000000000001 212.99999999999997 234 103 234 GLASS 0
180 150 294 150 294 243 180 243 GLASS 0
238 175 372 175 372 271 238 271 GLASS 0
309 89 415 89 415 180 309 180 GLASS 0
354 168 414 168 414 248 354 248 GLASS 0
220 235 324 235 324 305 220 305 GLASS 0
251 237 345 237 345 309 251 309 GLASS 0
194 134 270 134 270 225 194 225 GLASS 0
223 41 326 41 326 143 223 143 GLASS 0
313 46 415 46 415 171 313 171 GLASS 0
127.00000000000001 53 225 53 225 146 127.00000000000001 146 GLASS 0
61 48 139 48 139 132 61 132 GLASS 0
44 29.999999999999996 91 29.999999999999996 91 94 44 94 GLASS 0
94 3 122 3 122 41 94 41 GLASS 0
12 59 108.00000000000001 59 108.00000000000001 159 12 159 GLASS 0
20 119 123 119 123 228.00000000000003 20 228.00000000000003 GLASS 0
0 128 50 128 50 246 0 246 GLASS 0
8 207 123 207 123 350 8 350 GLASS 0