90 31 152 31 152 208 90 208 GLASS 0
121.00000000000001 23 165 23 165 143 121.00000000000001 143 GLASS 0
123 87 265 87 265 392 123 392 GLASS 0
239.99999999999997 35 278 35 278 144 239.99999999999997 144 GLASS 0
205 27.000000000000004 238.99999999999997 27.000000000000004 238.99999999999997 119 205 119 GLASS 0
172 17 200 17 200 105 172 105 GLASS 0
158 43 233 43 233 249 158 249 GLASS 0
247 44 333 44 333 293 247 293 GLASS 0
247 146 273 146 273 206 247 206 PLASTIC 0
212 122 237 122 237 184 212 184 PLASTIC 0
173 106.99999999999999 198 106.99999999999999 198 153 173 153 PLASTIC 0
128 146 158 146 158 175 128 175 PLASTIC 0
105 210 151 210 151 251 105 251 PLASTIC 0
183 251.99999999999997 233 251.99999999999997 233 295 183 295 PLASTIC 0
273 295 308 295 308 309 273 309 PLASTIC 0
178 394 212.99999999999997 394 212.99999999999997 410 178 410 PLASTIC 0