96 294 198 294 198 398 96 398 GLASS 0
146 237 264 237 264 341 146 341 GLASS 0
98 165 170 165 170 255.00000000000003 98 255.00000000000003 GLASS 0
102 37 163 37 163 131 102 131 GLASS 0
148 21 224 21 224 106 148 106 GLASS 0
148 130 280 130 280 217 148 217 GLASS 0
191 298 235 298 235 400 191 400 METAL 0
259 239.99999999999997 289 239.99999999999997 289 342 259 342 METAL 0
276 130 311 130 311 215.00000000000003 276 215.00000000000003 METAL 0
163 165 209 165 209 255.00000000000003 163 255.00000000000003 METAL 0
152 36 198 36 198 128 152 128 METAL 0
222 19 259 19 259 104 222 104 METAL 0