18 179 196 179 196 359 18 359 GLASS 0
125.99999999999999 193 342 193 342 409 125.99999999999999 409 GLASS 0
70 8 268 8 268 200 70 200 GLASS 0
176 202 242.00000000000003 202 242.00000000000003 340 176 340 METAL 0
251.99999999999997 28 313 28 313 174 251.99999999999997 174 METAL 0
331 234 387 234 387 372 331 372 METAL 0
132 89 193 89 193 148 132 148 BIODEGRADABLE 0
148 143 206 143 206 165 148 165 BIODEGRADABLE 0
143 160 215.00000000000003 160 215.00000000000003 202 143 202 BIODEGRADABLE 0
124 158 148 158 148 200 124 200 BIODEGRADABLE 0
110 157 130 157 130 196 110 196 BIODEGRADABLE 0
87 106 127.00000000000001 106 127.00000000000001 148 87 148 BIODEGRADABLE 0
96 130 125.99999999999999 130 125.99999999999999 178 96 178 BIODEGRADABLE 0
83 109 111 109 111 181 83 181 BIODEGRADABLE 0
80 19 139 19 139 117 80 117 BIODEGRADABLE 0
112.99999999999999 83 169 83 169 144 112.99999999999999 144 BIODEGRADABLE 0
161 61 222 61 222 122 161 122 BIODEGRADABLE 0
206 115 246 115 246 171 206 171 BIODEGRADABLE 0
217 87 237 87 237 112.99999999999999 217 112.99999999999999 BIODEGRADABLE 0
220 52 242.00000000000003 52 242.00000000000003 94 220 94 BIODEGRADABLE 0
220 24 248 24 248 74 220 74 BIODEGRADABLE 0
191 7 230 7 230 65 191 65 BIODEGRADABLE 0
150 47 200 47 200 91 150 91 BIODEGRADABLE 0
165 14.999999999999998 195 14.999999999999998 195 49 165 49 BIODEGRADABLE 0
125.99999999999999 20 168 20 168 72 125.99999999999999 72 BIODEGRADABLE 0