87 318 357 318 357 394 87 394 GLASS 0
144 238 358 238 358 298 144 298 GLASS 0
184 171 358 171 358 219 184 219 GLASS 0
219 112.99999999999999 357 112.99999999999999 357 151 219 151 GLASS 0
245 59.99999999999999 355 59.99999999999999 355 94 245 94 GLASS 0
261 18 357 18 357 44 261 44 GLASS 0
61 342 85 342 85 369 61 369 METAL 0
118 252.99999999999997 146 252.99999999999997 146 282 118 282 METAL 0
158 180 186 180 186 206 158 206 METAL 0
198 119.99999999999999 219 119.99999999999999 219 140 198 140 METAL 0
219 66 247 66 247 86 219 86 METAL 0
239.99999999999997 18 259 18 259 37 239.99999999999997 37 METAL 0