225.99999999999997 2 396 2 396 86 225.99999999999997 86 GLASS 0
376 2 414 2 414 40 376 40 GLASS 0
368 54.00000000000001 414 54.00000000000001 414 138 368 138 GLASS 0
216.00000000000003 88 391 88 391 185 216.00000000000003 185 GLASS 0
380 154 414 154 414 230 380 230 GLASS 0
376 250 414 250 414 327 376 327 GLASS 0
378 344 414 344 414 416 378 416 GLASS 0
221 185 396 185 396 277 221 277 GLASS 0
232 283 402 283 402 376 232 376 GLASS 0
222 378 396 378 396 415 222 415 GLASS 0
116 1 264 1 264 35 116 35 GLASS 0
1 2 139 2 139 79 1 79 GLASS 0
121.00000000000001 36 269 36 269 132 121.00000000000001 132 GLASS 0
128 133 271 133 271 226.99999999999997 128 226.99999999999997 GLASS 0
125 230 275 230 275 322 125 322 GLASS 0
127.00000000000001 325 273 325 273 415 127.00000000000001 415 GLASS 0
1 271 146 271 146 367 1 367 GLASS 0
1 176 141 176 141 270 1 270 GLASS 0
1 80 137 80 137 174 1 174 GLASS 0
1 365 146 365 146 415 1 415 GLASS 0