152 11 262 11 262 399 152 399 GLASS 0
112 36 182 36 182 374 112 374 GLASS 0
70 52 132 52 132 355 70 355 GLASS 0
34 71 90 71 90 335 34 335 GLASS 0
234 39 299 39 299 372 234 372 GLASS 0
281 52 344 52 344 355 281 355 GLASS 0
333 73 377 73 377 337 333 337 GLASS 0
184 396 234 396 234 411 184 411 METAL 0
143 375 180 375 180 381 143 381 METAL 0
100 359 130 359 130 363 100 363 METAL 0
59.99999999999999 337 88 337 88 343 59.99999999999999 343 METAL 0
236 373 277 373 277 381 236 381 METAL 0
286 357 320 357 320 363 286 363 METAL 0
335 338 361 338 361 344 335 344 METAL 0