13 226.99999999999997 61 226.99999999999997 61 307 13 307 GLASS 0
32 273 59 273 59 309 32 309 GLASS 0
35 196 91 196 91 230 35 230 GLASS 0
32 142 102 142 102 213.99999999999997 32 213.99999999999997 GLASS 0
38 159 70 159 70 187 38 187 GLASS 0
50 130 71 130 71 160 50 160 GLASS 0
43 150 59 150 59 168 43 168 GLASS 0
53 106.99999999999999 77 106.99999999999999 77 125 53 125 GLASS 0
33 105 59 105 59 139 33 139 GLASS 0
44 71 70 71 70 123 44 123 GLASS 0
38 85 48 85 48 105 38 105 GLASS 0
49 44 111 44 111 116 49 116 GLASS 0
87 82 115 82 115 114.00000000000001 87 114.00000000000001 GLASS 0
73 111 106.99999999999999 111 106.99999999999999 141 73 141 GLASS 0
100 106.99999999999999 124 106.99999999999999 124 153 100 153 GLASS 0
85 162 169 162 169 285 85 285 GLASS 0
65 257 148 257 148 353 65 353 GLASS 0
105 312 152 312 152 366 105 366 GLASS 0
86 307 119.99999999999999 307 119.99999999999999 339 86 339 GLASS 0
103 341 115 341 115 361 103 361 GLASS 0
59 339 91 339 91 364 59 364 GLASS 0
59 291 100 291 100 355 59 355 GLASS 0
62.99999999999999 221 91 221 91 269 62.99999999999999 269 GLASS 0
98 193 136 193 136 250 98 250 GLASS 0
130 200 157 200 157 251.99999999999997 130 251.99999999999997 GLASS 0
123 173 149 173 149 195 123 195 GLASS 0
135 148 147 148 147 162 135 162 GLASS 0
112.99999999999999 139 129 139 129 167 112.99999999999999 167 GLASS 0
106 86 132 86 132 116 106 116 GLASS 0
136 91 145 91 145 106.99999999999999 136 106.99999999999999 GLASS 0
123 82 137 82 137 104 123 104 GLASS 0
119.99999999999999 71 174 71 174 96 119.99999999999999 96 GLASS 0
146 103 167 103 167 123 146 123 GLASS 0
138 93 164 93 164 121.00000000000001 138 121.00000000000001 GLASS 0
141 116 171 116 171 152 141 152 GLASS 0
167 105 193 105 193 135 167 135 GLASS 0
159 55 203 55 203 101 159 101 GLASS 0
151 300 185 300 185 364 151 364 GLASS 0
157 278 192 278 192 300 157 300 GLASS 0
163 262 209 262 209 287 163 287 GLASS 0
160 228.00000000000003 195 228.00000000000003 195 271 160 271 GLASS 0
283 82 365 82 365 238.99999999999997 283 238.99999999999997 GLASS 0
273 137 301 137 301 180 273 180 GLASS 0
331 75 377 75 377 161 331 161 GLASS 0
317 53 341 53 341 87 317 87 GLASS 0
328 59 362 59 362 111 328 111 GLASS 0
321 103 355 103 355 153 321 153 GLASS 0
315 62 325 62 325 98 315 98 GLASS 0
275 57.00000000000001 310 57.00000000000001 310 91 275 91 GLASS 0
250 68 280 68 280 102 250 102 GLASS 0
268 89 290 89 290 125 268 125 GLASS 0
238 98 266 98 266 139 238 139 GLASS 0
257 118 272 118 272 150 257 150 GLASS 0
244 132 256 132 256 152 244 152 GLASS 0
218 141 254.00000000000003 141 254.00000000000003 169 218 169 GLASS 0
176 102 236 102 236 164 176 164 GLASS 0
170 51 256 51 256 155 170 155 GLASS 0
175 166 209 166 209 212 175 212 GLASS 0
159 157 177 157 177 211 159 211 GLASS 0
41 309 57.00000000000001 309 57.00000000000001 339 41 339 GLASS 0
187 323 215.00000000000003 323 215.00000000000003 359 187 359 GLASS 0
194 321 235 321 235 351 194 351 GLASS 0
208 289 230 289 230 319 208 319 GLASS 0
189 275 210 275 210 325 189 325 GLASS 0
199 193 235 193 235 289 199 289 GLASS 0
223 226.99999999999997 244 226.99999999999997 244 275 223 275 GLASS 0
191 241.00000000000003 201 241.00000000000003 201 261 191 261 GLASS 0
180 213.99999999999997 200 213.99999999999997 200 238.99999999999997 180 238.99999999999997 GLASS 0
167 211 182 211 182 238.99999999999997 167 238.99999999999997 GLASS 0
238.99999999999997 212 252.99999999999997 212 252.99999999999997 234 238.99999999999997 234 GLASS 0
207 164 247 164 247 213.99999999999997 207 213.99999999999997 GLASS 0
246 180 286 180 286 216.00000000000003 246 216.00000000000003 GLASS 0
245 198 303 198 303 266 245 266 GLASS 0
244 250 259 250 259 286 244 286 GLASS 0
265 225 305 225 305 255.00000000000003 265 255.00000000000003 GLASS 0
288 205 329 205 329 251 288 251 GLASS 0
311 251.99999999999997 327 251.99999999999997 327 266 311 266 GLASS 0
309 252.99999999999997 355 252.99999999999997 355 291 309 291 GLASS 0
326 248 368 248 368 282 326 282 GLASS 0
355 196 389 196 389 266 355 266 GLASS 0
336 146 358 146 358 189 336 189 GLASS 0
274 310 292 310 292 364 274 364 GLASS 0
251 307 283 307 283 353 251 353 GLASS 0
238.99999999999997 330 254.00000000000003 330 254.00000000000003 362 238.99999999999997 362 GLASS 0
236 312 242.00000000000003 312 242.00000000000003 326 236 326 GLASS 0
236 282 270 282 270 320 236 320 GLASS 0
268 271 286 271 286 291 268 291 GLASS 0
269 275 310 275 310 355 269 355 GLASS 0
280 278 327 278 327 353 280 353 GLASS 0
330 275 360 275 360 341 330 341 GLASS 0
324 282 380 282 380 330 324 330 GLASS 0
353 319 385 319 385 344 353 344 GLASS 0