169 245 278 245 278 377 169 377 GLASS 0
348 189 415 189 415 381 348 381 GLASS 0
269 236 353 236 353 350 269 350 GLASS 0
223 191 343 191 343 232 223 232 GLASS 0
68 158 225 158 225 304 68 304 GLASS 0
116 250 166 250 166 341 116 341 GLASS 0
168 225.99999999999997 268 225.99999999999997 268 248 168 248 PLASTIC 0
116 223 202 223 202 247 116 247 PLASTIC 0
91 141 205 141 205 158 91 158 PLASTIC 0
226.99999999999997 171 341 171 341 188 226.99999999999997 188 PLASTIC 0
262 207 348 207 348 233 262 233 PLASTIC 0
341 157 415 157 415 190 341 190 PLASTIC 0