119.99999999999999 328 199 328 199 391 119.99999999999999 391 GLASS 0
106.99999999999999 299 179 299 179 321 106.99999999999999 321 GLASS 0
2 255.00000000000003 132 255.00000000000003 132 308 2 308 GLASS 0
160 279 218 279 218 301 160 301 GLASS 0
192 255.00000000000003 228.00000000000003 255.00000000000003 228.00000000000003 292 192 292 GLASS 0
201 249 271 249 271 273 201 273 GLASS 0
220 294 250 294 250 342 220 342 GLASS 0
286 300 342 300 342 326 286 326 GLASS 0
307 266 363 266 363 311 307 311 GLASS 0
350 293 415 293 415 328 350 328 GLASS 0
263 203 395 203 395 265 263 265 GLASS 0
235 181 286 181 286 236 235 236 GLASS 0
45 192 133 192 133 251.99999999999997 45 251.99999999999997 GLASS 0
2 171 39 171 39 224 2 224 GLASS 0
2 125.99999999999999 53 125.99999999999999 53 163 2 163 GLASS 0
2 110 45 110 45 134 2 134 GLASS 0
2 47 45 47 45 111 2 111 GLASS 0
26 7 106.99999999999999 7 106.99999999999999 28 26 28 GLASS 0
83 23 130 23 130 46 83 46 GLASS 0
57.00000000000001 58 158 58 158 97 57.00000000000001 97 GLASS 0
150 71 212 71 212 99 150 99 GLASS 0
182 93 229.00000000000003 93 229.00000000000003 112.99999999999999 182 112.99999999999999 GLASS 0
85 104 186 104 186 136 85 136 GLASS 0
77 131 122 131 122 157 77 157 GLASS 0
106.99999999999999 108.00000000000001 216.00000000000003 108.00000000000001 216.00000000000003 153 106.99999999999999 153 GLASS 0
175 123 231 123 231 160 175 160 GLASS 0
90 144 205 144 205 197 90 197 GLASS 0
59.99999999999999 153 109 153 109 200 59.99999999999999 200 GLASS 0
248 102 265 102 265 124 248 124 GLASS 0
213.99999999999997 106.99999999999999 244 106.99999999999999 244 136 213.99999999999997 136 GLASS 0
151 16 238.99999999999997 16 238.99999999999997 62.99999999999999 151 62.99999999999999 GLASS 0
209 24 316 24 316 90 209 90 GLASS 0
329 102 378 102 378 131 329 131 GLASS 0
327 137 406 137 406 174 327 174 GLASS 0
267 150 321 150 321 184 267 184 GLASS 0
380 135 408 135 408 147 380 147 GLASS 0
399 195 412 195 412 215.00000000000003 399 215.00000000000003 GLASS 0
367 212.99999999999997 384 212.99999999999997 384 223 367 223 GLASS 0
337 42 415 42 415 96 337 96 GLASS 0
303 34 359 34 359 87 303 87 GLASS 0
270 1 308 1 308 16 270 16 GLASS 0
341 1 415 1 415 25 341 25 GLASS 0
399 9 415 9 415 29.999999999999996 399 29.999999999999996 GLASS 0