325 110 394 110 394 266 325 266 GLASS 0
241.00000000000003 206 323 206 323 313 241.00000000000003 313 GLASS 0
280 95 330 95 330 215.00000000000003 280 215.00000000000003 GLASS 0
236 58 286 58 286 182 236 182 GLASS 0
185 81 261 81 261 311 185 311 GLASS 0
161 49 222 49 222 161 161 161 GLASS 0
92 84 166 84 166 258 92 258 GLASS 0
127.00000000000001 154 211 154 211 382 127.00000000000001 382 GLASS 0
24 69 82 69 82 221 24 221 GLASS 0
31 114.00000000000001 116 114.00000000000001 116 307 31 307 GLASS 0
97 46 159 46 159 86 97 86 METAL 0
235 176 289 176 289 216.00000000000003 235 216.00000000000003 METAL 0
275 211 331 211 331 249 275 249 METAL 0
326 264 394 264 394 296 326 296 METAL 0
241.00000000000003 311 309 311 309 343 241.00000000000003 343 METAL 0
31 303 115 303 115 343 31 343 METAL 0
92 251 164 251 164 289 92 289 METAL 0
18 217 79 217 79 255.00000000000003 18 255.00000000000003 METAL 0
203 311 241.00000000000003 311 241.00000000000003 337 203 337 PLASTIC 0