233 148 389 148 389 296 233 296 GLASS 0
132 215.00000000000003 328 215.00000000000003 328 389 132 389 GLASS 0
96 25 305 25 305 215.00000000000003 96 215.00000000000003 GLASS 0
185 148 252.99999999999997 148 252.99999999999997 290 185 290 METAL 0
85 215.00000000000003 148 215.00000000000003 148 385 85 385 METAL 0
41 28 119 28 119 235 41 235 METAL 0
141 54.00000000000001 181 54.00000000000001 181 104 141 104 BIODEGRADABLE 0
157 99 196 99 196 165 157 165 BIODEGRADABLE 0
146 159 178 159 178 222 146 222 BIODEGRADABLE 0
131 135 159 135 159 185 131 185 BIODEGRADABLE 0
130 177 146 177 146 209 130 209 BIODEGRADABLE 0
135 97 159 97 159 137 135 137 BIODEGRADABLE 0
128 41 160 41 160 83 128 83 BIODEGRADABLE 0
169 39 209 39 209 61 169 61 BIODEGRADABLE 0
181 58 218 58 218 117 181 117 BIODEGRADABLE 0
185 119.99999999999999 212.99999999999997 119.99999999999999 212.99999999999997 155 185 155 BIODEGRADABLE 0
211 79 245 79 245 137 211 137 BIODEGRADABLE 0
225.99999999999997 65 258 65 258 102 225.99999999999997 102 BIODEGRADABLE 0
237 98 272 98 272 148 237 148 BIODEGRADABLE 0
215.00000000000003 139 238.99999999999997 139 238.99999999999997 150 215.00000000000003 150 BIODEGRADABLE 0
264 116 294 116 294 148 264 148 BIODEGRADABLE 0
259 83 293 83 293 117 259 117 BIODEGRADABLE 0
237 37 287 37 287 79 237 79 BIODEGRADABLE 0
203 41 235 41 235 78 203 78 BIODEGRADABLE 0
259 154 377 154 377 289 259 289 BIODEGRADABLE 0