26 275 152 275 152 323 26 323 GLASS 0
28 222 150 222 150 270 28 270 GLASS 0
29.999999999999996 171 150 171 150 217 29.999999999999996 217 GLASS 0
28 114.00000000000001 150 114.00000000000001 150 164 28 164 GLASS 0
45 154 155 154 155 167 45 167 GLASS 0
28 53 148 53 148 103 28 103 GLASS 0
54.00000000000001 96 150 96 150 114.00000000000001 54.00000000000001 114.00000000000001 GLASS 0
193 309 252.99999999999997 309 252.99999999999997 338 193 338 GLASS 0
191 278 257 278 257 307 191 307 GLASS 0
191 241.00000000000003 262 241.00000000000003 262 273 191 273 GLASS 0
193 206 264 206 264 243 193 243 GLASS 0
198 203 260 203 260 209 198 209 GLASS 0
195 170 252.99999999999997 170 252.99999999999997 204 195 204 GLASS 0
198 140 262 140 262 169 198 169 GLASS 0
198 108.00000000000001 260 108.00000000000001 260 137 198 137 GLASS 0
198 71 262 71 262 106.99999999999999 198 106.99999999999999 GLASS 0
195 35 255.00000000000003 35 255.00000000000003 71 195 71 GLASS 0
302 302 352 302 352 336 302 336 GLASS 0
303 279 350 279 350 302 303 302 GLASS 0
303 244 367 244 367 278 303 278 GLASS 0
309 209 384 209 384 246 309 246 GLASS 0
311 169 386 169 386 206 311 206 GLASS 0
307 129 389 129 389 167 307 167 GLASS 0
309 87 393 87 393 127.00000000000001 309 127.00000000000001 GLASS 0
311 44 399 44 399 89 311 89 GLASS 0
148 230 168 230 168 262 148 262 METAL 0
153 282 170 282 170 320 153 320 METAL 0
252.99999999999997 305 270 305 270 337 252.99999999999997 337 METAL 0
153 177 168 177 168 212.99999999999997 153 212.99999999999997 METAL 0
150 121.00000000000001 163 121.00000000000001 163 153 150 153 METAL 0
155 131 168 131 168 161 155 161 METAL 0
155 81 170 81 170 111 155 111 METAL 0
153 62.99999999999999 163 62.99999999999999 163 99 153 99 METAL 0
264 71 270 71 270 106.99999999999999 264 106.99999999999999 METAL 0
258 108.00000000000001 271 108.00000000000001 271 136 258 136 METAL 0
262 141 270 141 270 167 262 167 METAL 0
256 170 264 170 264 199 256 199 METAL 0
264 209 270 209 270 237 264 237 METAL 0
264 241.00000000000003 272 241.00000000000003 272 271 264 271 METAL 0
260 276 270 276 270 304 260 304 METAL 0
256 37 266 37 266 69 256 69 METAL 0
397 49 410 49 410 87 397 87 METAL 0
393 89 403 89 403 127.00000000000001 393 127.00000000000001 METAL 0
391 130 399 130 399 167 391 167 METAL 0
384 172 397 172 397 202 384 202 METAL 0
386 211 401 211 401 245 386 245 METAL 0
352 278 360 278 360 304 352 304 METAL 0
356 304 362 304 362 333 356 333 METAL 0
29.999999999999996 116 73 116 73 160 29.999999999999996 160 BIODEGRADABLE 0
73 125.99999999999999 135 125.99999999999999 135 156 73 156 BIODEGRADABLE 0
29.999999999999996 177 144 177 144 213.99999999999997 29.999999999999996 213.99999999999997 BIODEGRADABLE 0
37 280 82 280 82 317 37 317 BIODEGRADABLE 0
35 52 127.00000000000001 52 127.00000000000001 100 35 100 BIODEGRADABLE 0
58 103 90 103 90 112.99999999999999 58 112.99999999999999 BIODEGRADABLE 0
195 37 221 37 221 69 195 69 BIODEGRADABLE 0
199 74 223 74 223 103 199 103 BIODEGRADABLE 0
200 111 245 111 245 137 200 137 BIODEGRADABLE 0
199 143 249 143 249 169 199 169 BIODEGRADABLE 0
198 172 243 172 243 202 198 202 BIODEGRADABLE 0
198 209 243 209 243 238 198 238 BIODEGRADABLE 0
196 244 230 244 230 270 196 270 BIODEGRADABLE 0
193 278 217 278 217 304 193 304 BIODEGRADABLE 0
193 308 239.99999999999997 308 239.99999999999997 336 193 336 BIODEGRADABLE 0
307 305 337 305 337 336 307 336 BIODEGRADABLE 0
305 281 320 281 320 301 305 301 BIODEGRADABLE 0
307 212.99999999999997 347 212.99999999999997 347 243 307 243 BIODEGRADABLE 0
307 170 373 170 373 207 307 207 BIODEGRADABLE 0
307 130 371 130 371 166 307 166 BIODEGRADABLE 0
311 90 377 90 377 125.99999999999999 311 125.99999999999999 BIODEGRADABLE 0
313 47 397 47 397 87 313 87 BIODEGRADABLE 0