348 150 415 150 415 262 348 262 GLASS 0
407 273 415 273 415 291 407 291 GLASS 0
327 3 379 3 379 123 327 123 GLASS 0
198 40 250 40 250 104 198 104 GLASS 0
308 198 340 198 340 246 308 246 GLASS 0
321 267 341 267 341 315 321 315 GLASS 0
296 294 318 294 318 360 296 360 GLASS 0
287 374 314 374 314 414 287 414 GLASS 0
339 410 349 410 349 415 339 415 GLASS 0
202 390 233 390 233 416 202 416 GLASS 0
245 392 255.00000000000003 392 255.00000000000003 415 245 415 GLASS 0
254.00000000000003 387 264 387 264 397 254.00000000000003 397 GLASS 0
203 347 220 347 220 365 203 365 GLASS 0
225 347 241.00000000000003 347 241.00000000000003 373 225 373 GLASS 0
232 320 263 320 263 360 232 360 GLASS 0
234 245 254.00000000000003 245 254.00000000000003 299 234 299 GLASS 0
184 277 223 277 223 339 184 339 GLASS 0
198 259 225 259 225 285 198 285 GLASS 0
177 176 212 176 212 238 177 238 GLASS 0
217 171 248 171 248 225 217 225 GLASS 0
208 125.99999999999999 258 125.99999999999999 258 182 208 182 GLASS 0
251 144 267 144 267 176 251 176 GLASS 0
164 32 200 32 200 174 164 174 GLASS 0
114.00000000000001 3 188 3 188 81 114.00000000000001 81 GLASS 0
53 91 112.99999999999999 91 112.99999999999999 163 53 163 GLASS 0
56 27.000000000000004 104 27.000000000000004 104 49 56 49 GLASS 0
62.99999999999999 43 87 43 87 83 62.99999999999999 83 GLASS 0
82 75 99 75 99 94 82 94 GLASS 0
101 59 115 59 115 77 101 77 GLASS 0
117 134 150 134 150 184 117 184 GLASS 0
123 112 136 112 136 144 123 144 GLASS 0
121.00000000000001 80 141 80 141 118 121.00000000000001 118 GLASS 0
137 73 146 73 146 83 137 83 GLASS 0
135 200 162 200 162 248 135 248 GLASS 0
87 219 125.99999999999999 219 125.99999999999999 275 87 275 GLASS 0
101 179 140 179 140 226.99999999999997 101 226.99999999999997 GLASS 0
119 312 184 312 184 382 119 382 GLASS 0
98 288 149 288 149 326 98 326 GLASS 0
85 366 110 366 110 414 85 414 GLASS 0
81 344 93 344 93 368 81 368 GLASS 0
79 307 103 307 103 339 79 339 GLASS 0
54.00000000000001 331 76 331 76 361 54.00000000000001 361 GLASS 0
25 299 61 299 61 365 25 365 GLASS 0
1 259 31 259 31 333 1 333 GLASS 0
1 302 20 302 20 400 1 400 GLASS 0
27.000000000000004 198 67 198 67 296 27.000000000000004 296 GLASS 0
17 254.00000000000003 29 254.00000000000003 29 283 17 283 GLASS 0
0 163 34 163 34 245 0 245 GLASS 0