202 76 385 76 385 254.00000000000003 202 254.00000000000003 GLASS 0
93 28 241.00000000000003 28 241.00000000000003 178 93 178 GLASS 0
33 137 212.99999999999997 137 212.99999999999997 339 33 339 GLASS 0
226.99999999999997 246 359 246 359 296 226.99999999999997 296 METAL 0
58 337 191 337 191 385 58 385 METAL 0
98 165 224 165 224 224 98 224 METAL 0
263 121.00000000000001 337 121.00000000000001 337 185 263 185 BIODEGRADABLE 0
314 147 372 147 372 211 314 211 BIODEGRADABLE 0
351 124 377 124 377 154 351 154 BIODEGRADABLE 0
328 102 376 102 376 146 328 146 BIODEGRADABLE 0
265 100 328 100 328 135 265 135 BIODEGRADABLE 0
263 85 333 85 333 111 263 111 BIODEGRADABLE 0
323 91 357 91 357 112.99999999999999 323 112.99999999999999 BIODEGRADABLE 0
246 93 281 93 281 117 246 117 BIODEGRADABLE 0
237 102 269 102 269 176 237 176 BIODEGRADABLE 0
238.99999999999997 170 283 170 283 202 238.99999999999997 202 BIODEGRADABLE 0
230 179 278 179 278 212.99999999999997 230 212.99999999999997 BIODEGRADABLE 0
283 187 318 187 318 207 283 207 BIODEGRADABLE 0
167 225.99999999999997 211 225.99999999999997 211 263 167 263 BIODEGRADABLE 0
139 248 179 248 179 270 139 270 BIODEGRADABLE 0
86 263 152 263 152 285 86 285 BIODEGRADABLE 0
119.99999999999999 224 172 224 172 254.00000000000003 119.99999999999999 254.00000000000003 BIODEGRADABLE 0
93 217 135 217 135 241.00000000000003 93 241.00000000000003 BIODEGRADABLE 0
67 241.00000000000003 121.00000000000001 241.00000000000003 121.00000000000001 261 67 261 BIODEGRADABLE 0
65 259 89 259 89 272 65 272 BIODEGRADABLE 0
45 250 69 250 69 270 45 270 BIODEGRADABLE 0
43 200 69 200 69 250 43 250 BIODEGRADABLE 0
66 202 100 202 100 248 66 248 BIODEGRADABLE 0
78 163 104 163 104 211 78 211 BIODEGRADABLE 0
43 182 80 182 80 200 43 200 BIODEGRADABLE 0
42 170 76 170 76 198 42 198 BIODEGRADABLE 0
43 154 85 154 85 182 43 182 BIODEGRADABLE 0
43 146 87 146 87 168 43 168 BIODEGRADABLE 0