268 178 364 178 364 278 268 278 GLASS 0
307 167 407 167 407 254.00000000000003 307 254.00000000000003 GLASS 0
157 209 268 209 268 316 157 316 GLASS 0
52 178 156 178 156 278 52 278 GLASS 0
8 161 106 161 106 252.99999999999997 8 252.99999999999997 GLASS 0
156 157 270 157 270 209 156 209 PLASTIC 0
266 130 368 130 368 182 266 182 PLASTIC 0
311 112.99999999999999 403 112.99999999999999 403 163 311 163 PLASTIC 0
209 112.99999999999999 303 112.99999999999999 303 155 209 155 PLASTIC 0
159 129 263 129 263 161 159 161 PLASTIC 0
109 112.99999999999999 205 112.99999999999999 205 143 109 143 PLASTIC 0
56 130 158 130 158 182 56 182 PLASTIC 0
8 112.99999999999999 104 112.99999999999999 104 157 8 157 PLASTIC 0