59 322 161 322 161 376 59 376 GLASS 0
48 267 144 267 144 315 48 315 GLASS 0
59 243 218 243 218 285 59 285 GLASS 0
49 191 191 191 191 257 49 257 GLASS 0
57.00000000000001 143 257 143 257 217 57.00000000000001 217 GLASS 0
48 122 176 122 176 180 48 180 GLASS 0
50 46 163 46 163 104 50 104 GLASS 0
59 94 183 94 183 133 59 133 GLASS 0
155 324 255.00000000000003 324 255.00000000000003 370 155 370 PLASTIC 0
143 274 215.00000000000003 274 215.00000000000003 314 143 314 PLASTIC 0
216.00000000000003 251.99999999999997 292 251.99999999999997 292 291 216.00000000000003 291 PLASTIC 0
189 204 263 204 263 246 189 246 PLASTIC 0
255.00000000000003 159 331 159 331 198 255.00000000000003 198 PLASTIC 0
172 132 248 132 248 172 172 172 PLASTIC 0
181 84 281 84 281 130 181 130 PLASTIC 0
161 56 237 56 237 100 161 100 PLASTIC 0