104 10 309 10 309 104 104 104 GLASS 0
122 122 342 122 342 266 122 266 GLASS 0
104 285 320 285 320 415 104 415 GLASS 0
115 11 241.00000000000003 11 241.00000000000003 98 115 98 BIODEGRADABLE 0
135 128 283 128 283 261 135 261 BIODEGRADABLE 0
192 359 224 359 224 403 192 403 BIODEGRADABLE 0
176 320 211 320 211 366 176 366 BIODEGRADABLE 0
194 298 224 298 224 338 194 338 BIODEGRADABLE 0
180 296 198 296 198 320 180 320 BIODEGRADABLE 0
150 291 182 291 182 313 150 313 BIODEGRADABLE 0
124 290 142 290 142 340 124 340 BIODEGRADABLE 0
140 313 174 313 174 353 140 353 BIODEGRADABLE 0
139 342 173 342 173 392 139 392 BIODEGRADABLE 0
121.00000000000001 356 141 356 141 396 121.00000000000001 396 BIODEGRADABLE 0
133 381 167 381 167 407 133 407 BIODEGRADABLE 0
165 363 195 363 195 409 165 409 BIODEGRADABLE 0