339 155 386 155 386 191 339 191 GLASS 0
404 166 414 166 414 178 404 178 GLASS 0
401 153 410 153 410 162 401 162 GLASS 0
377 87 387 87 387 103 377 103 GLASS 0
404 55 414 55 414 71 404 71 GLASS 0
339 68 355 68 355 96 339 96 GLASS 0
277 152 318 152 318 182 277 182 GLASS 0
174 194 232 194 232 232 174 232 GLASS 0
212 187 220 187 220 194 212 194 GLASS 0
82 180 124 180 124 210 82 210 GLASS 0
122 187 144 187 144 205 122 205 GLASS 0
105 137 119.99999999999999 137 119.99999999999999 153 105 153 GLASS 0
124 148 139 148 139 164 124 164 GLASS 0
62 73 77 73 77 91 62 91 GLASS 0
29 53 76 53 76 73 29 73 GLASS 0
71 48 79 48 79 55 71 55 GLASS 0
82 55 92 55 92 71 82 71 GLASS 0
95 46 103 46 103 71 95 71 GLASS 0
132 3 146 3 146 21 132 21 GLASS 0
6 221 46 221 46 255.00000000000003 6 255.00000000000003 GLASS 0
5 246 19 246 19 264 5 264 GLASS 0
101 237 147 237 147 271 101 271 GLASS 0
103 230 112.99999999999999 230 112.99999999999999 246 103 246 GLASS 0
125.99999999999999 213.99999999999997 147 213.99999999999997 147 232 125.99999999999999 232 GLASS 0
298 223 306 223 306 230 298 230 GLASS 0
320 241.00000000000003 344 241.00000000000003 344 271 320 271 GLASS 0
333 216.00000000000003 343 216.00000000000003 343 232 333 232 GLASS 0
333 202 343 202 343 213.99999999999997 333 213.99999999999997 GLASS 0
347 198 357 198 357 213.99999999999997 347 213.99999999999997 GLASS 0
360 223 366 223 366 235 360 235 GLASS 0
368 213.99999999999997 390 213.99999999999997 390 244 368 244 GLASS 0
370 248 392 248 392 271 370 271 GLASS 0
292 243 304 243 304 255.00000000000003 292 255.00000000000003 GLASS 0
304 238.99999999999997 316 238.99999999999997 316 252.99999999999997 304 252.99999999999997 GLASS 0
264 269 279 269 279 289 264 289 GLASS 0
297 289 307 289 307 321 297 321 GLASS 0
307 318 315 318 315 330 307 330 GLASS 0
321 312 327 312 327 326 321 326 GLASS 0
338 314 342 314 342 330 338 330 GLASS 0
341 330 356 330 356 342 341 342 GLASS 0
352 309 360 309 360 318 352 318 GLASS 0
394 366 406 366 406 382 394 382 GLASS 0
397 336 409 336 409 348 397 348 GLASS 0
388 318 404 318 404 330 388 330 GLASS 0
378 319 384 319 384 328 378 328 GLASS 0
377 348 389 348 389 364 377 364 GLASS 0
368 366 372 366 372 373 368 373 GLASS 0
359 375 371 375 371 389 359 389 GLASS 0
73 330 100 330 100 366 73 366 GLASS 0
99 334 109 334 109 343 99 343 GLASS 0
87 319 96 319 96 328 87 328 GLASS 0
82 296 100 296 100 314 82 314 GLASS 0
103 303 118 303 118 319 103 319 GLASS 0
112 298 122 298 122 312 112 312 GLASS 0
93 284 114.00000000000001 284 114.00000000000001 298 93 298 GLASS 0
94 275 106 275 106 284 94 284 GLASS 0
130 289 157 289 157 303 130 303 GLASS 0
168 333 183 333 183 355 168 355 GLASS 0
194 330 213.99999999999997 330 213.99999999999997 362 194 362 GLASS 0
174 316 183 316 183 330 174 330 GLASS 0
0 277 23 277 23 307 0 307 GLASS 0
0 332 29 332 29 360 0 360 GLASS 0
0 357 17 357 17 389 0 389 GLASS 0
14.999999999999998 364 29.999999999999996 364 29.999999999999996 384 14.999999999999998 384 GLASS 0
41 330 56 330 56 348 41 348 GLASS 0
46 353 61 353 61 371 46 371 GLASS 0
47 378 61 378 61 396 47 396 GLASS 0
59.99999999999999 344 70 344 70 366 59.99999999999999 366 GLASS 0
119.99999999999999 330 129 330 129 350 119.99999999999999 350 GLASS 0
119.99999999999999 359 129 359 129 373 119.99999999999999 373 GLASS 0
132 371 156 371 156 389 132 389 GLASS 0
165 366 174 366 174 380 165 380 GLASS 0
154 350 162 350 162 357 154 357 GLASS 0
183 366 189 366 189 386 183 386 GLASS 0
194 382 202 382 202 394 194 394 GLASS 0
206 362 218 362 218 378 206 378 GLASS 0
215.00000000000003 373 233 373 233 398 215.00000000000003 398 GLASS 0
235 369 241.00000000000003 369 241.00000000000003 378 235 378 GLASS 0
233 352 245 352 245 366 233 366 GLASS 0
245 364 252.99999999999997 364 252.99999999999997 382 245 382 GLASS 0
245 330 257 330 257 350 245 350 GLASS 0
259 335 269 335 269 353 259 353 GLASS 0
269 325 277 325 277 339 269 339 GLASS 0
292 332 326 332 326 357 292 357 GLASS 0
325 346 339 346 339 368 325 368 GLASS 0
283 353 313 353 313 385 283 385 GLASS 0
291 389 318 389 318 411 291 411 GLASS 0
244 396 259 396 259 414 244 414 GLASS 0
156 266 165 266 165 270 156 270 GLASS 0
203 237 211 237 211 246 203 246 GLASS 0
206 259 215.00000000000003 259 215.00000000000003 266 206 266 GLASS 0
218 262 225.99999999999997 262 225.99999999999997 271 218 271 GLASS 0
53 169 67 169 67 189 53 189 GLASS 0