238 252.99999999999997 370 252.99999999999997 370 396 238 396 GLASS 0
231 59 366 59 366 163 231 163 GLASS 0
33 224 183 224 183 383 33 383 GLASS 0
244 279 281 279 281 314 244 314 BIODEGRADABLE 0
285 268 363 268 363 305 285 305 BIODEGRADABLE 0
251.99999999999997 303 320 303 320 340 251.99999999999997 340 BIODEGRADABLE 0
318 309 362 309 362 379 318 379 BIODEGRADABLE 0
270 342 314 342 314 362 270 362 BIODEGRADABLE 0
274 364 322 364 322 390 274 390 BIODEGRADABLE 0
246 359 275 359 275 379 246 379 BIODEGRADABLE 0
246 337 275 337 275 361 246 361 BIODEGRADABLE 0
246 263 281 263 281 279 246 279 BIODEGRADABLE 0