238.99999999999997 242.00000000000003 364 242.00000000000003 364 306 238.99999999999997 306 GLASS 0
318 159 398 159 398 199 318 199 GLASS 0
257 118 339 118 339 142 257 142 GLASS 0
12 212 196 212 196 356 12 356 GLASS 0
103 191 223 191 223 250 103 250 GLASS 0
230 182 284 182 284 225.99999999999997 230 225.99999999999997 GLASS 0
280 188 339 188 339 229.00000000000003 280 229.00000000000003 GLASS 0
210 165 262 165 262 189 210 189 GLASS 0
225 136 252.99999999999997 136 252.99999999999997 150 225 150 GLASS 0
141 102 184 102 184 143 141 143 GLASS 0
93 123 146 123 146 139 93 139 GLASS 0
54.00000000000001 132 106.99999999999999 132 106.99999999999999 167 54.00000000000001 167 GLASS 0
37 174 94 174 94 191 37 191 GLASS 0
128 159 196 159 196 185 128 185 GLASS 0