0 255.00000000000003 178 255.00000000000003 178 415 0 415 GLASS 0
32 297 136 297 136 369 32 369 GLASS 0
97 275 129 275 129 301 97 301 GLASS 0
76 238 171 238 171 303 76 303 GLASS 0
136 259 179 259 179 325 136 325 GLASS 0
147 316 188 316 188 359 147 359 GLASS 0
171 269 229.00000000000003 269 229.00000000000003 351 171 351 GLASS 0
228.00000000000003 352 315 352 315 415 228.00000000000003 415 GLASS 0
196 273 371 273 371 415 196 415 GLASS 0
233 161 363 161 363 305 233 305 GLASS 0
263 147 345 147 345 291 263 291 GLASS 0
238.99999999999997 77 293 77 293 169 238.99999999999997 169 GLASS 0
237 67 261 67 261 81 237 81 GLASS 0
185 13 233 13 233 135 185 135 GLASS 0
218 121.00000000000001 238 121.00000000000001 238 170 218 170 GLASS 0
192 145 228.00000000000003 145 228.00000000000003 172 192 172 GLASS 0
173 135 207 135 207 157 173 157 GLASS 0
155 141 231 141 231 235 155 235 GLASS 0
149 199 179 199 179 235 149 235 GLASS 0
145 178 169 178 169 194 145 194 GLASS 0
173 236 207 236 207 264 173 264 GLASS 0
179 210 205 210 205 238 179 238 GLASS 0