264 205 372 205 372 415 264 415 GLASS 0
85 48 290 48 290 414 85 414 GLASS 0
354 228.00000000000003 415 228.00000000000003 415 415 354 415 GLASS 0
351 384 388 384 388 415 351 415 GLASS 0
152 263 246 263 246 387 152 387 GLASS 0
1 119.99999999999999 158 119.99999999999999 158 371 1 371 GLASS 0
2 254.00000000000003 90 254.00000000000003 90 407 2 407 GLASS 0
1 350 80 350 80 415 1 415 GLASS 0
91 346 205 346 205 415 91 415 GLASS 0
2 3 61 3 61 100 2 100 GLASS 0
1 41 38 41 38 129 1 129 GLASS 0
38 3 260 3 260 152 38 152 GLASS 0
286 14 416 14 416 150 286 150 GLASS 0
330 2 406 2 406 36 330 36 GLASS 0
238.99999999999997 34 350 34 350 143 238.99999999999997 143 GLASS 0
265 119 415 119 415 238.99999999999997 265 238.99999999999997 GLASS 0
1 2 415 2 415 415 1 415 GLASS 0