33 65 102 65 102 182 33 182 GLASS 0
65 284 123 284 123 374 65 374 GLASS 0
144 287 200 287 200 372 144 372 GLASS 0
224 284 278 284 278 340 224 340 GLASS 0
301 284 355 284 355 342 301 342 GLASS 0
127.00000000000001 65 198 65 198 181 127.00000000000001 181 GLASS 0
226.99999999999997 65 289 65 289 165 226.99999999999997 165 GLASS 0
324 67 384 67 384 168 324 168 GLASS 0
129 181 201 181 201 210 129 210 METAL 0
35 175 103 175 103 211 35 211 METAL 0
66 362 122 362 122 398 66 398 METAL 0
144 369 201 369 201 401 144 401 METAL 0
223 342 278 342 278 369 223 369 METAL 0
229.00000000000003 159 291 159 291 197 229.00000000000003 197 METAL 0
324 164 386 164 386 193 324 193 METAL 0
301 340 357 340 357 369 301 369 METAL 0