29 141 62.99999999999999 141 62.99999999999999 200 29 200 GLASS 0
67 130 106 130 106 198 67 198 GLASS 0
108.00000000000001 119.99999999999999 150 119.99999999999999 150 198 108.00000000000001 198 GLASS 0
154 110 196 110 196 200 154 200 GLASS 0
202 100 250 100 250 198 202 198 GLASS 0
255.00000000000003 76 311 76 311 200 255.00000000000003 200 GLASS 0
315 41 387 41 387 197 315 197 GLASS 0
31 346 62.99999999999999 346 62.99999999999999 402 31 402 GLASS 0
68 335 102 335 102 401 68 401 GLASS 0
108.00000000000001 324 148 324 148 402 108.00000000000001 402 GLASS 0
154 315 198 315 198 403 154 403 GLASS 0
200 305 251.99999999999997 305 251.99999999999997 403 200 403 GLASS 0
252.99999999999997 283 311 283 311 401 252.99999999999997 401 GLASS 0
311 246 379 246 379 400 311 400 GLASS 0
333 216.00000000000003 363 216.00000000000003 363 244 333 244 METAL 0
270 251.99999999999997 300 251.99999999999997 300 278 270 278 METAL 0
211 274 241.00000000000003 274 241.00000000000003 304 211 304 METAL 0
161 283 193 283 193 315 161 315 METAL 0
111 294 143 294 143 322 111 322 METAL 0
72 309 100 309 100 335 72 335 METAL 0
32 316 59.99999999999999 316 59.99999999999999 346 32 346 METAL 0
29.999999999999996 112.99999999999999 62 112.99999999999999 62 141 29.999999999999996 141 METAL 0
68 102 100 102 100 128 68 128 METAL 0
111 91 141 91 141 121.00000000000001 111 121.00000000000001 METAL 0
157 78 189 78 189 108.00000000000001 157 108.00000000000001 METAL 0
211 67 241.00000000000003 67 241.00000000000003 99 211 99 METAL 0
268 48 298 48 298 72 268 72 METAL 0
338 13 368 13 368 41 338 41 METAL 0