218 297 337 297 337 375 218 375 GLASS 0
89 168 271 168 271 298 89 298 GLASS 0
288 215.00000000000003 348 215.00000000000003 348 273 288 273 GLASS 0
174 65 288 65 288 151 174 151 GLASS 0
291 133 351 133 351 191 291 191 GLASS 0
256 34 344 34 344 100 256 100 GLASS 0
183 297 239.99999999999997 297 239.99999999999997 375 183 375 PLASTIC 0
42 180 104 180 104 286 42 286 PLASTIC 0
249 211 299 211 299 273 249 273 PLASTIC 0
252.99999999999997 132 306 132 306 192 252.99999999999997 192 PLASTIC 0
130 62 192 62 192 150 130 150 PLASTIC 0
218 35 268 35 268 98 218 98 PLASTIC 0