149 11 365 11 365 39 149 39 GLASS 0
17 12 112.99999999999999 12 112.99999999999999 49 17 49 GLASS 0
18 55 188 55 188 100 18 100 GLASS 0
205 62.99999999999999 365 62.99999999999999 365 99 205 99 GLASS 0
201 123 363 123 363 149 201 149 GLASS 0
190 171 367 171 367 208 190 208 GLASS 0
190 229.00000000000003 365 229.00000000000003 365 258 190 258 GLASS 0
201 270 365 270 365 334 201 334 GLASS 0
209 350 367 350 367 408 209 408 GLASS 0
17 229.00000000000003 181 229.00000000000003 181 311 17 311 GLASS 0
13 191 173 191 173 221 13 221 GLASS 0
14.999999999999998 123 188 123 188 170 14.999999999999998 170 GLASS 0
17 326 167 326 167 360 17 360 GLASS 0
17 376 190 376 190 404 17 404 GLASS 0