329 17 390 17 390 62.99999999999999 329 62.99999999999999 GLASS 0
368 39 414 39 414 89 368 89 GLASS 0
385 17 415 17 415 51 385 51 GLASS 0
272 13 318 13 318 52 272 52 GLASS 0
266 52 318 52 318 80 266 80 GLASS 0
294 50 346 50 346 91 294 91 GLASS 0
328 76 387 76 387 134 328 134 GLASS 0
372 74 414 74 414 112.99999999999999 372 112.99999999999999 GLASS 0
357 111 415 111 415 155 357 155 GLASS 0
353 154 414 154 414 220 353 220 GLASS 0
350 209 414 209 414 276 350 276 GLASS 0
309 285 394 285 394 333 309 333 GLASS 0
385 270 415 270 415 340 385 340 GLASS 0
341 342 405 342 405 388 341 388 GLASS 0
379 328 414 328 414 394 379 394 GLASS 0
294 324 338 324 338 372 294 372 GLASS 0
305 363 339 363 339 409 305 409 GLASS 0
339 385 403 385 403 413 339 413 GLASS 0
265 250 317 250 317 316 265 316 GLASS 0
269 215.00000000000003 309 215.00000000000003 309 251.99999999999997 269 251.99999999999997 GLASS 0
289 189 324 189 324 221 289 221 GLASS 0
316 187 351 187 351 219 316 219 GLASS 0
289 163 350 163 350 195 289 195 GLASS 0
317 131 359 131 359 174 317 174 GLASS 0
289 125.99999999999999 324 125.99999999999999 324 163 289 163 GLASS 0
298 85 337 85 337 131 298 131 GLASS 0
261 78 313 78 313 128 261 128 GLASS 0
1 378 22 378 22 414 1 414 GLASS 0
20 377 48 377 48 411 20 411 GLASS 0
44 381 78 381 78 415 44 415 GLASS 0
76 389 111 389 111 413 76 413 GLASS 0
111 392 131 392 131 410 111 410 GLASS 0
135 391 165 391 165 411 135 411 GLASS 0
165 381 180 381 180 411 165 411 GLASS 0
176 394 208 394 208 412 176 412 GLASS 0
225.99999999999997 309 268 309 268 375 225.99999999999997 375 GLASS 0
272 326 312 326 312 394 272 394 GLASS 0
185 351 244 351 244 401 185 401 GLASS 0
208 379 274 379 274 413 208 413 GLASS 0
274 376 330 376 330 411 274 411 GLASS 0
156 340 191 340 191 379 156 379 GLASS 0
122 350 170 350 170 376 122 376 GLASS 0
117 324 163 324 163 354 117 354 GLASS 0
155 296 209 296 209 344 155 344 GLASS 0
196 307 233 307 233 344 196 344 GLASS 0
152 259 212.99999999999997 259 212.99999999999997 294 152 294 GLASS 0
215.00000000000003 272 267 272 267 316 215.00000000000003 316 GLASS 0
161 78 238.99999999999997 78 238.99999999999997 128 161 128 GLASS 0
158 58 202 58 202 84 158 84 GLASS 0
189 24 235 24 235 78 189 78 GLASS 0
159 17 211 17 211 69 159 69 GLASS 0
134 22 176 22 176 70 134 70 GLASS 0
180 132 225.99999999999997 132 225.99999999999997 193 180 193 GLASS 0
218 145 268 145 268 191 218 191 GLASS 0
228.00000000000003 174 278 174 278 230 228.00000000000003 230 GLASS 0
207 220 257 220 257 257 207 257 GLASS 0
178 194 248 194 248 252.99999999999997 178 252.99999999999997 GLASS 0
124 200 166 200 166 251.99999999999997 124 251.99999999999997 GLASS 0
118 161 150 161 150 207 118 207 GLASS 0
150 146 185 146 185 178 150 178 GLASS 0
131 115 161 115 161 159 131 159 GLASS 0
74 353 122 353 122 388 74 388 GLASS 0
82 320 119 320 119 359 82 359 GLASS 0
2 341 24 341 24 385 2 385 GLASS 0
22 346 72 346 72 372 22 372 GLASS 0
45 322 87 322 87 350 45 350 GLASS 0
24 307 45 307 45 344 24 344 GLASS 0
35 282 85 282 85 322 35 322 GLASS 0
54.00000000000001 241.00000000000003 130 241.00000000000003 130 302 54.00000000000001 302 GLASS 0
106 263 165 263 165 319 106 319 GLASS 0
45 233 97 233 97 270 45 270 GLASS 0
80 198 132 198 132 238.99999999999997 80 238.99999999999997 GLASS 0
48 211 80 211 80 241.00000000000003 48 241.00000000000003 GLASS 0
6 217 59.99999999999999 217 59.99999999999999 281 6 281 GLASS 0
1 188 35 188 35 251.99999999999997 1 251.99999999999997 GLASS 0
19 183 67 183 67 220 19 220 GLASS 0
21 152 80 152 80 200 21 200 GLASS 0
80 119.99999999999999 125.99999999999999 119.99999999999999 125.99999999999999 174 80 174 GLASS 0
65 170 109 170 109 198 65 198 GLASS 0
24 109 78 109 78 168 24 168 GLASS 0
74 81 116 81 116 112.99999999999999 74 112.99999999999999 GLASS 0
109 67 168 67 168 117 109 117 GLASS 0
86 39 141 39 141 80 86 80 GLASS 0
93 14.999999999999998 145 14.999999999999998 145 59 93 59 GLASS 0
13 52 47 52 47 76 13 76 GLASS 0
24 34 69 34 69 71 24 71 GLASS 0
58 44 108.00000000000001 44 108.00000000000001 89 58 89 GLASS 0
1 14.999999999999998 41 14.999999999999998 41 50 1 50 GLASS 0
1 42 24 42 24 110 1 110 GLASS 0
24 69 83 69 83 108.00000000000001 24 108.00000000000001 GLASS 0
1 106.99999999999999 24 106.99999999999999 24 148 1 148 GLASS 0
1 145 24 145 24 191 1 191 GLASS 0
1 251 35 251 35 311 1 311 GLASS 0
0 309 29.999999999999996 309 29.999999999999996 343 0 343 GLASS 0
309 207 383 207 383 276 309 276 GLASS 0