212.99999999999997 157 305 157 305 259 212.99999999999997 259 GLASS 0
163 37 255.00000000000003 37 255.00000000000003 144 163 144 GLASS 0
303 267 355 267 355 359 303 359 GLASS 0
211 296 301 296 301 398 211 398 GLASS 0
115 303 207 303 207 405 115 405 GLASS 0
71 265 117 265 117 363 71 363 GLASS 0
117 167 215.00000000000003 167 215.00000000000003 276 117 276 GLASS 0
283 228.00000000000003 359 228.00000000000003 359 278 283 278 METAL 0
212.99999999999997 255.00000000000003 301 255.00000000000003 301 303 212.99999999999997 303 METAL 0
220 128 307 128 307 168 220 168 METAL 0
161 14.999999999999998 255.00000000000003 14.999999999999998 255.00000000000003 45 161 45 METAL 0
148 111 235 111 235 139 148 139 METAL 0
119 137 209 137 209 174 119 174 METAL 0
70 228.00000000000003 128 228.00000000000003 128 278 70 278 METAL 0
115 270 209 270 209 314 115 314 METAL 0
98 200 119.99999999999999 200 119.99999999999999 234 98 234 METAL 0