69 331 191 331 191 390 69 390 GLASS 0
95 314 215.00000000000003 314 215.00000000000003 357 95 357 GLASS 0
97 267 212.99999999999997 267 212.99999999999997 313 97 313 GLASS 0
76 275 192 275 192 320 76 320 GLASS 0
78 220 180 220 180 266 78 266 GLASS 0
76 172 180 172 180 216.00000000000003 76 216.00000000000003 GLASS 0
76 115 163 115 163 169 76 169 GLASS 0
78 69 156 69 156 111 78 111 GLASS 0
76 21 148 21 148 65 76 65 GLASS 0
182 339 270 339 270 385 182 385 GLASS 0
193 283 238.99999999999997 283 238.99999999999997 327 193 327 GLASS 0
181 241.00000000000003 237 241.00000000000003 237 280 181 280 GLASS 0
176 222 215.00000000000003 222 215.00000000000003 257 176 257 GLASS 0
174 169 216.00000000000003 169 216.00000000000003 209 174 209 GLASS 0
181 200 237 200 237 230 181 230 GLASS 0
172 150 235 150 235 184 172 184 GLASS 0
166 117 220 117 220 167 166 167 GLASS 0
163 71 217 71 217 117 163 117 GLASS 0
201 104 235 104 235 132 201 132 GLASS 0
147 52 235 52 235 86 147 86 GLASS 0