6 108.00000000000001 67 108.00000000000001 67 326 6 326 GLASS 0
74 109 137 109 137 325 74 325 GLASS 0
143 109 206 109 206 325 143 325 GLASS 0
212.99999999999997 109 274 109 274 327 212.99999999999997 327 GLASS 0
281 108.00000000000001 344 108.00000000000001 344 324 281 324 GLASS 0
351 109 414 109 414 325 351 325 GLASS 0
24 326 52 326 52 337 24 337 METAL 0
93 326 119 326 119 337 93 337 METAL 0
161 326 189 326 189 335 161 335 METAL 0
233 328 261 328 261 337 233 337 METAL 0
302 326 328 326 328 337 302 337 METAL 0
370 328 398 328 398 337 370 337 METAL 0