98 293 293 293 293 354 98 354 GLASS 0
104 231 273 231 273 287 104 287 GLASS 0
104 181 237 181 237 226.99999999999997 104 226.99999999999997 GLASS 0
106.99999999999999 135 237 135 237 179 106.99999999999999 179 GLASS 0
104 91 224 91 224 133 104 133 GLASS 0
106.99999999999999 53 205 53 205 90 106.99999999999999 90 GLASS 0
293 298 316 298 316 348 293 348 METAL 0
267 235 296 235 296 283 267 283 METAL 0
241.00000000000003 186 264 186 264 223 241.00000000000003 223 METAL 0
234 142 257 142 257 172 234 172 METAL 0
226.99999999999997 97 247 97 247 129 226.99999999999997 129 METAL 0
205 57.00000000000001 228.00000000000003 57.00000000000001 228.00000000000003 87 205 87 METAL 0