246 251 336 251 336 336 246 336 GLASS 0
94 251 184 251 184 339 94 339 GLASS 0
98 153 181 153 181 238.99999999999997 98 238.99999999999997 GLASS 0
94 55 181 55 181 140 94 140 GLASS 0
246 52 333 52 333 137 246 137 GLASS 0
246 150 336 150 336 235 246 235 GLASS 0
57.00000000000001 257 103 257 103 333 57.00000000000001 333 METAL 0
207 256 252.99999999999997 256 252.99999999999997 328 207 328 METAL 0
59 160 98 160 98 232 59 232 METAL 0
207 156 246 156 246 230 207 230 METAL 0
52 58 96 58 96 134 52 134 METAL 0
209 59 248 59 248 133 209 133 METAL 0