59.99999999999999 54.00000000000001 125.99999999999999 54.00000000000001 125.99999999999999 154 59.99999999999999 154 GLASS 0
118 164 198 164 198 270 118 270 GLASS 0
163 283 248 283 248 392 163 392 GLASS 0
198 193 212.99999999999997 193 212.99999999999997 281 198 281 GLASS 0
211 161 289 161 289 272 211 272 GLASS 0
121.00000000000001 26 204 26 204 130 121.00000000000001 130 GLASS 0
203 17 285 17 285 133 203 133 GLASS 0
283 56 327 56 327 163 283 163 GLASS 0
61 145 131 145 131 187 61 187 METAL 0
122 266 196 266 196 298 122 298 METAL 0
174 281 246 281 246 313 174 313 METAL 0
164 386 243 386 243 415 164 415 METAL 0
215.00000000000003 264 285 264 285 296 215.00000000000003 296 METAL 0
172 159 218 159 218 191 172 191 METAL 0
202 119 282 119 282 161 202 161 METAL 0
116 122 198 122 198 170 116 170 METAL 0
267 152 326 152 326 192 267 192 METAL 0
233 185 296 185 296 217 233 217 METAL 0
159 203 215.00000000000003 203 215.00000000000003 233 159 233 METAL 0