86 66 322 66 322 328 86 328 GLASS 0
364 245 414 245 414 331 364 331 GLASS 0
339 247 369 247 369 338 339 338 GLASS 0
313 251.99999999999997 345 251.99999999999997 345 330 313 330 GLASS 0
200 379 232 379 232 411 200 411 GLASS 0
223 387 264 387 264 415 223 415 GLASS 0
264 395 295 395 295 415 264 415 GLASS 0
291 400 322 400 322 415 291 415 GLASS 0
184 349 414 349 414 415 184 415 GLASS 0
0 2 414 2 414 216.00000000000003 0 216.00000000000003 GLASS 0
119.99999999999999 318 294 318 294 352 119.99999999999999 352 METAL 0