79 11 312 11 312 169 79 169 GLASS 0
50 200 316 200 316 404 50 404 GLASS 0
306 14.999999999999998 348 14.999999999999998 348 165 306 165 METAL 0
304 219 354 219 354 389 304 389 METAL 0
195 306 285 306 285 383 195 383 BIODEGRADABLE 0
217 208 285 208 285 287 217 287 BIODEGRADABLE 0
185 233 221 233 221 316 185 316 BIODEGRADABLE 0
125 212.99999999999997 191 212.99999999999997 191 283 125 283 BIODEGRADABLE 0
85 204 160 204 160 256 85 256 BIODEGRADABLE 0
66 254.00000000000003 152 254.00000000000003 152 340 66 340 BIODEGRADABLE 0
73 327 167 327 167 393 73 393 BIODEGRADABLE 0
154 352 210 352 210 396 154 396 BIODEGRADABLE 0
160 285 200 285 200 351 160 351 BIODEGRADABLE 0
219 371 292 371 292 398 219 398 BIODEGRADABLE 0