42 170 94 170 94 354 42 354 GLASS 0
103 283 161 283 161 393 103 393 GLASS 0
92 212.99999999999997 147 212.99999999999997 147 376 92 376 GLASS 0
117 71 198 71 198 236 117 236 GLASS 0
150 194 219 194 219 380 150 380 GLASS 0
215.00000000000003 236 265 236 265 397 215.00000000000003 397 GLASS 0
248 170 309 170 309 382 248 382 GLASS 0
201 142 255.00000000000003 142 255.00000000000003 234 201 234 GLASS 0
246 43 322 43 322 204 246 204 GLASS 0
306 114.00000000000001 378 114.00000000000001 378 333 306 333 GLASS 0
326 319 415 319 415 395 326 395 GLASS 0
47 127.00000000000001 92 127.00000000000001 92 170 47 170 METAL 0
97 163 142 163 142 208 97 208 METAL 0
111 234 157 234 157 279 111 279 METAL 0
162 148 207 148 207 193 162 193 METAL 0
137 28 179 28 179 71 137 71 METAL 0
201 99 246 99 246 142 201 142 METAL 0
251 119.99999999999999 299 119.99999999999999 299 165 251 165 METAL 0
275 1 319 1 319 41 275 41 METAL 0
322 69 368 69 368 110 322 110 METAL 0
293 335 330 335 330 391 293 391 METAL 0