25 93 169 93 169 161 25 161 GLASS 0
76 19 383 19 383 151 76 151 GLASS 0
27.000000000000004 177 161 177 161 234 27.000000000000004 234 GLASS 0
78 151 327 151 327 256 78 256 GLASS 0
27.000000000000004 250 125 250 125 298 27.000000000000004 298 GLASS 0
71 252.99999999999997 289 252.99999999999997 289 335 71 335 GLASS 0
27.000000000000004 313 121.00000000000001 313 121.00000000000001 353 27.000000000000004 353 GLASS 0
82 333 229.00000000000003 333 229.00000000000003 401 82 401 GLASS 0
161 91 203 91 203 161 161 161 METAL 0
379 45 410 45 410 123 379 123 METAL 0
328 168 354 168 354 239.99999999999997 328 239.99999999999997 METAL 0
158 179 189 179 189 236 158 236 METAL 0
285 264 316 264 316 328 285 328 METAL 0
125 251 156 251 156 299 125 299 METAL 0
119.99999999999999 315 151 315 151 355 119.99999999999999 355 METAL 0
229.00000000000003 340 258 340 258 396 229.00000000000003 396 METAL 0