331 85 394 85 394 331 331 331 GLASS 0
283 100 353 100 353 342 283 342 GLASS 0
230 117 302 117 302 363 230 363 GLASS 0
165 133 243 133 243 377 165 377 GLASS 0
94 119.99999999999999 174 119.99999999999999 174 364 94 364 GLASS 0
54.00000000000001 102 115 102 115 346 54.00000000000001 346 GLASS 0
19 87 78 87 78 333 19 333 GLASS 0
131 87 157 87 157 121.00000000000001 131 121.00000000000001 GLASS 0
154 102 189 102 189 211 154 211 GLASS 0
224 102 259 102 259 200 224 200 GLASS 0
205 85 235 85 235 137 205 137 GLASS 0
275 87 307 87 307 185 275 185 GLASS 0