259 204 415 204 415 317 259 317 GLASS 0
59 281 207 281 207 388 59 388 GLASS 0
62.99999999999999 100 209 100 209 209 62.99999999999999 209 GLASS 0
271 14.999999999999998 409 14.999999999999998 409 125.99999999999999 271 125.99999999999999 GLASS 0
204 204 276 204 276 317 204 317 METAL 0
1 281 71 281 71 396 1 396 METAL 0
6 100 74 100 74 211 6 211 METAL 0
204 14.999999999999998 278 14.999999999999998 278 124 204 124 METAL 0
74 106 94 106 94 124 74 124 BIODEGRADABLE 0
89 122 100 122 100 142 89 142 BIODEGRADABLE 0
89 145 111 145 111 161 89 161 BIODEGRADABLE 0
76 146 92 146 92 166 76 166 BIODEGRADABLE 0
93 161 108.00000000000001 161 108.00000000000001 187 93 187 BIODEGRADABLE 0
87 185 102 185 102 201 87 201 BIODEGRADABLE 0
69 172 82 172 82 200 69 200 BIODEGRADABLE 0
69 124 85 124 85 142 69 142 BIODEGRADABLE 0
100 110 111 110 111 130 100 130 BIODEGRADABLE 0
100 125.99999999999999 115 125.99999999999999 115 144 100 144 BIODEGRADABLE 0
111 141 122 141 122 157 111 157 BIODEGRADABLE 0
109 156 119.99999999999999 156 119.99999999999999 176 109 176 BIODEGRADABLE 0
117 165 130 165 130 185 117 185 BIODEGRADABLE 0
106 176 121.00000000000001 176 121.00000000000001 200 106 200 BIODEGRADABLE 0
119.99999999999999 183 135 183 135 198 119.99999999999999 198 BIODEGRADABLE 0
137 182 161 182 161 202 137 202 BIODEGRADABLE 0
133 171 142 171 142 191 133 191 BIODEGRADABLE 0
128 155 137 155 137 170 128 170 BIODEGRADABLE 0
111 135 125.99999999999999 135 125.99999999999999 163 111 163 BIODEGRADABLE 0
119.99999999999999 124 148 124 148 146 119.99999999999999 146 BIODEGRADABLE 0
137 139 165 139 165 159 137 159 BIODEGRADABLE 0
112.99999999999999 112.99999999999999 128 112.99999999999999 128 128 112.99999999999999 128 BIODEGRADABLE 0
130 115 148 115 148 135 130 135 BIODEGRADABLE 0
141 122 163 122 163 146 141 146 BIODEGRADABLE 0
146 112.99999999999999 157 112.99999999999999 157 125.99999999999999 146 125.99999999999999 BIODEGRADABLE 0
159 115 172 115 172 139 159 139 BIODEGRADABLE 0
168 125.99999999999999 181 125.99999999999999 181 146 168 146 BIODEGRADABLE 0
169 141 185 141 185 176 169 176 BIODEGRADABLE 0
159 144 168 144 168 168 159 168 BIODEGRADABLE 0
156 174 174 174 174 192 156 192 BIODEGRADABLE 0
169 176 191 176 191 202 169 202 BIODEGRADABLE 0
179 156 194 156 194 180 179 180 BIODEGRADABLE 0
185 176 201 176 201 202 185 202 BIODEGRADABLE 0
185 128 198 128 198 156 185 156 BIODEGRADABLE 0
170 128 183 128 183 154 170 154 BIODEGRADABLE 0
173 109 189 109 189 131 173 131 BIODEGRADABLE 0
185 112 200 112 200 128 185 128 BIODEGRADABLE 0
287 22 315 22 315 72 287 72 BIODEGRADABLE 0
276 62.99999999999999 304 62.99999999999999 304 117 276 117 BIODEGRADABLE 0
303 56 355 56 355 106 303 106 BIODEGRADABLE 0
338 61 366 61 366 111 338 111 BIODEGRADABLE 0
313 24 363 24 363 70 313 70 BIODEGRADABLE 0
357 21 396 21 396 62.99999999999999 357 62.99999999999999 BIODEGRADABLE 0
355 52 399 52 399 110 355 110 BIODEGRADABLE 0
270 220 296 220 296 251.99999999999997 270 251.99999999999997 PLASTIC 0
274 248 324 248 324 285 274 285 PLASTIC 0
279 270 309 270 309 309 279 309 PLASTIC 0
298 289 324 289 324 311 298 311 PLASTIC 0
294 220 326 220 326 250 294 250 PLASTIC 0
320 217 346 217 346 243 320 243 PLASTIC 0
313 238.99999999999997 350 238.99999999999997 350 304 313 304 PLASTIC 0
337 265 363 265 363 302 337 302 PLASTIC 0
339 231 361 231 361 266 339 266 PLASTIC 0
348 217 385 217 385 259 348 259 PLASTIC 0
344 263 379 263 379 302 344 302 PLASTIC 0
376 248 398 248 398 289 376 289 PLASTIC 0