100 305 380 305 380 394 100 394 GLASS 0
149 223 377 223 377 296 149 296 GLASS 0
187 154 375 154 375 213.99999999999997 187 213.99999999999997 GLASS 0
217 98 373 98 373 144 217 144 GLASS 0
256 54.00000000000001 373 54.00000000000001 373 89 256 89 GLASS 0
271 18 371 18 371 45 271 45 GLASS 0
16 331 102 331 102 377 16 377 PLASTIC 0
65 238 147 238 147 282 65 282 PLASTIC 0
102 164 188 164 188 206 102 206 PLASTIC 0
133 100 217 100 217 140 133 140 PLASTIC 0
176 52 258 52 258 90 176 90 PLASTIC 0
209 14.999999999999998 269 14.999999999999998 269 45 209 45 PLASTIC 0