1 1 415 1 415 415 1 415 GLASS 0
200 221 247 221 247 251 200 251 GLASS 0
163 207 197 207 197 226.99999999999997 163 226.99999999999997 GLASS 0
148 225 170 225 170 249 148 249 GLASS 0
146 264 180 264 180 290 146 290 GLASS 0
131 313 163 313 163 342 131 342 GLASS 0
153 323 187 323 187 344 153 344 GLASS 0
238 211 290 211 290 249 238 249 GLASS 0
260 172 298 172 298 200 260 200 GLASS 0
294 175 320 175 320 207 294 207 GLASS 0
296 204 316 204 316 218 296 218 GLASS 0
333 201 373 201 373 225 333 225 GLASS 0
365 88 389 88 389 116 365 116 GLASS 0
318 88 348 88 348 108.00000000000001 318 108.00000000000001 GLASS 0
303 82 316 82 316 112 303 112 GLASS 0
279 66 301 66 301 94 279 94 GLASS 0
159 106 199 106 199 140 159 140 GLASS 0
116 68 150 68 150 94 116 94 GLASS 0
114.00000000000001 93 150 93 150 117 114.00000000000001 117 GLASS 0
52 83 95 83 95 119 52 119 GLASS 0
65 47 112 47 112 77 65 77 GLASS 0
2 4 283 4 283 203 2 203 GLASS 0
2 132 182 132 182 278 2 278 GLASS 0
138 243 273 243 273 347 138 347 GLASS 0
2 296 112 296 112 415 2 415 GLASS 0
200 283 382 283 382 386 200 386 GLASS 0
256 71 378 71 378 182 256 182 GLASS 0
251 182 395 182 395 408 251 408 GLASS 0