2 69 184 69 184 147 2 147 GLASS 0
3 2 255.00000000000003 2 255.00000000000003 67 3 67 GLASS 0
2 169 180 169 180 252.99999999999997 2 252.99999999999997 GLASS 0
2 300 200 300 200 391 2 391 GLASS 0
3 247 269 247 269 311 3 311 GLASS 0
1 364 376 364 376 415 1 415 GLASS 0
198 301 289 301 289 366 198 366 GLASS 0
264 268 371 268 371 310 264 310 GLASS 0
248 210 376 210 376 250 248 250 GLASS 0
173 174 307 174 307 238.99999999999997 173 238.99999999999997 GLASS 0
2 132 316 132 316 172 2 172 GLASS 0
213.99999999999997 56 323 56 323 116 213.99999999999997 116 GLASS 0
244 6 364 6 364 59 244 59 GLASS 0
177 76 223 76 223 141 177 141 METAL 0
291 65 325 65 325 117 291 117 METAL 0