50 70 127.00000000000001 70 127.00000000000001 278 50 278 GLASS 0
102 56 179 56 179 156 102 156 GLASS 0
160 73 252.99999999999997 73 252.99999999999997 266 160 266 GLASS 0
112.99999999999999 176 198 176 198 336 112.99999999999999 336 GLASS 0
222 201 290 201 290 311 222 311 GLASS 0
231 53 338 53 338 176 231 176 GLASS 0
273 75 369 75 369 263 273 263 GLASS 0
110 153 170 153 170 181 110 181 METAL 0
52 281 125 281 125 303 52 303 METAL 0
118 334 193 334 193 364 118 364 METAL 0
169 263 245 263 245 293 169 293 METAL 0
220 311 288 311 288 336 220 336 METAL 0
232 168 338 168 338 212.99999999999997 232 212.99999999999997 METAL 0