13 37 235 37 235 311 13 311 GLASS 0
219 73 405 73 405 337 219 337 GLASS 0
33 302 218 302 218 365 33 365 METAL 0
225.99999999999997 329 400 329 400 385 225.99999999999997 385 METAL 0
238.99999999999997 99 352 99 352 285 238.99999999999997 285 BIODEGRADABLE 0
267 87 385 87 385 279 267 279 BIODEGRADABLE 0
302 95 348 95 348 187 302 187 BIODEGRADABLE 0
338 95 392 95 392 283 338 283 BIODEGRADABLE 0
320 267 357 267 357 313 320 313 BIODEGRADABLE 0
293 238.99999999999997 313 238.99999999999997 313 313 293 313 BIODEGRADABLE 0
270 191 290 191 290 307 270 307 BIODEGRADABLE 0
244 135 276 135 276 255.00000000000003 244 255.00000000000003 BIODEGRADABLE 0
241.00000000000003 200 259 200 259 276 241.00000000000003 276 BIODEGRADABLE 0
242.00000000000003 255.00000000000003 268 255.00000000000003 268 307 242.00000000000003 307 BIODEGRADABLE 0