248 341 270 341 270 359 248 359 GLASS 0
124 324 154 324 154 340 124 340 GLASS 0
65 313 95 313 95 329 65 329 GLASS 0
340 272 368 272 368 285 340 285 GLASS 0
342 228.00000000000003 362 228.00000000000003 362 244 342 244 GLASS 0
376 207 402 207 402 235 376 235 GLASS 0
387 170 409 170 409 192 387 192 GLASS 0
366 189 396 189 396 202 366 202 GLASS 0
370 169 386 169 386 191 370 191 GLASS 0
366 152 388 152 388 170 366 170 GLASS 0
348 150 370 150 370 172 348 172 GLASS 0
339 139 359 139 359 148 339 148 GLASS 0
331 122 359 122 359 150 331 150 GLASS 0
296 106 330 106 330 128 296 128 GLASS 0
305 85 335 85 335 117 305 117 GLASS 0
319 86 337 86 337 102 319 102 GLASS 0
298 71 320 71 320 95 298 95 GLASS 0
289 87 315 87 315 103 289 103 GLASS 0
287 54.00000000000001 315 54.00000000000001 315 76 287 76 GLASS 0
261 67 295 67 295 91 261 91 GLASS 0
238.99999999999997 81 281 81 281 115 238.99999999999997 115 GLASS 0
233 78 259 78 259 98 233 98 GLASS 0
215.00000000000003 72 243 72 243 104 215.00000000000003 104 GLASS 0
191 72 219 72 219 100 191 100 GLASS 0
182 56 198 56 198 76 182 76 GLASS 0
182 39 202 39 202 57.00000000000001 182 57.00000000000001 GLASS 0
157 57.00000000000001 183 57.00000000000001 183 85 157 85 GLASS 0
139 68 167 68 167 102 139 102 GLASS 0
124 48 152 48 152 70 124 70 GLASS 0
115 57.00000000000001 141 57.00000000000001 141 87 115 87 GLASS 0
112.99999999999999 85 141 85 141 105 112.99999999999999 105 GLASS 0
91 76 115 76 115 104 91 104 GLASS 0
76 85 104 85 104 111 76 111 GLASS 0
62.99999999999999 96 81 96 81 119.99999999999999 62.99999999999999 119.99999999999999 GLASS 0
52 102 80 102 80 119.99999999999999 52 119.99999999999999 GLASS 0
6 121.00000000000001 32 121.00000000000001 32 141 6 141 GLASS 0
2 141 20 141 20 157 2 157 GLASS 0
13 137 39 137 39 165 13 165 GLASS 0
29.999999999999996 129 59.99999999999999 129 59.99999999999999 159 29.999999999999996 159 GLASS 0
2 161 32 161 32 185 2 185 GLASS 0
8 191 26 191 26 204 8 204 GLASS 0
2 216.00000000000003 26 216.00000000000003 26 250 2 250 GLASS 0
2 254.00000000000003 22 254.00000000000003 22 276 2 276 GLASS 0
14.999999999999998 266 43 266 43 281 14.999999999999998 281 GLASS 0
237 318 261 318 261 342 237 342 GLASS 0
50 242.00000000000003 220 242.00000000000003 220 324 50 324 GLASS 0
24 161 106 161 106 279 24 279 GLASS 0
32 133 132 133 132 192 32 192 GLASS 0
70 106 181 106 181 165 70 165 GLASS 0
122 95 255.00000000000003 95 255.00000000000003 191 122 191 GLASS 0
150 139 213.99999999999997 139 213.99999999999997 296 150 296 GLASS 0
104 154 150 154 150 272 104 272 GLASS 0
209 102 257 102 257 313 209 313 GLASS 0
251.99999999999997 111 304 111 304 289 251.99999999999997 289 GLASS 0
293 122 335 122 335 244 293 244 GLASS 0
278 148 361 148 361 207 278 207 GLASS 0
242.00000000000003 174 340 174 340 220 242.00000000000003 220 GLASS 0
254.00000000000003 212.99999999999997 315 212.99999999999997 315 271 254.00000000000003 271 GLASS 0