53 231 201 231 201 277 53 277 GLASS 0
62 173 208 173 208 219 62 219 GLASS 0
69 114.00000000000001 217 114.00000000000001 217 162 69 162 GLASS 0
229.00000000000003 301 249 301 249 325 229.00000000000003 325 GLASS 0
249 307 265 307 265 323 249 323 GLASS 0
266 309 279 309 279 325 266 325 GLASS 0
234 264 254.00000000000003 264 254.00000000000003 282 234 282 GLASS 0
255.00000000000003 269 270 269 270 284 255.00000000000003 284 GLASS 0
269 273 279 273 279 281 269 281 GLASS 0
242.00000000000003 225 262 225 262 241.00000000000003 242.00000000000003 241.00000000000003 GLASS 0
257 236 273 236 273 247 257 247 GLASS 0
268 238 284 238 284 251 268 251 GLASS 0
273 193 284 193 284 206 273 206 GLASS 0
259 186 275 186 275 199 259 199 GLASS 0
243 177 258 177 258 195 243 195 GLASS 0
249 138 264 138 264 151 249 151 GLASS 0
258 149 273 149 273 164 258 164 GLASS 0
260 160 286 160 286 175 260 175 GLASS 0
252.99999999999997 123 287 123 287 138 252.99999999999997 138 GLASS 0
251 115 277 115 277 128 251 128 GLASS 0
251 99 264 99 264 114.00000000000001 251 114.00000000000001 GLASS 0
286 226.99999999999997 342 226.99999999999997 342 333 286 333 CARDBOARD 0
292 121.00000000000001 352 121.00000000000001 352 225 292 225 CARDBOARD 0
251 2 301 2 301 116 251 116 CARDBOARD 0
171 59.99999999999999 251 59.99999999999999 251 190 171 190 CARDBOARD 0
154 201 242.00000000000003 201 242.00000000000003 337 154 337 CARDBOARD 0
239.99999999999997 197 288 197 288 226.99999999999997 239.99999999999997 226.99999999999997 CARDBOARD 0
246 62.99999999999999 288 62.99999999999999 288 112.99999999999999 246 112.99999999999999 CARDBOARD 0
112.99999999999999 71 173 71 173 115 112.99999999999999 115 CARDBOARD 0
112 160 168 160 168 175 112 175 CARDBOARD 0
110 217 162 217 162 232 110 232 CARDBOARD 0
139 275 154 275 154 329 139 329 CARDBOARD 0
221 333 284 333 284 409 221 409 CARDBOARD 0