82 129 244 129 244 243 82 243 GLASS 0
242.00000000000003 288 299 288 299 376 242.00000000000003 376 GLASS 0
190 258 236 258 236 342 190 342 GLASS 0
181 250 199 250 199 294 181 294 GLASS 0
255.00000000000003 281 273 281 273 321 255.00000000000003 321 GLASS 0
308 302 337 302 337 323 308 323 GLASS 0
296 262 320 262 320 294 296 294 GLASS 0
280 252.99999999999997 294 252.99999999999997 294 285 280 285 GLASS 0
234 116 324 116 324 256 234 256 GLASS 0
246 80 304 80 304 135 246 135 GLASS 0
251.99999999999997 49 283 49 283 85 251.99999999999997 85 GLASS 0
218 34 249 34 249 66 218 66 GLASS 0
225.99999999999997 62 249 62 249 104 225.99999999999997 104 GLASS 0
212 91 236 91 236 137 212 137 GLASS 0
195 108.00000000000001 215.00000000000003 108.00000000000001 215.00000000000003 136 195 136 GLASS 0
166 135 189 135 189 171 166 171 GLASS 0
171 26 211 26 211 72 171 72 GLASS 0