133 173 268 173 268 385 133 385 GLASS 0
2 52 148 52 148 344 2 344 GLASS 0
141 104 169 104 169 182 141 182 GLASS 0
216.00000000000003 94 322 94 322 220 216.00000000000003 220 GLASS 0
309 71 375 71 375 191 309 191 GLASS 0
370 55 415 55 415 165 370 165 GLASS 0
2 2 125.99999999999999 2 125.99999999999999 52 2 52 METAL 0
255.00000000000003 228.00000000000003 351 228.00000000000003 351 352 255.00000000000003 352 METAL 0
141 84 176 84 176 106 141 106 METAL 0
217 50 324 50 324 104 217 104 METAL 0
141 32 238.99999999999997 32 238.99999999999997 78 141 78 METAL 0
111 2 203 2 203 39 111 39 METAL 0
167 0 254.00000000000003 0 254.00000000000003 14.999999999999998 167 14.999999999999998 METAL 0
192 13 298 13 298 52 192 52 METAL 0
274 28 378 28 378 80 274 80 METAL 0
249 0 346 0 346 32 249 32 METAL 0
333 9 415 9 415 59.99999999999999 333 59.99999999999999 METAL 0