77 45 413 45 413 75 77 75 GLASS 0
183 67 413 67 413 105 183 105 GLASS 0
33 108.00000000000001 413 108.00000000000001 413 147 33 147 GLASS 0
194 140 413 140 413 172 194 172 GLASS 0
251.99999999999997 191 412 191 412 219 251.99999999999997 219 GLASS 0
44 166 412 166 412 228.00000000000003 44 228.00000000000003 GLASS 0
168 224 412 224 412 254.00000000000003 168 254.00000000000003 GLASS 0
8 245 413 245 413 271 8 271 GLASS 0
168 257 412 257 412 291 168 291 GLASS 0
37 286 413 286 413 322 37 322 GLASS 0
186 311 412 311 412 346 186 346 GLASS 0
103 341 413 341 413 374 103 374 GLASS 0