284 115 351 115 351 271 284 271 GLASS 0
226.99999999999997 119 281 119 281 238.99999999999997 226.99999999999997 238.99999999999997 GLASS 0
177 125.99999999999999 226.99999999999997 125.99999999999999 226.99999999999997 219 177 219 GLASS 0
134 130 175 130 175 216.00000000000003 134 216.00000000000003 GLASS 0
93 130 134 130 134 206 93 206 GLASS 0
56 134 90 134 90 199 56 199 GLASS 0
58 199 88 199 88 226.99999999999997 58 226.99999999999997 PLASTIC 0
99 208 127.00000000000001 208 127.00000000000001 236 99 236 PLASTIC 0
139 216.00000000000003 169 216.00000000000003 169 246 139 246 PLASTIC 0
186 217 218 217 218 247 186 247 PLASTIC 0
239.99999999999997 243 270 243 270 271 239.99999999999997 271 PLASTIC 0
303 269 335 269 335 299 303 299 PLASTIC 0