220 133 276 133 276 168 220 168 GLASS 0
204 116 241.00000000000003 116 241.00000000000003 150 204 150 GLASS 0
172 135 204 135 204 157 172 157 GLASS 0
154 119.99999999999999 182 119.99999999999999 182 154 154 154 GLASS 0
119.99999999999999 133 154 133 154 167 119.99999999999999 167 GLASS 0
112.99999999999999 172 137 172 137 206 112.99999999999999 206 GLASS 0
122 154 174 154 174 212.99999999999997 122 212.99999999999997 GLASS 0
163 161 207 161 207 185 163 185 GLASS 0
185 187 238.99999999999997 187 238.99999999999997 237 185 237 GLASS 0
211 159 263 159 263 198 211 198 GLASS 0
237 169 276 169 276 212.99999999999997 237 212.99999999999997 GLASS 0
252.99999999999997 180 283 180 283 238.99999999999997 252.99999999999997 238.99999999999997 GLASS 0
246 226.99999999999997 285 226.99999999999997 285 261 246 261 GLASS 0
234 261 274 261 274 289 234 289 GLASS 0
212.99999999999997 231 252.99999999999997 231 252.99999999999997 270 212.99999999999997 270 GLASS 0
215.00000000000003 261 250 261 250 300 215.00000000000003 300 GLASS 0
190 267 222 267 222 313 190 313 GLASS 0
172 235 233 235 233 281 172 281 GLASS 0
168 276 198 276 198 318 168 318 GLASS 0
124 263 176 263 176 293 124 293 GLASS 0
104 224 174 224 174 261 104 261 GLASS 0
139 207 173 207 173 255.00000000000003 139 255.00000000000003 GLASS 0
102 196 141 196 141 228.00000000000003 102 228.00000000000003 GLASS 0