97 232 204 232 204 354 97 354 GLASS 0
95 286 163 286 163 374 95 374 GLASS 0
200 233 294 233 294 331 200 331 GLASS 0
232 215.00000000000003 309 215.00000000000003 309 341 232 341 GLASS 0
157 217 217 217 217 347 157 347 GLASS 0
152 318 178 318 178 379 152 379 GLASS 0
209 317 249 317 249 373 209 373 GLASS 0
84 150 159 150 159 230 84 230 GLASS 0
140 145 168 145 168 243 140 243 GLASS 0
165 161 226.99999999999997 161 226.99999999999997 221 165 221 GLASS 0
196 145 236 145 236 235 196 235 GLASS 0
86 24 184 24 184 146 86 146 GLASS 0
161 26 191 26 191 164 161 164 GLASS 0
193 39 275 39 275 150 193 150 GLASS 0
225.99999999999997 34 294 34 294 164 225.99999999999997 164 GLASS 0