123 241.00000000000003 237 241.00000000000003 237 397 123 397 GLASS 0
78 209 203 209 203 414 78 414 GLASS 0
235 228.00000000000003 315 228.00000000000003 315 342 235 342 GLASS 0
215.00000000000003 198 277 198 277 352 215.00000000000003 352 GLASS 0
299 221 355 221 355 314 299 314 GLASS 0
279 196 324 196 324 316 279 316 GLASS 0
125 19 231 19 231 185 125 185 GLASS 0
66 0 190 0 190 204 66 204 GLASS 0
222 74 304 74 304 192 222 192 GLASS 0
210 48 274 48 274 198 210 198 GLASS 0
297 90 349 90 349 183 297 183 GLASS 0
286 74 318 74 318 192 286 192 GLASS 0