246 28 350 28 350 142 246 142 GLASS 0
243 148 350 148 350 264 243 264 GLASS 0
67 26 174 26 174 140 67 140 GLASS 0
67 152 174 152 174 270 67 270 GLASS 0
69 282 176 282 176 396 69 396 GLASS 0
241.00000000000003 278 350 278 350 394 241.00000000000003 394 GLASS 0
207 31 246 31 246 137 207 137 METAL 0
206 157 248 157 248 259 206 259 METAL 0
211 285 248 285 248 387 211 387 METAL 0
33 289 72 289 72 391 33 391 METAL 0
29.999999999999996 159 70 159 70 261 29.999999999999996 261 METAL 0
32 35 72 35 72 137 32 137 METAL 0