284 86 350 86 350 296 284 296 GLASS 0
347 103 369 103 369 255.00000000000003 347 255.00000000000003 GLASS 0
222 84 286 84 286 266 222 266 GLASS 0
161 82 222 82 222 266 161 266 GLASS 0
100 84 160 84 160 262 100 262 GLASS 0
37 82 98 82 98 262 37 262 GLASS 0
228.00000000000003 264 272 264 272 356 228.00000000000003 356 PLASTIC 0
335 258 381 258 381 350 335 350 PLASTIC 0
167 264 212 264 212 352 167 352 PLASTIC 0
106.99999999999999 262 153 262 153 352 106.99999999999999 352 PLASTIC 0
45 262 93 262 93 348 45 348 PLASTIC 0