135 226.99999999999997 367 226.99999999999997 367 331 135 331 GLASS 0
40 293 265 293 265 393 40 393 GLASS 0
38 182 265 182 265 280 38 280 GLASS 0
133 112.99999999999999 367 112.99999999999999 367 220 133 220 GLASS 0
34 66 263 66 263 164 34 164 GLASS 0
137 2 369 2 369 106 137 106 GLASS 0
95 249 137 249 137 311 95 311 PLASTIC 0
301 298 399 298 399 411 301 411 PLASTIC 0
4 312 40 312 40 369 4 369 PLASTIC 0
2 202 36 202 36 260 2 260 PLASTIC 0
95 136 131 136 131 196 95 196 PLASTIC 0
1 87 32 87 32 146 1 146 PLASTIC 0
95 24 131 24 131 80 95 80 PLASTIC 0