3 2 41 2 41 24 3 24 GLASS 0
64 23 92 23 92 43 64 43 GLASS 0
3 20 57.00000000000001 20 57.00000000000001 65 3 65 GLASS 0
3 48 73 48 73 119 3 119 GLASS 0
2 131 43 131 43 196 2 196 GLASS 0
2 106 66 106 66 140 2 140 GLASS 0
3 195 53 195 53 261 3 261 GLASS 0
14 172 82 172 82 212 14 212 GLASS 0
48 125 123 125 123 181 48 181 GLASS 0
78 53 144 53 144 121.00000000000001 78 121.00000000000001 GLASS 0
98 2 150 2 150 47 98 47 GLASS 0
135 40 173 40 173 74 135 74 GLASS 0
141 2 209 2 209 41 141 41 GLASS 0
198 2 257 2 257 35 198 35 GLASS 0
223 46 275 46 275 106 223 106 GLASS 0
323 2 393 2 393 50 323 50 GLASS 0
298 50 373 50 373 92 298 92 GLASS 0
348 76 414 76 414 118 348 118 GLASS 0
318 91 400 91 400 137 318 137 GLASS 0
184 97 259 97 259 139 184 139 GLASS 0
171 77 203 77 203 116 171 116 GLASS 0
132 65 178 65 178 112.99999999999999 132 112.99999999999999 GLASS 0
144 119.99999999999999 187 119.99999999999999 187 148 144 148 GLASS 0
114.00000000000001 143 166 143 166 193 114.00000000000001 193 GLASS 0
128 184 178 184 178 224 128 224 GLASS 0
32 195 130 195 130 238.99999999999997 32 238.99999999999997 GLASS 0
96 229.00000000000003 171 229.00000000000003 171 271 96 271 GLASS 0
80 238 110 238 110 264 80 264 GLASS 0
2 251 59 251 59 290 2 290 GLASS 0
48 282 94 282 94 303 48 303 GLASS 0
82 280 132 280 132 303 82 303 GLASS 0
28 305 162 305 162 385 28 385 GLASS 0
223 392 292 392 292 415 223 415 GLASS 0
216.00000000000003 282 400 282 400 389 216.00000000000003 389 GLASS 0
359 223 415 223 415 302 359 302 GLASS 0
359 192 415 192 415 222 359 222 GLASS 0
382 373 415 373 415 404 382 404 GLASS 0
325 395 358 395 358 415 325 415 GLASS 0
129 384 187 384 187 415 129 415 GLASS 0
157 318 221 318 221 392 157 392 GLASS 0
100 407 123 407 123 415 100 415 GLASS 0
179 306 207 306 207 318 179 318 GLASS 0
212 282 234 282 234 316 212 316 GLASS 0
150 259 207 259 207 297 150 297 GLASS 0
191 235 245 235 245 268 191 268 GLASS 0
226.99999999999997 225.99999999999997 289 225.99999999999997 289 276 226.99999999999997 276 GLASS 0
226.99999999999997 177 291 177 291 231 226.99999999999997 231 GLASS 0
191 179 261 179 261 237 191 237 GLASS 0
175 206 216.00000000000003 206 216.00000000000003 239.99999999999997 175 239.99999999999997 GLASS 0
175 119 261 119 261 184 175 184 GLASS 0
307 124 345 124 345 180 307 180 GLASS 0
346 127.00000000000001 396 127.00000000000001 396 167 346 167 GLASS 0