303 80 414 80 414 163 303 163 GLASS 0
292 163 398 163 398 243 292 243 GLASS 0
272 243 376 243 376 326 272 326 GLASS 0
246 324 333 324 333 339 246 339 GLASS 0
154 225.99999999999997 261 225.99999999999997 261 306 154 306 GLASS 0
158 142 272 142 272 224 158 224 GLASS 0
24 167 133 167 133 255.00000000000003 24 255.00000000000003 GLASS 0
122 225.99999999999997 157 225.99999999999997 157 304 122 304 METAL 0
212.99999999999997 272 248 272 248 335 212.99999999999997 335 METAL 0
246 248 283 248 283 322 246 322 METAL 0
128 142 163 142 163 224 128 224 METAL 0
1 177 24 177 24 251.99999999999997 1 251.99999999999997 METAL 0
259 165 298 165 298 245 259 245 METAL 0
263 78 309 78 309 161 263 161 METAL 0
231 100 265 100 265 146 231 146 METAL 0