154 221 258 221 258 352 154 352 GLASS 0
29 266 130 266 130 399 29 399 GLASS 0
152 88 259 88 259 216.00000000000003 152 216.00000000000003 GLASS 0
276 166 383 166 383 264 276 264 GLASS 0
29 172 135 172 135 266 29 266 GLASS 0
28 43 135 43 135 169 28 169 GLASS 0
255.00000000000003 225 276 225 276 311 255.00000000000003 311 METAL 0
382 165 400 165 400 257 382 257 METAL 0
260 119.99999999999999 274 119.99999999999999 274 206 260 206 METAL 0
136 174 157 174 157 258 136 258 METAL 0
135 272 156 272 156 358 135 358 METAL 0
133 77 152 77 152 161 133 161 METAL 0