14.999999999999998 14.999999999999998 133 14.999999999999998 133 165 14.999999999999998 165 GLASS 0
13 216.00000000000003 133 216.00000000000003 133 370 13 370 GLASS 0
141 218 263 218 263 368 141 368 GLASS 0
272 213.99999999999997 392 213.99999999999997 392 370 272 370 GLASS 0
272 13 394 13 394 165 272 165 GLASS 0
141 11 265 11 265 165 141 165 GLASS 0
22 163 125.99999999999999 163 125.99999999999999 197 22 197 METAL 0
21 363 128 363 128 400 21 400 METAL 0
150 365 254.00000000000003 365 254.00000000000003 400 150 400 METAL 0
150 161 254.00000000000003 161 254.00000000000003 198 150 198 METAL 0
279 159 383 159 383 196 279 196 METAL 0
279 363 383 363 383 402 279 402 METAL 0