21 246 69 246 69 375 21 375 GLASS 0
22 78 111 78 111 160 22 160 GLASS 0
124 80 215.00000000000003 80 215.00000000000003 163 124 163 GLASS 0
168 244 231 244 231 379 168 379 GLASS 0
228.00000000000003 73 304 73 304 163 228.00000000000003 163 GLASS 0
327 55 390 55 390 159 327 159 GLASS 0
337 207 387 207 387 379 337 379 GLASS 0
252.99999999999997 263 311 263 311 377 252.99999999999997 377 GLASS 0
94 251.99999999999997 148 251.99999999999997 148 378 94 378 GLASS 0
28 230 62.99999999999999 230 62.99999999999999 248 28 248 METAL 0
36 67 102 67 102 78 36 78 METAL 0
137 67 200 67 200 80 137 80 METAL 0
231 59 300 59 300 72 231 72 METAL 0
105 228.00000000000003 137 228.00000000000003 137 254.00000000000003 105 254.00000000000003 METAL 0
181 229.00000000000003 218 229.00000000000003 218 242.00000000000003 181 242.00000000000003 METAL 0
252.99999999999997 225.99999999999997 311 225.99999999999997 311 265 252.99999999999997 265 PLASTIC 0
329 43 390 43 390 58 329 58 PLASTIC 0