298 232 414 232 414 341 298 341 GLASS 0
307 354 414 354 414 415 307 415 GLASS 0
91 353 414 353 414 415 91 415 GLASS 0
209 249 327 249 327 339 209 339 GLASS 0
150 165 414 165 414 263 150 263 GLASS 0
250 62 414 62 414 150 250 150 GLASS 0
139 9 414 9 414 92 139 92 GLASS 0
105 99 409 99 409 167 105 167 GLASS 0
39 167 237 167 237 217 39 217 GLASS 0
62 17 144 17 144 83 62 83 GLASS 0
73 228.00000000000003 219 228.00000000000003 219 286 73 286 GLASS 0
121.00000000000001 283 209 283 209 349 121.00000000000001 349 GLASS 0