109 312 391 312 391 362 109 362 GLASS 0
57.00000000000001 261 381 261 381 313 57.00000000000001 313 GLASS 0
50 209 389 209 389 261 50 261 GLASS 0
29.999999999999996 155 392 155 392 211 29.999999999999996 211 GLASS 0
29.999999999999996 100 392 100 392 157 29.999999999999996 157 GLASS 0
62 50 392 50 392 102 62 102 GLASS 0
97 329 106.99999999999999 329 106.99999999999999 349 97 349 METAL 0
43 276 55 276 55 298 43 298 METAL 0
40 222 52 222 52 246 40 246 METAL 0
14.999999999999998 168 29.999999999999996 168 29.999999999999996 194 14.999999999999998 194 METAL 0
14.999999999999998 115 25 115 25 137 14.999999999999998 137 METAL 0
47 64 57.00000000000001 64 57.00000000000001 85 47 85 METAL 0