233 8 409 8 409 82 233 82 GLASS 0
233 93 407 93 407 163 233 163 GLASS 0
233 177 409 177 409 249 233 249 GLASS 0
21 10 199 10 199 80 21 80 GLASS 0
23 91 199 91 199 167 23 167 GLASS 0
23 177 199 177 199 249 23 249 GLASS 0
21 258 199 258 199 333 21 333 GLASS 0
233 259 409 259 409 333 233 333 GLASS 0
233 338 409 338 409 413 233 413 GLASS 0
23 340 199 340 199 413 23 413 GLASS 0
210 29.999999999999996 233 29.999999999999996 233 62 210 62 PLASTIC 0
0 26 21 26 21 62.99999999999999 0 62.99999999999999 PLASTIC 0
0 111 25 111 25 147 0 147 PLASTIC 0
208 111 231 111 231 147 208 147 PLASTIC 0
209 195 235 195 235 231 209 231 PLASTIC 0
210 277 231 277 231 311 210 311 PLASTIC 0
212 358 237 358 237 392 212 392 PLASTIC 0
2 358 25 358 25 394 2 394 PLASTIC 0
2 277 23 277 23 313 2 313 PLASTIC 0