239.99999999999997 2 410 2 410 373 239.99999999999997 373 GLASS 0
127.00000000000001 65 246 65 246 339 127.00000000000001 339 GLASS 0
85 114.00000000000001 138 114.00000000000001 138 298 85 298 GLASS 0
47 137 100 137 100 268 47 268 GLASS 0
29 159 75 159 75 255.00000000000003 29 255.00000000000003 GLASS 0
2 168 38 168 38 243 2 243 GLASS 0
251 352 405 352 405 412 251 412 METAL 0
132 335 244 335 244 373 132 373 METAL 0
92 298 137 298 137 324 92 324 METAL 0
49 272 95 272 95 294 49 294 METAL 0
29.999999999999996 259 50 259 50 279 29.999999999999996 279 METAL 0
0 242.00000000000003 29 242.00000000000003 29 262 0 262 METAL 0