19 2 415 2 415 415 19 415 GLASS 0
106 3 270 3 270 179 106 179 GLASS 0
62 170 150 170 150 349 62 349 GLASS 0
22 2 62 2 62 170 22 170 GLASS 0
228.00000000000003 288 349 288 349 415 228.00000000000003 415 GLASS 0
236 35 326 35 326 281 236 281 GLASS 0
283 3 376 3 376 198 283 198 GLASS 0
155 258 241.00000000000003 258 241.00000000000003 386 155 386 GLASS 0
325 193 405 193 405 302 325 302 GLASS 0
362 3 409 3 409 168 362 168 GLASS 0
348 311 415 311 415 416 348 416 GLASS 0
351 137 415 137 415 320 351 320 GLASS 0
109 3 320 3 320 333 109 333 GLASS 0
24 3 106 3 106 151 24 151 GLASS 0
24 283 161 283 161 415 24 415 GLASS 0