70 289 366 289 366 415 70 415 GLASS 0
70 237 196 237 196 320 70 320 GLASS 0
70 144 294 144 294 268 70 268 GLASS 0
69 119.99999999999999 137 119.99999999999999 137 192 69 192 GLASS 0
69 28 238.99999999999997 28 238.99999999999997 130 69 130 GLASS 0
69 22 108.00000000000001 22 108.00000000000001 78 69 78 GLASS 0
135 130 174 130 174 182 135 182 PLASTIC 0
296 174 328 174 328 237 296 237 PLASTIC 0
365 335 400 335 400 399 365 399 PLASTIC 0
237 50 271 50 271 102 237 102 PLASTIC 0
109 28 143 28 143 72 109 72 PLASTIC 0