7 276 65 276 65 412 7 412 GLASS 0
92 278 150 278 150 410 92 410 GLASS 0
179 280 238.99999999999997 280 238.99999999999997 410 179 410 GLASS 0
266 276 326 276 326 410 266 410 GLASS 0
353 278 413 278 413 412 353 412 GLASS 0
5 47 62.99999999999999 47 62.99999999999999 177 5 177 GLASS 0
92 45 150 45 150 181 92 181 GLASS 0
179 47 238.99999999999997 47 238.99999999999997 177 179 177 GLASS 0
268 47 328 47 328 179 268 179 GLASS 0
355 47 411 47 411 175 355 175 GLASS 0
7 233 62.99999999999999 233 62.99999999999999 275 7 275 METAL 0
90 238.99999999999997 150 238.99999999999997 150 277 90 277 METAL 0
181 238.99999999999997 241.00000000000003 238.99999999999997 241.00000000000003 277 181 277 METAL 0
266 237 324 237 324 275 266 275 METAL 0
351 237 409 237 409 277 351 277 METAL 0
355 4 411 4 411 44 355 44 METAL 0
270 4 326 4 326 44 270 44 METAL 0
181 4 238.99999999999997 4 238.99999999999997 40 181 40 METAL 0
92 4 152 4 152 44 92 44 METAL 0
5 8 65 8 65 46 5 46 METAL 0