41 22 225.99999999999997 22 225.99999999999997 246 41 246 GLASS 0
83 187 287 187 287 399 83 399 GLASS 0
202 57.00000000000001 374 57.00000000000001 374 305 202 305 GLASS 0
224 112.99999999999999 298 112.99999999999999 298 191 224 191 BIODEGRADABLE 0
224 68 242.00000000000003 68 242.00000000000003 122 224 122 BIODEGRADABLE 0
233 73 299 73 299 117 233 117 BIODEGRADABLE 0
242.00000000000003 103 320 103 320 185 242.00000000000003 185 BIODEGRADABLE 0
220 185 298 185 298 209 220 209 BIODEGRADABLE 0
237 206 287 206 287 217 237 217 BIODEGRADABLE 0
291 183 363 183 363 217 291 217 BIODEGRADABLE 0
300 146 370 146 370 202 300 202 BIODEGRADABLE 0
320 134 368 134 368 176 320 176 BIODEGRADABLE 0
326 73 372 73 372 141 326 141 BIODEGRADABLE 0
305 99 329 99 329 139 305 139 BIODEGRADABLE 0
313 72 335 72 335 104 313 104 BIODEGRADABLE 0
289 69 337 69 337 106 289 106 BIODEGRADABLE 0
230 69 300 69 300 109 230 109 BIODEGRADABLE 0