36 242.00000000000003 168 242.00000000000003 168 312 36 312 GLASS 0
54.00000000000001 162 163 162 163 224 54.00000000000001 224 GLASS 0
54.00000000000001 80 162 80 162 144 54.00000000000001 144 GLASS 0
53 2 163 2 163 64 53 64 GLASS 0
157 68 257 68 257 125.99999999999999 157 125.99999999999999 GLASS 0
151 145 257 145 257 205 151 205 GLASS 0
151 225 259 225 259 291 151 291 GLASS 0
151 303 260 303 260 365 151 365 GLASS 0
247 350 353 350 353 410 247 410 GLASS 0
247 270 353 270 353 330 247 330 GLASS 0
245 195 351 195 351 257 245 257 GLASS 0
247 119 355 119 355 177 247 177 GLASS 0
4 99 71 99 71 343 4 343 PLASTIC 0
104 326 160 326 160 404 104 404 PLASTIC 0
161 168 230 168 230 212.99999999999997 161 212.99999999999997 PLASTIC 0
163 88 230 88 230 137 163 137 PLASTIC 0
165 11 226.99999999999997 11 226.99999999999997 56 165 56 PLASTIC 0
257 76 321 76 321 117 257 117 PLASTIC 0
258 152 324 152 324 197 258 197 PLASTIC 0
258 236 324 236 324 279 258 279 PLASTIC 0
260 310 324 310 324 355 260 355 PLASTIC 0
352 360 415 360 415 402 352 402 PLASTIC 0
355 279 413 279 413 324 355 324 PLASTIC 0
356 203 413 203 413 246 356 246 PLASTIC 0
352 127.00000000000001 415 127.00000000000001 415 169 352 169 PLASTIC 0