172 26 352 26 352 248 172 248 GLASS 0
235 115 389 115 389 326 235 326 GLASS 0
59 139 229.00000000000003 139 229.00000000000003 399 59 399 GLASS 0
22 93 150 93 150 278 22 278 GLASS 0
72 144 112.99999999999999 144 112.99999999999999 172 72 172 BIODEGRADABLE 0
106 187 141 187 141 212.99999999999997 106 212.99999999999997 BIODEGRADABLE 0
111 161 143 161 143 185 111 185 BIODEGRADABLE 0
76 176 104 176 104 197 76 197 BIODEGRADABLE 0
112.99999999999999 117 141 117 141 156 112.99999999999999 156 BIODEGRADABLE 0
102 109 132 109 132 137 102 137 BIODEGRADABLE 0
69 100 112.99999999999999 100 112.99999999999999 128 69 128 BIODEGRADABLE 0
57.00000000000001 124 98 124 98 158 57.00000000000001 158 BIODEGRADABLE 0
54.00000000000001 157 86 157 86 192 54.00000000000001 192 BIODEGRADABLE 0
26 143 59.99999999999999 143 59.99999999999999 193 26 193 BIODEGRADABLE 0
26 189 54.00000000000001 189 54.00000000000001 205 26 205 BIODEGRADABLE 0
29.999999999999996 106 58 106 58 145 29.999999999999996 145 BIODEGRADABLE 0
48 104 82 104 82 141 48 141 BIODEGRADABLE 0
346 170 380 170 380 216.00000000000003 346 216.00000000000003 BIODEGRADABLE 0
322 161 370 161 370 207 322 207 BIODEGRADABLE 0
355 137 381 137 381 159 355 159 BIODEGRADABLE 0
342 128 368 128 368 150 342 150 BIODEGRADABLE 0
304 125.99999999999999 339 125.99999999999999 339 158 304 158 BIODEGRADABLE 0
259 130 298 130 298 156 259 156 BIODEGRADABLE 0
302 209 346 209 346 231 302 231 BIODEGRADABLE 0
289 217 333 217 333 241.00000000000003 289 241.00000000000003 BIODEGRADABLE 0