182 64 280 64 280 102 182 102 GLASS 0
182 116 282 116 282 154 182 154 GLASS 0
182 169 282 169 282 207 182 207 GLASS 0
184 223 280 223 280 261 184 261 GLASS 0
182 275 280 275 280 313 182 313 GLASS 0
184 329 282 329 282 367 184 367 GLASS 0
108.00000000000001 67 182 67 182 99 108.00000000000001 99 PLASTIC 0
110 119 180 119 180 149 110 149 PLASTIC 0
110 172 180 172 180 204 110 204 PLASTIC 0
106 225.99999999999997 182 225.99999999999997 182 258 106 258 PLASTIC 0
110 278 182 278 182 310 110 310 PLASTIC 0
111 332 185 332 185 362 111 362 PLASTIC 0