10 160 408 160 408 260 10 260 GLASS 0
83 138 342 138 342 183 83 183 GLASS 0
98 88 322 88 322 142 98 142 GLASS 0
115 76 313 76 313 103 115 103 GLASS 0
121.00000000000001 41 293 41 293 79 121.00000000000001 79 GLASS 0
136 29.999999999999996 274 29.999999999999996 274 54.00000000000001 136 54.00000000000001 GLASS 0
149 4 257 4 257 29 149 29 GLASS 0
73 252.99999999999997 355 252.99999999999997 355 316 73 316 GLASS 0
88 294 332 294 332 339 88 339 GLASS 0
115 334 311 334 311 377 115 377 GLASS 0
121.00000000000001 357 295 357 295 386 121.00000000000001 386 GLASS 0
131 383 275 383 275 415 131 415 GLASS 0
320 104 330 104 330 129 320 129 METAL 0
315 90 319 90 319 104 315 104 METAL 0
291 58 301 58 301 74 291 74 METAL 0
276 45 284 45 284 54.00000000000001 276 54.00000000000001 METAL 0
259 14.999999999999998 265 14.999999999999998 265 27.000000000000004 259 27.000000000000004 METAL 0
343 159 349 159 349 183 343 183 METAL 0
404 188 415 188 415 230 404 230 METAL 0
357 268 367 268 367 296 357 296 METAL 0
334 296 344 296 344 321 334 321 METAL 0
311 341 319 341 319 364 311 364 METAL 0
295 363 301 363 301 375 295 375 METAL 0
278 393 282 393 282 405 278 405 METAL 0