56 367 130 367 130 414 56 414 GLASS 0
2 380 52 380 52 414 2 414 GLASS 0
2 324 50 324 50 399 2 399 GLASS 0
39 313 145 313 145 386 39 386 GLASS 0
2 281 62 281 62 343 2 343 GLASS 0
25 277 112.99999999999999 277 112.99999999999999 345 25 345 GLASS 0
127.00000000000001 367 207 367 207 414 127.00000000000001 414 GLASS 0
183 343 244 343 244 414 183 414 GLASS 0
147 287 248 287 248 371 147 371 GLASS 0
103 324 147 324 147 362 103 362 GLASS 0
122 296 164 296 164 332 122 332 GLASS 0
106 252.99999999999997 199 252.99999999999997 199 315 106 315 GLASS 0
76 264 129 264 129 304 76 304 GLASS 0
90 225.99999999999997 136 225.99999999999997 136 260 90 260 GLASS 0
37 210 93 210 93 281 37 281 GLASS 0
2 165 92 165 92 257 2 257 GLASS 0
2 236 44 236 44 286 2 286 GLASS 0
71 170 155 170 155 238 71 238 GLASS 0
48 105 92 105 92 150 48 150 GLASS 0
19 123 85 123 85 170 19 170 GLASS 0
2 94 46 94 46 144 2 144 GLASS 0
2 135 31 135 31 163 2 163 GLASS 0
5 69 66 69 66 121.00000000000001 5 121.00000000000001 GLASS 0
2 28 40 28 40 73 2 73 GLASS 0
36 41 84 41 84 75 36 75 GLASS 0
1 0 83 0 83 50 1 50 GLASS 0
358 270 415 270 415 384 358 384 GLASS 0
296 296 368 296 368 414 296 414 GLASS 0
277 369 330 369 330 414 277 414 GLASS 0
238 352 300 352 300 414 238 414 GLASS 0
267 324 309 324 309 364 267 364 GLASS 0
220 305 286 305 286 363 220 363 GLASS 0
357 348 415 348 415 414 357 414 GLASS 0
390 311 415 311 415 389 390 389 GLASS 0
261 234 291 234 291 302 261 302 GLASS 0
243 206 275 206 275 277 243 277 GLASS 0
220 224 256 224 256 292 220 292 GLASS 0
185 202 237 202 237 258 185 258 GLASS 0
138 208 215.00000000000003 208 215.00000000000003 288 138 288 GLASS 0
161 172 191 172 191 219 161 219 GLASS 0
98 161 156 161 156 236 98 236 GLASS 0
236 78 302 78 302 146 236 146 GLASS 0
196 78 239.99999999999997 78 239.99999999999997 170 196 170 GLASS 0
159 84 207 84 207 127.00000000000001 159 127.00000000000001 GLASS 0
135 122 183 122 183 178 135 178 GLASS 0
127.00000000000001 92 156 92 156 152 127.00000000000001 152 GLASS 0
90 82 125.99999999999999 82 125.99999999999999 166 90 166 GLASS 0
249 121.00000000000001 318 121.00000000000001 318 189 249 189 GLASS 0
288 140 357 140 357 215.00000000000003 288 215.00000000000003 GLASS 0
333 215.00000000000003 397 215.00000000000003 397 275 333 275 GLASS 0
293 223 354 223 354 298 293 298 GLASS 0
393 208 415 208 415 268 393 268 GLASS 0
390 137 415 137 415 234 390 234 GLASS 0
355 119.99999999999999 400 119.99999999999999 400 165 355 165 GLASS 0
1 0 416 0 416 415 1 415 GLASS 0
310 92 354 92 354 142 310 142 GLASS 0
296 52 338 52 338 116 296 116 GLASS 0
256 14.999999999999998 312 14.999999999999998 312 45 256 45 GLASS 0
244 41 302 41 302 84 244 84 GLASS 0
216.00000000000003 14.999999999999998 256 14.999999999999998 256 51 216.00000000000003 51 GLASS 0
209 39 251 39 251 77 209 77 GLASS 0
180 17 217 17 217 64 180 64 GLASS 0
130 17 180 17 180 90 130 90 GLASS 0
90 11 136 11 136 88 90 88 GLASS 0
64 1 164 1 164 39 64 39 GLASS 0
155 0 230 0 230 35 155 35 GLASS 0
220 1 316 1 316 39 220 39 GLASS 0
317 2 373 2 373 32 317 32 GLASS 0
328 26 388 26 388 92 328 92 GLASS 0
347 84 415 84 415 119.99999999999999 347 119.99999999999999 GLASS 0
386 24 416 24 416 86 386 86 GLASS 0
368 0 415 0 415 24 368 24 GLASS 0