174 4 238.99999999999997 4 238.99999999999997 398 174 398 GLASS 0
145 25 192 25 192 382 145 382 GLASS 0
112 41 156 41 156 366 112 366 GLASS 0
74 50 118 50 118 362 74 362 GLASS 0
224 25 266 25 266 382 224 382 GLASS 0
260 39 301 39 301 367 260 367 GLASS 0
297 48 344 48 344 357 297 357 GLASS 0
192 391 224 391 224 409 192 409 METAL 0
164 380 188 380 188 392 164 392 METAL 0
129 369 153 369 153 378 129 378 METAL 0
93 355 115 355 115 369 93 369 METAL 0
225.99999999999997 375 252.99999999999997 375 252.99999999999997 389 225.99999999999997 389 METAL 0
267 359 291 359 291 373 267 373 METAL 0
307 352 331 352 331 366 307 366 METAL 0