11 190 76 190 76 333 11 333 GLASS 0
79 175 150 175 150 331 79 331 GLASS 0
148 162 220 162 220 277 148 277 GLASS 0
231 149 303 149 303 259 231 259 GLASS 0
305 119 403 119 403 327 305 327 GLASS 0
309 213.99999999999997 387 213.99999999999997 387 376 309 376 GLASS 0
243 229.00000000000003 309 229.00000000000003 309 379 243 379 GLASS 0
180 249 241.00000000000003 249 241.00000000000003 371 180 371 GLASS 0
119.99999999999999 292 176 292 176 378 119.99999999999999 378 GLASS 0
124 244 176 244 176 294 124 294 PLASTIC 0
94 143 133 143 133 175 94 175 PLASTIC 0
22 156 65 156 65 188 22 188 PLASTIC 0
183 201 233 201 233 247 183 247 PLASTIC 0
168 132 205 132 205 162 168 162 PLASTIC 0
246 117 285 117 285 149 246 149 PLASTIC 0
248 188 302 188 302 226.99999999999997 248 226.99999999999997 PLASTIC 0
320 167 376 167 376 213.99999999999997 320 213.99999999999997 PLASTIC 0
335 85 374 85 374 119 335 119 PLASTIC 0