231 2 297 2 297 108.00000000000001 231 108.00000000000001 GLASS 0
255.00000000000003 78 274 78 274 125.99999999999999 255.00000000000003 125.99999999999999 GLASS 0
280 75 292 75 292 110 280 110 GLASS 0
238.99999999999997 151 307 151 307 212.99999999999997 238.99999999999997 212.99999999999997 GLASS 0
251.99999999999997 48 341 48 341 204 251.99999999999997 204 GLASS 0
348 73 376 73 376 138 348 138 GLASS 0
371 41 395 41 395 93 371 93 GLASS 0
367 150 387 150 387 188 367 188 GLASS 0
286 193 348 193 348 286 286 286 GLASS 0
341 208 359 208 359 271 341 271 GLASS 0
354 211 374 211 374 294 354 294 GLASS 0
370 201 412 201 412 249 370 249 GLASS 0
370 261 389 261 389 309 370 309 GLASS 0
393 258 411 258 411 278 393 278 GLASS 0
391 329 415 329 415 364 391 364 GLASS 0
377 379 388 379 388 399 377 399 GLASS 0
367 364 381 364 381 379 367 379 GLASS 0
344 314 366 314 366 349 344 349 GLASS 0
325 333 336 333 336 371 325 371 GLASS 0
325 374 353 374 353 416 325 416 GLASS 0
297 351 320 351 320 415 297 415 GLASS 0
299 293 319 293 319 331 299 331 GLASS 0
270 296 282 296 282 314 270 314 GLASS 0
274 361 286 361 286 399 274 399 GLASS 0
239.99999999999997 309 281 309 281 349 239.99999999999997 349 GLASS 0
229.00000000000003 246 266 246 266 294 229.00000000000003 294 GLASS 0
207 146 337 146 337 246 207 246 GLASS 0
167 14.999999999999998 232 14.999999999999998 232 153 167 153 GLASS 0
148 35 170 35 170 70 148 70 GLASS 0
159 131 223 131 223 241.00000000000003 159 241.00000000000003 GLASS 0
112 125.99999999999999 164 125.99999999999999 164 228.00000000000003 112 228.00000000000003 GLASS 0
193 271 219 271 219 343 193 343 GLASS 0
208 328 238 328 238 366 208 366 GLASS 0
201 356 246 356 246 415 201 415 GLASS 0
225.99999999999997 381 281 381 281 415 225.99999999999997 415 GLASS 0
157 376 206 376 206 415 157 415 GLASS 0
119 331 184 331 184 399 119 399 GLASS 0
99 379 136 379 136 404 99 404 GLASS 0
100 286 186 286 186 371 100 371 GLASS 0
167 314 181 314 181 344 167 344 GLASS 0
100 283 167 283 167 341 100 341 GLASS 0
130 251 197 251 197 286 130 286 GLASS 0
119.99999999999999 236 170 236 170 276 119.99999999999999 276 GLASS 0
69 238 128 238 128 286 69 286 GLASS 0
1 186 110 186 110 223 1 223 GLASS 0
1 102 85 102 85 219 1 219 GLASS 0
23 123 74 123 74 178 23 178 GLASS 0
88 14.999999999999998 147 14.999999999999998 147 112.99999999999999 88 112.99999999999999 GLASS 0
33 88 61 88 61 116 33 116 GLASS 0
59.99999999999999 88 86 88 86 118 59.99999999999999 118 GLASS 0
26 10 89 10 89 110 26 110 GLASS 0
29.999999999999996 3 62 3 62 81 29.999999999999996 81 GLASS 0
59 3 87 3 87 45 59 45 GLASS 0
32 206 106 206 106 306 32 306 GLASS 0
3 296 57.00000000000001 296 57.00000000000001 366 3 366 GLASS 0
55 313 83 313 83 341 55 341 GLASS 0
69 331 91 331 91 369 69 369 GLASS 0
57.00000000000001 366 97 366 97 415 57.00000000000001 415 GLASS 0
5 364 33 364 33 394 5 394 GLASS 0
213.99999999999997 251 238 251 238 266 213.99999999999997 266 GLASS 0