146 161 368 161 368 301 146 301 GLASS 0
68 29 330 29 330 179 68 179 GLASS 0
68 232 328 232 328 370 68 370 GLASS 0
138 41 164 41 164 143 138 143 BIODEGRADABLE 0
155 43 179 43 179 159 155 159 BIODEGRADABLE 0
177 51 195 51 195 161 177 161 BIODEGRADABLE 0
189 47 212.99999999999997 47 212.99999999999997 157 189 157 BIODEGRADABLE 0
209 51 223 51 223 167 209 167 BIODEGRADABLE 0
222 49 236 49 236 161 222 161 BIODEGRADABLE 0
238 55 256 55 256 161 238 161 BIODEGRADABLE 0
252.99999999999997 53 273 53 273 161 252.99999999999997 161 BIODEGRADABLE 0
272 55 288 55 288 161 272 161 BIODEGRADABLE 0
285 55 302 55 302 157 285 157 BIODEGRADABLE 0
302 62.99999999999999 318 62.99999999999999 318 159 302 159 BIODEGRADABLE 0
255.00000000000003 179 296 179 296 287 255.00000000000003 287 BIODEGRADABLE 0
295 191 311 191 311 285 295 285 BIODEGRADABLE 0
309 203 326 203 326 295 309 295 BIODEGRADABLE 0
323 197 339 197 339 293 323 293 BIODEGRADABLE 0
340 197 360 197 360 288 340 288 BIODEGRADABLE 0
145 260 184 260 184 356 145 356 BIODEGRADABLE 0
187 256 233 256 233 358 187 358 BIODEGRADABLE 0
225.99999999999997 258 274 258 274 350 225.99999999999997 350 BIODEGRADABLE 0
258 256 314 256 314 352 258 352 BIODEGRADABLE 0