329 4 379 4 379 38 329 38 GLASS 0
273 2 319 2 319 44 273 44 GLASS 0
248 2 269 2 269 29 248 29 GLASS 0
221 4 251.99999999999997 4 251.99999999999997 27.000000000000004 221 27.000000000000004 GLASS 0
77 42 108.00000000000001 42 108.00000000000001 73 77 73 GLASS 0
50 50 79 50 79 84 50 84 GLASS 0
32 77 50 77 50 98 32 98 GLASS 0
1 78 21 78 21 115 1 115 GLASS 0
1 299 21 299 21 325 1 325 GLASS 0
87 354 123 354 123 385 87 385 GLASS 0
19 373 69 373 69 404 19 404 GLASS 0
364 333 389 333 389 351 364 351 GLASS 0
291 354 325 354 325 396 291 396 GLASS 0
383 289 412 289 412 323 383 323 GLASS 0
369 264 400 264 400 298 369 298 GLASS 0
396 247 414 247 414 281 396 281 GLASS 0
381 216.00000000000003 415 216.00000000000003 415 262 381 262 GLASS 0
393 158 414 158 414 218 393 218 GLASS 0
396 135 414 135 414 175 396 175 GLASS 0
385 88 414 88 414 138 385 138 GLASS 0
366 69 412 69 412 115 366 115 GLASS 0
352 46 394 46 394 88 352 88 GLASS 0
325 39 352 39 352 73 325 73 GLASS 0
150 27.000000000000004 190 27.000000000000004 190 61 150 61 GLASS 0
177 25 206 25 206 46 177 46 GLASS 0
123 54.00000000000001 161 54.00000000000001 161 77 123 77 GLASS 0
125 358 171 358 171 389 125 389 GLASS 0
171 375 196 375 196 400 171 400 GLASS 0
177 352 206 352 206 392 177 392 GLASS 0
204 345 244 345 244 387 204 387 GLASS 0
241.00000000000003 354 277 354 277 394 241.00000000000003 394 GLASS 0
48 304 100 304 100 329 48 329 GLASS 0
21 267 52 267 52 308 21 308 GLASS 0
1 259 36 259 36 290 1 290 GLASS 0
46 262 77 262 77 295 46 295 GLASS 0
73 258 98 258 98 298 73 298 GLASS 0
3 229.00000000000003 65 229.00000000000003 65 263 3 263 GLASS 0
14.999999999999998 210 57.00000000000001 210 57.00000000000001 235 14.999999999999998 235 GLASS 0
0 191 40 191 40 226.99999999999997 0 226.99999999999997 GLASS 0
1 162 19 162 19 196 1 196 GLASS 0
1 143 13 143 13 164 1 164 GLASS 0
1 116 29 116 29 144 1 144 GLASS 0
25 123 50 123 50 161 25 161 GLASS 0
21 146 48 146 48 184 21 184 GLASS 0
46 123 69 123 69 183 46 183 GLASS 0
39 88 73 88 73 115 39 115 GLASS 0
61 102 92 102 92 138 61 138 GLASS 0
58 202 79 202 79 246 58 246 GLASS 0
71 233 100 233 100 262 71 262 GLASS 0
77 204 102 204 102 235 77 235 GLASS 0
66 175 100 175 100 211 66 211 GLASS 0
66 131 102 131 102 179 66 179 GLASS 0
96 262 119 262 119 298 96 298 GLASS 0
117 329 148 329 148 354 117 354 GLASS 0
104 302 138 302 138 333 104 333 GLASS 0
112 231 210 231 210 299 112 299 GLASS 0
102 154 198 154 198 254.00000000000003 102 254.00000000000003 GLASS 0
112 94 212 94 212 160 112 160 GLASS 0
83 84 156 84 156 140 83 140 GLASS 0
154 50 246 50 246 127.00000000000001 154 127.00000000000001 GLASS 0
181 44 204 44 204 65 181 65 GLASS 0
225 34 285 34 285 88 225 88 GLASS 0
251.99999999999997 42 338 42 338 125 251.99999999999997 125 GLASS 0
190 117 312 117 312 217 190 217 GLASS 0
287 89 391 89 391 229.00000000000003 287 229.00000000000003 GLASS 0
264 198 389 198 389 292 264 292 GLASS 0
167 200 285 200 285 306 167 306 GLASS 0
142 310 188 310 188 358 142 358 GLASS 0
187 308 235 308 235 350 187 350 GLASS 0
233 308 281 308 281 352 233 352 GLASS 0
277 291 331 291 331 341 277 341 GLASS 0
320 298 364 298 364 348 320 348 GLASS 0
360 299 394 299 394 335 360 335 GLASS 0