1 2 389 2 389 415 1 415 GLASS 0
250 2 339 2 339 132 250 132 GLASS 0
332 5 386 5 386 125 332 125 GLASS 0
336 3 392 3 392 69 336 69 GLASS 0
338 92 390 92 390 146 338 146 GLASS 0
336 141 387 141 387 261 336 261 GLASS 0
323 129 348 129 348 221 323 221 GLASS 0
312 134 330 134 330 207 312 207 GLASS 0
288 109 322 109 322 205 288 205 GLASS 0
122 3 259 3 259 83 122 83 GLASS 0
119 3 151 3 151 36 119 36 GLASS 0
78 3 138 3 138 118 78 118 GLASS 0
41 3 82 3 82 57.00000000000001 41 57.00000000000001 GLASS 0
100 76 250 76 250 278 100 278 GLASS 0
205 77 317 77 317 301 205 301 GLASS 0
250 285 310 285 310 355 250 355 GLASS 0
312 275 362 275 362 353 312 353 GLASS 0
367 371 386 371 386 409 367 409 GLASS 0
311 339 377 339 377 407 311 407 GLASS 0
273 364 324 364 324 415 273 415 GLASS 0
249 371 285 371 285 415 249 415 GLASS 0
225.99999999999997 291 292 291 292 395 225.99999999999997 395 GLASS 0
79 224 233 224 233 393 79 393 GLASS 0
54.00000000000001 144 142 144 142 278 54.00000000000001 278 GLASS 0
21 64 101 64 101 210 21 210 GLASS 0
1 16 62.99999999999999 16 62.99999999999999 102 1 102 GLASS 0
1 73 57.00000000000001 73 57.00000000000001 295 1 295 GLASS 0
1 242.00000000000003 79 242.00000000000003 79 370 1 370 GLASS 0
14.999999999999998 296 102 296 102 415 14.999999999999998 415 GLASS 0