257 23 292 23 292 137 257 137 GLASS 0
209 70 272 70 272 133 209 133 GLASS 0
206 100 228.00000000000003 100 228.00000000000003 159 206 159 GLASS 0
222 76 251.99999999999997 76 251.99999999999997 150 222 150 GLASS 0
130 104 222 104 222 180 130 180 GLASS 0
100 167 161 167 161 309 100 309 GLASS 0
104 327 128 327 128 403 104 403 GLASS 0
105 291 137 291 137 359 105 359 GLASS 0
131 327 165 327 165 414 131 414 GLASS 0
143 231 178 231 178 335 143 335 GLASS 0
154 211 193 211 193 294 154 294 GLASS 0
174 141 209 141 209 263 174 263 GLASS 0
194 254.00000000000003 229.00000000000003 254.00000000000003 229.00000000000003 315 194 315 GLASS 0
205 215.00000000000003 235 215.00000000000003 235 278 205 278 GLASS 0
208 154 250 154 250 222 208 222 GLASS 0
232 133 298 133 298 239.99999999999997 232 239.99999999999997 GLASS 0
263 130 313 130 313 222 263 222 GLASS 0
243 224 287 224 287 331 243 331 GLASS 0
279 215.00000000000003 337 215.00000000000003 337 330 279 330 GLASS 0
251 276 309 276 309 350 251 350 GLASS 0
225.99999999999997 251 254.00000000000003 251 254.00000000000003 355 225.99999999999997 355 GLASS 0
198 251.99999999999997 225.99999999999997 251.99999999999997 225.99999999999997 366 198 366 GLASS 0
174 330 190 330 190 396 174 396 GLASS 0
180 281 198 281 198 368 180 368 GLASS 0
163 351 246 351 246 414 163 414 GLASS 0
216.00000000000003 344 281 344 281 415 216.00000000000003 415 GLASS 0
251.99999999999997 335 270 335 270 363 251.99999999999997 363 GLASS 0