32 328 314 328 314 401 32 401 GLASS 0
27.000000000000004 225.99999999999997 363 225.99999999999997 363 313 27.000000000000004 313 GLASS 0
212 327 281 327 281 391 212 391 GLASS 0
29 256 309 256 309 330 29 330 GLASS 0
219 294 283 294 283 325 219 325 GLASS 0
31 177 318 177 318 247 31 247 GLASS 0
213.99999999999997 187 278 187 278 247 213.99999999999997 247 GLASS 0
25 101 367 101 367 185 25 185 GLASS 0
247 99 318 99 318 176 247 176 GLASS 0
247 119 278 119 278 176 247 176 GLASS 0
36 17 325 17 325 100 36 100 GLASS 0
38 67 287 67 287 119 38 119 GLASS 0