206 19 404 19 404 200 206 200 GLASS 0
119 231 406 231 406 403 119 403 GLASS 0
96 2 250 2 250 38 96 38 GLASS 0
135 179 213.99999999999997 179 213.99999999999997 202 135 202 GLASS 0
131 204 241.00000000000003 204 241.00000000000003 239.99999999999997 131 239.99999999999997 GLASS 0
135 237 237 237 237 277 135 277 GLASS 0
135 337 237 337 237 383 135 383 GLASS 0
13 135 81 135 81 173 13 173 GLASS 0
14.999999999999998 106 73 106 73 137 14.999999999999998 137 GLASS 0
35 88 77 88 77 112.99999999999999 35 112.99999999999999 GLASS 0
37 2 71 2 71 36 37 36 GLASS 0
9 183 77 183 77 225 9 225 GLASS 0
17 231 61 231 61 260 17 260 GLASS 0
46 397 94 397 94 414 46 414 GLASS 0
33 235 131 235 131 391 33 391 PLASTIC 0
131 21 237 21 237 181 131 181 PLASTIC 0