17 35 50 35 50 157 17 157 GLASS 0
62 38 88 38 88 165 62 165 GLASS 0
98 35 133 35 133 105 98 105 GLASS 0
14.999999999999998 233 50 233 50 373 14.999999999999998 373 GLASS 0
64 232 97 232 97 343 64 343 GLASS 0
111 232 138 232 138 370 111 370 GLASS 0
149 232 182 232 182 384 149 384 GLASS 0
196 235 231 235 231 335 196 335 GLASS 0
241.00000000000003 235 275 235 275 381 241.00000000000003 381 GLASS 0
284 235 317 235 317 321 284 321 GLASS 0
330 232 354 232 354 357 330 357 GLASS 0
365 232 403 232 403 351 365 351 GLASS 0
371 38 405 38 405 170 371 170 GLASS 0
334 41 362 41 362 125 334 125 GLASS 0
279 38 325 38 325 160 279 160 GLASS 0
242.00000000000003 35 272 35 272 103 242.00000000000003 103 GLASS 0
188 35 234 35 234 159 188 159 GLASS 0
143 38 181 38 181 149 143 149 GLASS 0
17 157 49 157 49 168 17 168 METAL 0
64 162 87 162 87 176 64 176 METAL 0
20 376 46 376 46 387 20 387 METAL 0
119.99999999999999 373 132 373 132 384 119.99999999999999 384 METAL 0
98 108.00000000000001 133 108.00000000000001 133 114.00000000000001 98 114.00000000000001 METAL 0
147 149 177 149 177 168 147 168 METAL 0
196 159 229.00000000000003 159 229.00000000000003 173 196 173 METAL 0
196 333 228.00000000000003 333 228.00000000000003 349 196 349 METAL 0
157 384 175 384 175 395 157 395 METAL 0
250 381 266 381 266 392 250 392 METAL 0
239.99999999999997 108.00000000000001 270 108.00000000000001 270 116 239.99999999999997 116 METAL 0
289 162 315 162 315 173 289 173 METAL 0
289 322 313 322 313 333 289 333 METAL 0
332 359 350 359 350 370 332 370 METAL 0
335 124 359 124 359 138 335 138 METAL 0
375 170 398 170 398 192 375 192 METAL 0
368 351 401 351 401 365 368 365 METAL 0
64 340 96 340 96 362 64 362 PLASTIC 0