241.00000000000003 26 359 26 359 133 241.00000000000003 133 GLASS 0
198 130 331 130 331 222 198 222 GLASS 0
165 100 263 100 263 187 165 187 GLASS 0
56 173 144 173 144 261 56 261 GLASS 0
59 276 146 276 146 374 59 374 GLASS 0
206 203 315 203 315 307 206 307 GLASS 0
207 48 242.00000000000003 48 242.00000000000003 125.99999999999999 207 125.99999999999999 METAL 0
170 228.00000000000003 204 228.00000000000003 204 300 170 300 METAL 0
29.999999999999996 200 58 200 58 264 29.999999999999996 264 METAL 0
29.999999999999996 307 54.00000000000001 307 54.00000000000001 366 29.999999999999996 366 METAL 0
117 180 157 180 157 392 117 392 CARDBOARD 0
157 305 277 305 277 392 157 392 CARDBOARD 0
159 183 174 183 174 305 159 305 CARDBOARD 0
176 189 200 189 200 228.00000000000003 176 228.00000000000003 CARDBOARD 0