0 2 415 2 415 415 0 415 GLASS 0
304 2 415 2 415 166 304 166 GLASS 0
162 3 304 3 304 174 162 174 GLASS 0
203 117 328 117 328 310 203 310 GLASS 0
69 62 161 62 161 218 69 218 GLASS 0
118 75 254.00000000000003 75 254.00000000000003 310 118 310 GLASS 0
51 2 273 2 273 25 51 25 GLASS 0
75 22 161 22 161 149 75 149 GLASS 0
43 116 167 116 167 233 43 233 GLASS 0
28 223 171 223 171 404 28 404 GLASS 0
169 250 320 250 320 369 169 369 GLASS 0
185 287 300 287 300 415 185 415 GLASS 0
270 275 400 275 400 415 270 415 GLASS 0
355 223 415 223 415 387 355 387 GLASS 0
309 109 416 109 416 415 309 415 GLASS 0
1 2 80 2 80 415 1 415 GLASS 0