91 254.00000000000003 279 254.00000000000003 279 350 91 350 GLASS 0
148 292 305 292 305 370 148 370 GLASS 0
189 324 326 324 326 393 189 393 GLASS 0
91 150 279 150 279 246 91 246 GLASS 0
98 44 281 44 281 146 98 146 GLASS 0
189 250 326 250 326 313 189 313 GLASS 0
154 207 306 207 306 277 154 277 GLASS 0
153 119.99999999999999 307 119.99999999999999 307 196 153 196 GLASS 0
155 33 309 33 309 109 155 109 GLASS 0
193 100 326 100 326 163 193 163 GLASS 0
248 178 326 178 326 238.99999999999997 248 238.99999999999997 GLASS 0
244 21 326 21 326 85 244 85 GLASS 0