48 140 134 140 134 333 48 333 GLASS 0
88 115 216.00000000000003 115 216.00000000000003 388 88 388 GLASS 0
184 84 279 84 279 312 184 312 GLASS 0
226.99999999999997 229.00000000000003 290 229.00000000000003 290 370 226.99999999999997 370 GLASS 0
303 242.00000000000003 365 242.00000000000003 365 348 303 348 GLASS 0
266 158 342 158 342 320 266 320 GLASS 0
57.00000000000001 89 119 89 119 138 57.00000000000001 138 PLASTIC 0
124 69 184 69 184 115 124 115 PLASTIC 0
204 45 266 45 266 87 204 87 PLASTIC 0
225.99999999999997 186 288 186 288 226.99999999999997 225.99999999999997 226.99999999999997 PLASTIC 0
275 112.99999999999999 331 112.99999999999999 331 158 275 158 PLASTIC 0
307 205 363 205 363 244 307 244 PLASTIC 0