52 3 280 3 280 59.99999999999999 52 59.99999999999999 GLASS 0
52 59.99999999999999 344 59.99999999999999 344 125.99999999999999 52 125.99999999999999 GLASS 0
55 125.99999999999999 341 125.99999999999999 341 182 55 182 GLASS 0
56 182 322 182 322 238 56 238 GLASS 0
57.00000000000001 238.99999999999997 343 238.99999999999997 343 293 57.00000000000001 293 GLASS 0
54.00000000000001 293 357 293 357 358 54.00000000000001 358 GLASS 0
61 359 322 359 322 415 61 415 GLASS 0
285 17 311 17 311 47 285 47 METAL 0
348 81 374 81 374 106.99999999999999 348 106.99999999999999 METAL 0
324 196 334 196 334 221 324 221 METAL 0
343 251.99999999999997 355 251.99999999999997 355 276 343 276 METAL 0
360 314 372 314 372 340 360 340 METAL 0