64 2 198 2 198 67 64 67 GLASS 0
14 2 160 2 160 105 14 105 GLASS 0
82 174 212 174 212 265 82 265 GLASS 0
64 166 162 166 162 286 64 286 GLASS 0
46 2 150 2 150 96 46 96 GLASS 0
32 139 162 139 162 309 32 309 GLASS 0
61 336 213.99999999999997 336 213.99999999999997 415 61 415 GLASS 0
22 313 189 313 189 415 22 415 GLASS 0
205 238 307 238 307 318 205 318 GLASS 0
296 158 389 158 389 224 296 224 GLASS 0
296 2 398 2 398 117 296 117 GLASS 0
273 2 355 2 355 125.99999999999999 273 125.99999999999999 GLASS 0
182 23 302 23 302 177 182 177 GLASS 0
148 14 266 14 266 203 148 203 GLASS 0
191 230 266 230 266 338 191 338 GLASS 0
164 208 276 208 276 356 164 356 GLASS 0
287 148 346 148 346 244 287 244 GLASS 0
259 127.00000000000001 350 127.00000000000001 350 260 259 260 GLASS 0
284 319 389 319 389 415 284 415 GLASS 0
252.99999999999997 305 348 305 348 415 252.99999999999997 415 GLASS 0