160 40 264 40 264 112.99999999999999 160 112.99999999999999 GLASS 0
145 119.99999999999999 269 119.99999999999999 269 177 145 177 GLASS 0
111 181 261 181 261 226.99999999999997 111 226.99999999999997 GLASS 0
163 234 264 234 264 282 163 282 GLASS 0
179 285 254.00000000000003 285 254.00000000000003 325 179 325 GLASS 0
199 327 261 327 261 380 199 380 GLASS 0
140 42 168 42 168 112 140 112 METAL 0
122 119.99999999999999 142 119.99999999999999 142 177 122 177 METAL 0
96 181 116 181 116 225.99999999999997 96 225.99999999999997 METAL 0
142 237 158 237 158 279 142 279 METAL 0
163 286 179 286 179 326 163 326 METAL 0
178 329 202 329 202 379 178 379 METAL 0