291 121.00000000000001 350 121.00000000000001 350 359 291 359 GLASS 0
242.00000000000003 98 303 98 303 348 242.00000000000003 348 GLASS 0
251.99999999999997 272 304 272 304 374 251.99999999999997 374 GLASS 0
222 250 261 250 261 363 222 363 GLASS 0
238.99999999999997 283 265 283 265 385 238.99999999999997 385 GLASS 0
181 276 205 276 205 378 181 378 GLASS 0
183 76 246 76 246 336 183 336 GLASS 0
117 52 191 52 191 326 117 326 GLASS 0
163 230 202 230 202 350 163 350 GLASS 0
85 87 139 87 139 342 85 342 GLASS 0
133 318 155 318 155 368 133 368 GLASS 0
61 121.00000000000001 115 121.00000000000001 115 357 61 357 GLASS 0