161 375 217 375 217 405 161 405 GLASS 0
160 329 225.99999999999997 329 225.99999999999997 364 160 364 GLASS 0
159 283 233 283 233 322 159 322 GLASS 0
157 233 244 233 244 272 157 272 GLASS 0
156 174 251.99999999999997 174 251.99999999999997 218 156 218 GLASS 0
154 102 268 102 268 154 154 154 GLASS 0
154 22 302 22 302 85 154 85 GLASS 0
215.00000000000003 373 274 373 274 405 215.00000000000003 405 PLASTIC 0
226.99999999999997 333 283 333 283 361 226.99999999999997 361 PLASTIC 0
237 289 295 289 295 315 237 315 PLASTIC 0
246 235 300 235 300 265 246 265 PLASTIC 0
251.99999999999997 179 315 179 315 207 251.99999999999997 207 PLASTIC 0
270 111 331 111 331 143 270 143 PLASTIC 0
302 35 354 35 354 65 302 65 PLASTIC 0