2 386 22 386 22 415 2 415 GLASS 0
20 402 59.99999999999999 402 59.99999999999999 415 20 415 GLASS 0
17 369 47 369 47 397 17 397 GLASS 0
58 382 82 382 82 402 58 402 GLASS 0
56 395 108.00000000000001 395 108.00000000000001 415 56 415 GLASS 0
88 355 114.00000000000001 355 114.00000000000001 387 88 387 GLASS 0
43 351 79 351 79 378 43 378 GLASS 0
56 331 106 331 106 354 56 354 GLASS 0
99 336 123 336 123 347 99 347 GLASS 0
110 347 119.99999999999999 347 119.99999999999999 363 110 363 GLASS 0
125 339 153 339 153 362 125 362 GLASS 0
110 368 142 368 142 397 110 397 GLASS 0
122 387 148 387 148 415 122 415 GLASS 0
144 381 168 381 168 401 144 401 GLASS 0
146 357 176 357 176 383 146 383 GLASS 0
174 373 194 373 194 393 174 393 GLASS 0
161 395 181 395 181 405 161 405 GLASS 0
176 402 198 402 198 413 176 413 GLASS 0
195 386 223 386 223 415 195 415 GLASS 0
229.00000000000003 397 249 397 249 415 229.00000000000003 415 GLASS 0
212.99999999999997 361 247 361 247 371 212.99999999999997 371 GLASS 0
232 332 258 332 258 368 232 368 GLASS 0
208 333 238 333 238 347 208 347 GLASS 0
202 346 234 346 234 370 202 370 GLASS 0
195 346 212 346 212 362 195 362 GLASS 0
281 371 301 371 301 397 281 397 GLASS 0
294 392 309 392 309 413 294 413 GLASS 0
262 392 292 392 292 408 262 408 GLASS 0
232 379 270 379 270 399 232 399 GLASS 0
212 374 264 374 264 387 212 387 GLASS 0
274 342 294 342 294 363 274 363 GLASS 0
304 346 324 346 324 363 304 363 GLASS 0
316 362 326 362 326 373 316 373 GLASS 0
328 356 350 356 350 384 328 384 GLASS 0
302 373 326 373 326 394 302 394 GLASS 0
328 384 352 384 352 398 328 398 GLASS 0
335 400 352 400 352 414 335 414 GLASS 0
356 392 378 392 378 414 356 414 GLASS 0
19 315 39 315 39 336 19 336 GLASS 0
24 333 58 333 58 365 24 365 GLASS 0
2 338 22 338 22 375 2 375 GLASS 0
2 289 14.999999999999998 289 14.999999999999998 339 2 339 GLASS 0
2 271 17 271 17 291 2 291 GLASS 0
26 291 48 291 48 312 26 312 GLASS 0
29.999999999999996 304 64 304 64 322 29.999999999999996 322 GLASS 0
58 313 92 313 92 333 58 333 GLASS 0
82 304 112 304 112 325 82 325 GLASS 0
118 312 138 312 138 333 118 333 GLASS 0
135 313 163 313 163 329 135 329 GLASS 0
151 322 187 322 187 352 151 352 GLASS 0
172 319 208 319 208 349 172 349 GLASS 0
97 281 133 281 133 309 97 309 GLASS 0
133 298 165 298 165 312 133 312 GLASS 0
11 265 31 265 31 281 11 281 GLASS 0
22 272 58 272 58 301 22 301 GLASS 0
66 268 88 268 88 281 66 281 GLASS 0
67 283 95 283 95 306 67 306 GLASS 0
114.00000000000001 263 144 263 144 281 114.00000000000001 281 GLASS 0
142 278 170 278 170 299 142 299 GLASS 0
21 241.00000000000003 43 241.00000000000003 43 262 21 262 GLASS 0
41 241.00000000000003 69 241.00000000000003 69 269 41 269 GLASS 0
69 256 77 256 77 267 69 267 GLASS 0
69 230 93 230 93 254.00000000000003 69 254.00000000000003 GLASS 0
86 241.00000000000003 118 241.00000000000003 118 259 86 259 GLASS 0
103 245 146 245 146 275 103 275 GLASS 0
146 264 180 264 180 290 146 290 GLASS 0
189 276 212.99999999999997 276 212.99999999999997 302 189 302 GLASS 0
174 296 210 296 210 325 174 325 GLASS 0
165 288 189 288 189 302 165 302 GLASS 0
193 301 236 301 236 325 193 325 GLASS 0
202 318 232 318 232 334 202 334 GLASS 0
217 296 252.99999999999997 296 252.99999999999997 307 217 307 GLASS 0
239.99999999999997 309 255.00000000000003 309 255.00000000000003 330 239.99999999999997 330 GLASS 0
245 321 275 321 275 347 245 347 GLASS 0
239.99999999999997 286 272 286 272 323 239.99999999999997 323 GLASS 0
275 314 311 314 311 344 275 344 GLASS 0
262 289 296 289 296 313 262 313 GLASS 0
290 291 324 291 324 315 290 315 GLASS 0
302 310 322 310 322 338 302 338 GLASS 0
324 320 341 320 341 346 324 346 GLASS 0
332 321 358 321 358 349 332 349 GLASS 0
320 349 367 349 367 362 320 362 GLASS 0
374 352 414 352 414 383 374 383 GLASS 0
358 362 401 362 401 404 358 404 GLASS 0
352 320 392 320 392 356 352 356 GLASS 0
380 305 393 305 393 321 380 321 GLASS 0
396 314 415 314 415 337 396 337 GLASS 0
350 286 386 286 386 308 350 308 GLASS 0
388 272 415 272 415 310 388 310 GLASS 0
320 289 346 289 346 318 320 318 GLASS 0
16 204 56 204 56 239.99999999999997 16 239.99999999999997 GLASS 0
2 204 28 204 28 239.99999999999997 2 239.99999999999997 GLASS 0
43 211 71 211 71 237 43 237 GLASS 0
64 213.99999999999997 88 213.99999999999997 88 228.00000000000003 64 228.00000000000003 GLASS 0
84 212.99999999999997 127.00000000000001 212.99999999999997 127.00000000000001 235 84 235 GLASS 0
97 225 123 225 123 243 97 243 GLASS 0
116 226.99999999999997 148 226.99999999999997 148 245 116 245 GLASS 0
150 231 165 231 165 251.99999999999997 150 251.99999999999997 GLASS 0
165 226.99999999999997 191 226.99999999999997 191 249 165 249 GLASS 0
189 246 215.00000000000003 246 215.00000000000003 270 189 270 GLASS 0
174 254.00000000000003 206 254.00000000000003 206 282 174 282 GLASS 0
204 260 236 260 236 278 204 278 GLASS 0
210 272 257 272 257 298 210 298 GLASS 0
249 264 289 264 289 290 249 290 GLASS 0
245 244 303 244 303 273 245 273 GLASS 0
281 230 309 230 309 251.99999999999997 281 251.99999999999997 GLASS 0
305 237 337 237 337 267 305 267 GLASS 0
2 179 34 179 34 217 2 217 GLASS 0
45 185 65 185 65 203 45 203 GLASS 0
75 197 99 197 99 217 75 217 GLASS 0
103 193 133 193 133 217 103 217 GLASS 0
202 222 245 222 245 251 202 251 GLASS 0
243 217 288 217 288 254.00000000000003 243 254.00000000000003 GLASS 0
324 191 334 191 334 220 324 220 GLASS 0
296 199 324 199 324 226.99999999999997 296 226.99999999999997 GLASS 0
333 202 369 202 369 236 333 236 GLASS 0
352 219 380 219 380 239.99999999999997 352 239.99999999999997 GLASS 0
361 204 391 204 391 233 361 233 GLASS 0
363 224 406 224 406 246 363 246 GLASS 0
399 202 415 202 415 230 399 230 GLASS 0
369 187 405 187 405 209 369 209 GLASS 0
382 169 406 169 406 193 382 193 GLASS 0
360 174 386 174 386 196 360 196 GLASS 0
335 167 359 167 359 187 335 187 GLASS 0
296 172 324 172 324 194 296 194 GLASS 0
270 175 290 175 290 201 270 201 GLASS 0
246 174 266 174 266 213.99999999999997 246 213.99999999999997 GLASS 0
219 156 257 156 257 201 219 201 GLASS 0
210 183 234 183 234 209 210 209 GLASS 0
197 198 219 198 219 220 197 220 GLASS 0
166 181 202 181 202 209 166 209 GLASS 0
144 169 187 169 187 193 144 193 GLASS 0
184 159 208 159 208 179 184 179 GLASS 0
148 163 184 163 184 177 148 177 GLASS 0
101 161 131 161 131 187 101 187 GLASS 0
77 172 101 172 101 186 77 186 GLASS 0
88 150 108.00000000000001 150 108.00000000000001 171 88 171 GLASS 0
77 151 90 151 90 171 77 171 GLASS 0
56 164 73 164 73 190 56 190 GLASS 0
2 167 49 167 49 195 2 195 GLASS 0
26 147 69 147 69 169 26 169 GLASS 0
3 130 41 130 41 172 3 172 GLASS 0
3 103 43 103 43 143 3 143 GLASS 0
45 123 75 123 75 153 45 153 GLASS 0
82 117 116 117 116 151 82 151 GLASS 0
103 117 167 117 167 143 103 143 GLASS 0
155 132 189 132 189 154 155 154 GLASS 0
139 140 165 140 165 161 139 161 GLASS 0
163 116 195 116 195 142 163 142 GLASS 0
189 130 219 130 219 156 189 156 GLASS 0
185 151 211 151 211 179 185 179 GLASS 0
208 123 234 123 234 153 208 153 GLASS 0
219 142 259 142 259 158 219 158 GLASS 0
228.00000000000003 127.00000000000001 258 127.00000000000001 258 143 228.00000000000003 143 GLASS 0
243 116 273 116 273 145 243 145 GLASS 0
259 145 281 145 281 166 259 166 GLASS 0
281 142 319 142 319 172 281 172 GLASS 0
281 114.00000000000001 319 114.00000000000001 319 150 281 150 GLASS 0
313 124 341 124 341 158 313 158 GLASS 0
322 136 360 136 360 164 322 164 GLASS 0
356 124 392 124 392 161 356 161 GLASS 0
392 117 414 117 414 159 392 159 GLASS 0
356 77 408 77 408 121.00000000000001 356 121.00000000000001 GLASS 0
378 90 416 90 416 125.99999999999999 378 125.99999999999999 GLASS 0
300 76 345 76 345 114.00000000000001 300 114.00000000000001 GLASS 0
298 90 326 90 326 118 298 118 GLASS 0
320 104 346 104 346 124 320 124 GLASS 0
189 103 211 103 211 124 189 124 GLASS 0
215.00000000000003 79 249 79 249 123 215.00000000000003 123 GLASS 0
245 97 258 97 258 110 245 110 GLASS 0
252.99999999999997 95 273 95 273 111 252.99999999999997 111 GLASS 0
249 77 273 77 273 97 249 97 GLASS 0
275 62.99999999999999 303 62.99999999999999 303 91 275 91 GLASS 0
252.99999999999997 58 281 58 281 82 252.99999999999997 82 GLASS 0
239.99999999999997 42 268 42 268 64 239.99999999999997 64 GLASS 0
230 31 262 31 262 61 230 61 GLASS 0
223 22 247 22 247 50 223 50 GLASS 0
200 53 225.99999999999997 53 225.99999999999997 77 200 77 GLASS 0
210 62 239.99999999999997 62 239.99999999999997 84 210 84 GLASS 0
183 34 212.99999999999997 34 212.99999999999997 62 183 62 GLASS 0
167 51 193 51 193 77 167 77 GLASS 0
180 74 193 74 193 90 180 90 GLASS 0
178 65 210 65 210 89 178 89 GLASS 0
161 79 204 79 204 108.00000000000001 161 108.00000000000001 GLASS 0
157 58 183 58 183 86 157 86 GLASS 0
139 88 161 88 161 106 139 106 GLASS 0
119.99999999999999 90 152 90 152 116 119.99999999999999 116 GLASS 0
131 76 155 76 155 97 131 97 GLASS 0
122 69 152 69 152 93 122 93 GLASS 0
84 97 119.99999999999999 97 119.99999999999999 118 84 118 GLASS 0
93 76 125 76 125 102 93 102 GLASS 0
58 83 92 83 92 111 58 111 GLASS 0
24 100 78 100 78 129 24 129 GLASS 0
24 82 54.00000000000001 82 54.00000000000001 106 24 106 GLASS 0
2 95 29.999999999999996 95 29.999999999999996 131 2 131 GLASS 0
2 71 49 71 49 99 2 99 GLASS 0
39 66 77 66 77 88 39 88 GLASS 0
59.99999999999999 52 103 52 103 86 59.99999999999999 86 GLASS 0
86 58 129 58 129 84 86 84 GLASS 0
88 36 125.99999999999999 36 125.99999999999999 65 88 65 GLASS 0
127.00000000000001 47 157 47 157 65 127.00000000000001 65 GLASS 0
150 40 182 40 182 59.99999999999999 150 59.99999999999999 GLASS 0
157 20 185 20 185 42 157 42 GLASS 0
122 20 146 20 146 44 122 44 GLASS 0
78 0 118 0 118 26 78 26 GLASS 0
43 0 77 0 77 18 43 18 GLASS 0
52 16 78 16 78 42 52 42 GLASS 0
32 34 75 34 75 58 32 58 GLASS 0
3 44 43 44 43 82 3 82 GLASS 0
7 14.999999999999998 45 14.999999999999998 45 49 7 49 GLASS 0
2 1 39 1 39 24 2 24 GLASS 0
116 0 172 0 172 26 116 26 GLASS 0
178 1 205 1 205 23 178 23 GLASS 0
191 14 226.99999999999997 14 226.99999999999997 34 191 34 GLASS 0
203 1 224 1 224 13 203 13 GLASS 0
226.99999999999997 1 274 1 274 28 226.99999999999997 28 GLASS 0
309 21 335 21 335 57.00000000000001 309 57.00000000000001 GLASS 0
273 23 320 23 320 65 273 65 GLASS 0
298 0 343 0 343 18 298 18 GLASS 0
270 1 303 1 303 29 270 29 GLASS 0
339 18 365 18 365 39 339 39 GLASS 0
334 45 356 45 356 71 334 71 GLASS 0
367 20 399 20 399 44 367 44 GLASS 0
384 40 415 40 415 84 384 84 GLASS 0
352 48 386 48 386 85 352 85 GLASS 0
399 4 415 4 415 42 399 42 GLASS 0
392 1 415 1 415 22 392 22 GLASS 0
379 1 406 1 406 11 379 11 GLASS 0
1 1 415 1 415 415 1 415 GLASS 0