75 128 155 128 155 317 75 317 GLASS 0
85 249 221 249 221 359 85 359 GLASS 0
168 49 274 49 274 317 168 317 GLASS 0
225.99999999999997 229.00000000000003 279 229.00000000000003 279 350 225.99999999999997 350 GLASS 0
260 276 296 276 296 374 260 374 GLASS 0
289 242.00000000000003 336 242.00000000000003 336 363 289 363 GLASS 0
283 125 363 125 363 333 283 333 GLASS 0
234 202 272 202 272 239.99999999999997 234 239.99999999999997 PLASTIC 0
88 96 144 96 144 134 88 134 PLASTIC 0
194 329 228.00000000000003 329 228.00000000000003 367 194 367 PLASTIC 0
186 349 251.99999999999997 349 251.99999999999997 391 186 391 PLASTIC 0
44 338 94 338 94 384 44 384 PLASTIC 0