9 13 46 13 46 83 9 83 GLASS 0
25 109 89 109 89 216.00000000000003 25 216.00000000000003 GLASS 0
26 238.99999999999997 62.99999999999999 238.99999999999997 62.99999999999999 276 26 276 GLASS 0
9 300 72 300 72 376 9 376 GLASS 0
82 331 145 331 145 402 82 402 GLASS 0
163 337 200 337 200 396 163 396 GLASS 0
225.99999999999997 360 268 360 268 394 225.99999999999997 394 GLASS 0
167 224 189 224 189 311 167 311 GLASS 0
93 259 145 259 145 305 93 305 GLASS 0
100 130 163 130 163 220 100 220 GLASS 0
89 20 119 20 119 102 89 102 GLASS 0
136 20 200 20 200 100 136 100 GLASS 0
198 76 244 76 244 166 198 166 GLASS 0
174 135 232 135 232 207 174 207 GLASS 0
221 26 285 26 285 85 221 85 GLASS 0
267 125.99999999999999 311 125.99999999999999 311 196 267 196 GLASS 0
280 209 300 209 300 252.99999999999997 280 252.99999999999997 GLASS 0
244 217 274 217 274 251.99999999999997 244 251.99999999999997 GLASS 0
220 250 235 250 235 259 220 259 GLASS 0
235 274 243 274 243 280 235 280 GLASS 0
219 292 263 292 263 314 219 314 GLASS 0
250 322 263 322 263 330 250 330 GLASS 0
254.00000000000003 333 270 333 270 342 254.00000000000003 342 GLASS 0
293 372 361 372 361 396 293 396 GLASS 0
383 368 401 368 401 405 383 405 GLASS 0
357 331 396 331 396 349 357 349 GLASS 0
311 316 363 316 363 355 311 355 GLASS 0
287 307 305 307 305 351 287 351 GLASS 0
276 289 302 289 302 307 276 307 GLASS 0
317 305 326 305 326 313 317 313 GLASS 0
326 298 348 298 348 311 326 311 GLASS 0
312 283 320 283 320 289 312 289 GLASS 0
289 267 300 267 300 278 289 278 GLASS 0
279 272 281 272 281 283 279 283 GLASS 0
304 241.00000000000003 315 241.00000000000003 315 261 304 261 GLASS 0
325 272 331 272 331 278 325 278 GLASS 0
322 235 357 235 357 293 322 293 GLASS 0
357 291 405 291 405 309 357 309 GLASS 0
372 221 400 221 400 263 372 263 GLASS 0
346 215.00000000000003 366 215.00000000000003 366 233 346 233 GLASS 0
303 174 337 174 337 225.99999999999997 303 225.99999999999997 GLASS 0
365 189 400 189 400 219 365 219 GLASS 0
313 95 367 95 367 154 313 154 GLASS 0
298 14.999999999999998 352 14.999999999999998 352 89 298 89 GLASS 0
361 59 409 59 409 119.99999999999999 361 119.99999999999999 GLASS 0