268 137 408 137 408 403 268 403 GLASS 0
33 0 115 0 115 184 33 184 GLASS 0
18 257 94 257 94 414 18 414 GLASS 0
68 180 180 180 180 376 68 376 GLASS 0
85 244 151 244 151 414 85 414 GLASS 0
130 198 218 198 218 410 130 410 GLASS 0
152 171 256 171 256 346 152 346 GLASS 0
210 178 292 178 292 378 210 378 GLASS 0
231 0 339 0 339 223 231 223 GLASS 0
180 1 294 1 294 189 180 189 GLASS 0
149 21 259 21 259 252.99999999999997 149 252.99999999999997 GLASS 0
109 9 206 9 206 216.00000000000003 109 216.00000000000003 GLASS 0
52 41 150 41 150 232 52 232 GLASS 0