248 9 374 9 374 133 248 133 GLASS 0
69 9 193 9 193 133 69 133 GLASS 0
71 144 193 144 193 268 71 268 GLASS 0
69 279 193 279 193 403 69 403 GLASS 0
248 281 374 281 374 403 248 403 GLASS 0
248 142 376 142 376 268 248 268 GLASS 0
207 13 252.99999999999997 13 252.99999999999997 131 207 131 METAL 0
209 150 252.99999999999997 150 252.99999999999997 268 209 268 METAL 0
28 11 70 11 70 133 28 133 METAL 0
28 146 70 146 70 268 28 268 METAL 0
26 283 68 283 68 407 26 407 METAL 0
208 283 250 283 250 405 208 405 METAL 0