19 218 99 218 99 376 19 376 GLASS 0
16 49 74 49 74 157 16 157 GLASS 0
88 49 146 49 146 157 88 157 GLASS 0
166 71 219 71 219 157 166 157 GLASS 0
239.99999999999997 71 290 71 290 159 239.99999999999997 159 GLASS 0
303 124 351 124 351 157 303 157 GLASS 0
366 121.00000000000001 415 121.00000000000001 415 158 366 158 GLASS 0
242.00000000000003 252.99999999999997 302 252.99999999999997 302 374 242.00000000000003 374 GLASS 0
129 218 209 218 209 374 129 374 GLASS 0
337 251 397 251 397 375 337 375 GLASS 0
29.999999999999996 196 88 196 88 216.00000000000003 29.999999999999996 216.00000000000003 METAL 0
16 24 72 24 72 46 16 46 METAL 0
87 25 145 25 145 53 87 53 METAL 0
164 47 220 47 220 71 164 71 METAL 0
235 49 291 49 291 71 235 71 METAL 0
300 88 354 88 354 125.99999999999999 300 125.99999999999999 METAL 0
363 88 415 88 415 125.99999999999999 363 125.99999999999999 METAL 0
339 226.99999999999997 395 226.99999999999997 395 249 339 249 METAL 0
244 229.00000000000003 298 229.00000000000003 298 251 244 251 METAL 0
141 196 199 196 199 216.00000000000003 141 216.00000000000003 METAL 0