61 86 127.00000000000001 86 127.00000000000001 158 61 158 GLASS 0
35 124 55 124 55 157 35 157 GLASS 0
72 137 82 137 82 163 72 163 GLASS 0
58 161 84 161 84 181 58 181 GLASS 0
88 139 108.00000000000001 139 108.00000000000001 165 88 165 GLASS 0
36 168 48 168 48 190 36 190 GLASS 0
54.00000000000001 196 78 196 78 222 54.00000000000001 222 GLASS 0
62.99999999999999 211 83 211 83 229.00000000000003 62.99999999999999 229.00000000000003 GLASS 0
13 196 43 196 43 244 13 244 GLASS 0
24 209 94 209 94 264 24 264 GLASS 0
48 258 86 258 86 291 48 291 GLASS 0
34 233 56 233 56 273 34 273 GLASS 0
75 288 106.99999999999999 288 106.99999999999999 306 75 306 GLASS 0
62 289 78 289 78 317 62 317 GLASS 0
42 302 72 302 72 333 42 333 GLASS 0
100 268 108.00000000000001 268 108.00000000000001 284 100 284 GLASS 0
99 254.00000000000003 103 254.00000000000003 103 260 99 260 GLASS 0
111 239.99999999999997 143 239.99999999999997 143 266 111 266 GLASS 0
96 220 122 220 122 244 96 244 GLASS 0
108.00000000000001 174 156 174 156 220 108.00000000000001 220 GLASS 0
131 95 189 95 189 179 131 179 GLASS 0
183 104 201 104 201 130 183 130 GLASS 0
206 93 260 93 260 148 206 148 GLASS 0
189 161 251 161 251 207 189 207 GLASS 0
148 150 260 150 260 220 148 220 GLASS 0
114.00000000000001 210 236 210 236 258 114.00000000000001 258 GLASS 0
264 84 318 84 318 152 264 152 GLASS 0
284 86 296 86 296 112 284 112 GLASS 0
266 106.99999999999999 415 106.99999999999999 415 212 266 212 GLASS 0
359 200 370 200 370 216.00000000000003 359 216.00000000000003 GLASS 0
279 194 331 194 331 216.00000000000003 279 216.00000000000003 GLASS 0
261 196 295 196 295 226.99999999999997 261 226.99999999999997 GLASS 0
267 209 345 209 345 275 267 275 GLASS 0
229.00000000000003 222 282 222 282 262 229.00000000000003 262 GLASS 0
212 258 274 258 274 286 212 286 GLASS 0
194 260 270 260 270 313 194 313 GLASS 0
194 276 206 276 206 302 194 302 GLASS 0
159 257 193 257 193 295 159 295 GLASS 0
145 291 171 291 171 311 145 311 GLASS 0
106.99999999999999 276 145 276 145 304 106.99999999999999 304 GLASS 0
72 308 116 308 116 346 72 346 GLASS 0
106 319 172 319 172 357 106 357 GLASS 0
139 310 184 310 184 350 139 350 GLASS 0
180 313 225 313 225 344 180 344 GLASS 0
186 343 192 343 192 359 186 359 GLASS 0
170 361 190 361 190 383 170 383 GLASS 0
158 381 169 381 169 401 158 401 GLASS 0
130 344 172 344 172 375 130 375 GLASS 0
195 346 235 346 235 381 195 381 GLASS 0
220 379 228.00000000000003 379 228.00000000000003 401 220 401 GLASS 0
245 326 283 326 283 368 245 368 GLASS 0
256 313 284 313 284 335 256 335 GLASS 0
203 286 259 286 259 328 203 328 GLASS 0
288 306 326 306 326 344 288 344 GLASS 0
281 291 309 291 309 309 281 309 GLASS 0
287 273 319 273 319 291 287 291 GLASS 0
318 262 376 262 376 308 318 308 GLASS 0
351 306 376 306 376 324 351 324 GLASS 0
363 236 413 236 413 289 363 289 GLASS 0