222 237 357 237 357 327 222 327 GLASS 0
111 306 237 306 237 372 111 372 GLASS 0
74 276 209 276 209 312 74 312 GLASS 0
168 222 268 222 268 282 168 282 GLASS 0
83 205 163 205 163 255.00000000000003 83 255.00000000000003 GLASS 0
161 175 226.99999999999997 175 226.99999999999997 221 161 221 GLASS 0
257 165 357 165 357 235 257 235 GLASS 0
316 115 375 115 375 197 316 197 GLASS 0
239.99999999999997 68 312 68 312 160 239.99999999999997 160 GLASS 0
181 49 235 49 235 106.99999999999999 181 106.99999999999999 GLASS 0
161 110 248 110 248 164 161 164 GLASS 0
122 76 174 76 174 109 122 109 GLASS 0
91 112 157 112 157 188 91 188 GLASS 0