263 9 369 9 369 132 263 132 GLASS 0
306 129 408 129 408 216.00000000000003 306 216.00000000000003 GLASS 0
308 74 388 74 388 154 308 154 GLASS 0
328 182 414 182 414 267 328 267 GLASS 0
171 106.99999999999999 283 106.99999999999999 283 211 171 211 GLASS 0
180 61 283 61 283 145 180 145 GLASS 0
80 18 192 18 192 150 80 150 GLASS 0
48 147 148 147 148 236 48 236 GLASS 0
43 106.99999999999999 143 106.99999999999999 143 172 43 172 GLASS 0
5 202 97 202 97 276 5 276 GLASS 0
7 149 87 149 87 226.99999999999997 7 226.99999999999997 GLASS 0
103 136 336 136 336 390 103 390 GLASS 0