178 21 304 21 304 131 178 131 GLASS 0
0 24 174 24 174 186 0 186 GLASS 0
137 256 282 256 282 380 137 380 GLASS 0
23 251 133 251 133 327 23 327 GLASS 0
180 135 292 135 292 151 180 151 METAL 0
14.999999999999998 186 149 186 149 206 14.999999999999998 206 METAL 0
27.000000000000004 323 127.00000000000001 323 127.00000000000001 343 27.000000000000004 343 METAL 0
147 370 267 370 267 400 147 400 METAL 0
182 27.000000000000004 302 27.000000000000004 302 85 182 85 BIODEGRADABLE 0
143 261 275 261 275 307 143 307 BIODEGRADABLE 0
29 260 127.00000000000001 260 127.00000000000001 292 29 292 BIODEGRADABLE 0
2 29 168 29 168 123 2 123 BIODEGRADABLE 0