0 1 415 1 415 416 0 416 GLASS 0
3 3 187 3 187 162 3 162 GLASS 0
2 2 202 2 202 62 2 62 GLASS 0
180 4 212 4 212 52 180 52 GLASS 0
210 1 415 1 415 55 210 55 GLASS 0
146 50 213.99999999999997 50 213.99999999999997 159 146 159 GLASS 0
193 18 414 18 414 96 193 96 GLASS 0
204 80 335 80 335 164 204 164 GLASS 0
180 128 264 128 264 204 180 204 GLASS 0
2 112.99999999999999 206 112.99999999999999 206 296 2 296 GLASS 0
2 206 146 206 146 373 2 373 GLASS 0
118 320 213.99999999999997 320 213.99999999999997 365 118 365 GLASS 0
159 200 322 200 322 368 159 368 GLASS 0
232 89 386 89 386 251 232 251 GLASS 0
252.99999999999997 237 415 237 415 394 252.99999999999997 394 GLASS 0
351 212.99999999999997 415 212.99999999999997 415 249 351 249 GLASS 0