105 247 342 247 342 334 105 334 GLASS 0
88 246 199 246 199 329 88 329 GLASS 0
106 162 340 162 340 242.00000000000003 106 242.00000000000003 GLASS 0
106 73 342 73 342 162 106 162 GLASS 0
89 164 179 164 179 247 89 247 GLASS 0
91 249 179 249 179 329 91 329 GLASS 0
88 79 182 79 182 162 88 162 GLASS 0
88 273 103 273 103 317 88 317 METAL 0
73 265 93 265 93 311 73 311 METAL 0
88 180 110 180 110 228.00000000000003 88 228.00000000000003 METAL 0
73 178 89 178 89 222 73 222 METAL 0
88 87 104 87 104 135 88 135 METAL 0
73 95 88 95 88 137 73 137 METAL 0