2 51 62.99999999999999 51 62.99999999999999 405 2 405 GLASS 0
14 27.000000000000004 67 27.000000000000004 67 209 14 209 GLASS 0
29 7 72 7 72 185 29 185 GLASS 0
62 53 123 53 123 403 62 403 GLASS 0
77 28 125.99999999999999 28 125.99999999999999 203 77 203 GLASS 0
88 7 132 7 132 178 88 178 GLASS 0
124 52 185 52 185 400 124 400 GLASS 0
138 27.000000000000004 185 27.000000000000004 185 207 138 207 GLASS 0
147 7 188 7 188 175 147 175 GLASS 0
188 52 250 52 250 400 188 400 GLASS 0
186 32 245 32 245 205 186 205 GLASS 0
189 7 244 7 244 157 189 157 GLASS 0
250 52 314 52 314 400 250 400 GLASS 0
250 27.000000000000004 294 27.000000000000004 294 205 250 205 GLASS 0
245 7 286 7 286 175 245 175 GLASS 0
310 50 378 50 378 402 310 402 GLASS 0
304 29.999999999999996 357 29.999999999999996 357 210 304 210 GLASS 0
301 9 347 9 347 184 301 184 GLASS 0
366 9 406 9 406 171 366 171 GLASS 0
370 29 415 29 415 211 370 211 GLASS 0
372 45 415 45 415 405 372 405 GLASS 0