243 7 408 7 408 70 243 70 GLASS 0
39 5 204 5 204 68 39 68 GLASS 0
39 75 204 75 204 138 39 138 GLASS 0
40 146 202 146 202 209 40 209 GLASS 0
39 213.99999999999997 199 213.99999999999997 199 280 39 280 GLASS 0
34 283 202 283 202 348 34 348 GLASS 0
34 352 202 352 202 414 34 414 GLASS 0
241.00000000000003 285 409 285 409 345 241.00000000000003 345 GLASS 0
246 215.00000000000003 411 215.00000000000003 411 277 246 277 GLASS 0
241.00000000000003 146 409 146 409 209 241.00000000000003 209 GLASS 0
246 75 408 75 408 138 246 138 GLASS 0
244 352 406 352 406 414 244 414 GLASS 0
213.99999999999997 10 246 10 246 66 213.99999999999997 66 METAL 0
10 8 42 8 42 64 10 64 METAL 0
212 79 244 79 244 135 212 135 METAL 0
11 79 40 79 40 134 11 134 METAL 0
5 150 37 150 37 205 5 205 METAL 0
212 151 244 151 244 205 212 205 METAL 0
212 220 241.00000000000003 220 241.00000000000003 276 212 276 METAL 0
5 221 37 221 37 275 5 275 METAL 0
8 287 34 287 34 344 8 344 METAL 0
212 288 241.00000000000003 288 241.00000000000003 343 212 343 METAL 0
3 356 35 356 35 413 3 413 METAL 0
212 356 244 356 244 411 212 411 METAL 0