5 13 112 13 112 273 5 273 GLASS 0
87 57.00000000000001 173 57.00000000000001 173 295 87 295 GLASS 0
157 23 257 23 257 277 157 277 GLASS 0
167 251 255.00000000000003 251 255.00000000000003 309 167 309 GLASS 0
248 53 333 53 333 295 248 295 GLASS 0
307 7 413 7 413 269 307 269 GLASS 0
184 308 228.00000000000003 308 228.00000000000003 384 184 384 PLASTIC 0
111 326 150 326 150 392 111 392 PLASTIC 0
38 306 84 306 84 378 38 378 PLASTIC 0
192 354 230 354 230 408 192 408 PLASTIC 0
272 324 310 324 310 394 272 394 PLASTIC 0
342 299 386 299 386 367 342 367 PLASTIC 0