165 220 353 220 353 339 165 339 GLASS 0
112 307 324 307 324 383 112 383 GLASS 0
28 259 169 259 169 337 28 337 GLASS 0
91 178 279 178 279 248 91 248 GLASS 0
273 152 385 152 385 230 273 230 GLASS 0
235 72 355 72 355 179 235 179 GLASS 0
296 46 394 46 394 144 296 144 GLASS 0
188 43 298 43 298 152 188 152 GLASS 0
64 109 242.00000000000003 109 242.00000000000003 205 64 205 GLASS 0
277 246 394 246 394 337 277 337 GLASS 0
85 266 171 266 171 344 85 344 BIODEGRADABLE 0
213.99999999999997 239.99999999999997 258 239.99999999999997 258 296 213.99999999999997 296 BIODEGRADABLE 0
189 281 247 281 247 333 189 333 BIODEGRADABLE 0
238 295 277 295 277 335 238 335 BIODEGRADABLE 0
258 248 295 248 295 318 258 318 BIODEGRADABLE 0
205 224 279 224 279 254.00000000000003 205 254.00000000000003 BIODEGRADABLE 0
264 222 314 222 314 251.99999999999997 264 251.99999999999997 BIODEGRADABLE 0
312 231 340 231 340 255.00000000000003 312 255.00000000000003 BIODEGRADABLE 0
309 263 325 263 325 272 309 272 BIODEGRADABLE 0
318 267 329 267 329 283 318 283 BIODEGRADABLE 0
288 279 303 279 303 311 288 311 BIODEGRADABLE 0
318 289 329 289 329 326 318 326 BIODEGRADABLE 0
331 263 385 263 385 326 331 326 BIODEGRADABLE 0
353 121.00000000000001 373 121.00000000000001 373 137 353 137 BIODEGRADABLE 0
346 109 350 109 350 119.99999999999999 346 119.99999999999999 BIODEGRADABLE 0
325 104 336 104 336 128 325 128 BIODEGRADABLE 0
337 119 353 119 353 141 337 141 BIODEGRADABLE 0
329 87 340 87 340 115 329 115 BIODEGRADABLE 0
340 85 360 85 360 111 340 111 BIODEGRADABLE 0
353 93 375 93 375 117 353 117 BIODEGRADABLE 0
365 78 381 78 381 104 365 104 BIODEGRADABLE 0
358 71 368 71 368 91 358 91 BIODEGRADABLE 0
346 62.99999999999999 357 62.99999999999999 357 76 346 76 BIODEGRADABLE 0
333 71 348 71 348 87 333 87 BIODEGRADABLE 0
329 62.99999999999999 340 62.99999999999999 340 81 329 81 BIODEGRADABLE 0
340 52 353 52 353 65 340 65 BIODEGRADABLE 0
363 54.00000000000001 379 54.00000000000001 379 78 363 78 BIODEGRADABLE 0
273 78 323 78 323 150 273 150 BIODEGRADABLE 0
219 62.99999999999999 234 62.99999999999999 234 95 219 95 BIODEGRADABLE 0
213.99999999999997 89 234 89 234 129 213.99999999999997 129 BIODEGRADABLE 0
249 58 269 58 269 71 249 71 BIODEGRADABLE 0
244 71 268 71 268 89 244 89 BIODEGRADABLE 0
275 61 291 61 291 72 275 72 BIODEGRADABLE 0
134 191 270 191 270 228.00000000000003 134 228.00000000000003 BIODEGRADABLE 0
132 208 277 208 277 250 132 250 BIODEGRADABLE 0
128 183 242.00000000000003 183 242.00000000000003 205 128 205 BIODEGRADABLE 0