296 311 357 311 357 402 296 402 GLASS 0
181 309 257 309 257 399 181 399 GLASS 0
181 211 259 211 259 301 181 301 GLASS 0
296 211 374 211 374 303 296 303 GLASS 0
294 112.99999999999999 372 112.99999999999999 372 200 294 200 GLASS 0
298 14 374 14 374 102 298 102 GLASS 0
183 110 259 110 259 200 183 200 GLASS 0
183 13 259 13 259 100 183 100 GLASS 0
69 14 143 14 143 102 69 102 GLASS 0
69 112.99999999999999 145 112.99999999999999 145 200 69 200 GLASS 0
69 211 145 211 145 304 69 304 GLASS 0
67 309 147 309 147 399 67 399 GLASS 0
155 314 187 314 187 392 155 392 METAL 0
268 314 298 314 298 390 268 390 METAL 0
41 314 73 314 73 392 41 392 METAL 0
41 213.99999999999997 73 213.99999999999997 73 294 41 294 METAL 0
155 216.00000000000003 185 216.00000000000003 185 292 155 292 METAL 0
270 212.99999999999997 300 212.99999999999997 300 291 270 291 METAL 0
270 115 302 115 302 193 270 193 METAL 0
157 115 185 115 185 195 157 195 METAL 0
42 118 74 118 74 194 42 194 METAL 0
42 19 74 19 74 95 42 95 METAL 0
157 17 187 17 187 97 157 97 METAL 0
270 17 298 17 298 95 270 95 METAL 0