39 51 53 51 53 147 39 147 METAL 0
48 59.99999999999999 75 59.99999999999999 75 174 48 174 METAL 0
62.99999999999999 62.99999999999999 87 62.99999999999999 87 189 62.99999999999999 189 METAL 0
89 69 116 69 116 171 89 171 METAL 0
77 48 105 48 105 66 77 66 METAL 0
79 75 102 75 102 239.99999999999997 79 239.99999999999997 METAL 0
94 141 144 141 144 303 94 303 METAL 0
100 159 118 159 118 249 100 249 METAL 0
115 62.99999999999999 161 62.99999999999999 161 219 115 219 METAL 0
164 72 177 72 177 159 164 159 METAL 0
150 78 229.00000000000003 78 229.00000000000003 356 150 356 METAL 0
205 75 225 75 225 141 205 141 METAL 0
179 54.00000000000001 199 54.00000000000001 199 72 179 72 METAL 0
223 207 267 207 267 393 223 393 METAL 0
228.00000000000003 69 270 69 270 225 228.00000000000003 225 METAL 0
260 45 304 45 304 62.99999999999999 260 62.99999999999999 METAL 0
270 78 312 78 312 266 270 266 METAL 0
288 75 311 75 311 156 288 156 METAL 0
300 72 350 72 350 204 300 204 METAL 0
340 66 358 66 358 125.99999999999999 340 125.99999999999999 METAL 0
350 72 370 72 370 234 350 234 METAL 0
371 69 381 69 381 156 371 156 METAL 0