321 155 374 155 374 246 321 246 METAL 0
322 53 390 53 390 137 322 137 METAL 0
286 91 351 91 351 178 286 178 METAL 0
254.00000000000003 39 316 39 316 127.00000000000001 254.00000000000003 127.00000000000001 METAL 0
224 94 282 94 282 212 224 212 METAL 0
251.99999999999997 164 306 164 306 242.00000000000003 251.99999999999997 242.00000000000003 METAL 0
138 244 209 244 209 382 138 382 METAL 0
177 150 238.99999999999997 150 238.99999999999997 278 177 278 METAL 0
167 36 229.00000000000003 36 229.00000000000003 166 167 166 METAL 0
62 175 127.00000000000001 175 127.00000000000001 321 62 321 METAL 0
112.99999999999999 75 168 75 168 216.00000000000003 112.99999999999999 216.00000000000003 METAL 0
124 205 168 205 168 267 124 267 METAL 0
52 25 117 25 117 178 52 178 METAL 0
32 80 78 80 78 218 32 218 METAL 0
170 71 196 71 196 103 170 103 METAL 0
56 148 88 148 88 168 56 168 METAL 0
50 198 68 198 68 218 50 218 METAL 0