218 327 343 327 343 415 218 415 PLASTIC 0
128 389 221 389 221 415 128 415 METAL 0
0 313 132 313 132 401 0 401 PLASTIC 0
286 244 414 244 414 322 286 322 METAL 0
116 307 368 307 368 392 116 392 METAL 0
291 330 414 330 414 415 291 415 METAL 0
39 230 353 230 353 309 39 309 METAL 0
150 170 384 170 384 238 150 238 METAL 0
0 179 191 179 191 255.00000000000003 0 255.00000000000003 METAL 0
0 138 198 138 198 198 0 198 METAL 0
32 53 357 53 357 139 32 139 METAL 0
198 135 339 135 339 171 198 171 PLASTIC 0
157 133 226.99999999999997 133 226.99999999999997 163 157 163 PLASTIC 0
84 11 300 11 300 59 84 59 METAL 0
125 1 349 1 349 38 125 38 METAL 0
0 1 143 1 143 49 0 49 METAL 0