54.00000000000001 48 198 48 198 92 54.00000000000001 92 METAL 0
147 62.99999999999999 299 62.99999999999999 299 155 147 155 METAL 0
38 91 147 91 147 123 38 123 METAL 0
23 122 87 122 87 171 23 171 METAL 0
74 119.99999999999999 211 119.99999999999999 211 182 74 182 METAL 0
122 151 320 151 320 224 122 224 METAL 0
124 187 178 187 178 226.99999999999997 124 226.99999999999997 METAL 0
41 169 127.00000000000001 169 127.00000000000001 212.99999999999997 41 212.99999999999997 METAL 0
31 207 135 207 135 285 31 285 METAL 0
122 215.00000000000003 238 215.00000000000003 238 263 122 263 METAL 0
234 222 277 222 277 260 234 260 METAL 0
271 219 363 219 363 263 271 263 METAL 0
223 255.00000000000003 294 255.00000000000003 294 301 223 301 METAL 0
135 267 221 267 221 301 135 301 METAL 0
46 286 200 286 200 338 46 338 METAL 0