247 191 317 191 317 411 247 411 METAL 0
159 192 226.99999999999997 192 226.99999999999997 406 159 406 METAL 0
65 186 135 186 135 408 65 408 METAL 0
284 115 332 115 332 207 284 207 BIODEGRADABLE 0
318 92 366 92 366 184 318 184 BIODEGRADABLE 0
266 47 322 47 322 139 266 139 BIODEGRADABLE 0
310 165 348 165 348 207 310 207 BIODEGRADABLE 0
234 47 272 47 272 102 234 102 BIODEGRADABLE 0
203 62.99999999999999 259 62.99999999999999 259 141 203 141 BIODEGRADABLE 0
174 119.99999999999999 222 119.99999999999999 222 186 174 186 BIODEGRADABLE 0
138 73 189 73 189 147 138 147 BIODEGRADABLE 0
146 102 206 102 206 152 146 152 BIODEGRADABLE 0
195 105 211 105 211 123 195 123 BIODEGRADABLE 0
82 102 134 102 134 178 82 178 BIODEGRADABLE 0
114.00000000000001 134 160 134 160 186 114.00000000000001 186 BIODEGRADABLE 0
57.00000000000001 29 117 29 117 110 57.00000000000001 110 BIODEGRADABLE 0
12 81 86 81 86 183 12 183 BIODEGRADABLE 0
50 144 86 144 86 202 50 202 BIODEGRADABLE 0