102 294 280 294 280 344 102 344 METAL 0
251 305 317 305 317 337 251 337 METAL 0
233 244 395 244 395 292 233 292 METAL 0
45 233 223 233 223 324 45 324 METAL 0
19 260 66 260 66 322 19 322 METAL 0
24 153 142 153 142 241.00000000000003 24 241.00000000000003 METAL 0
19 93 173 93 173 153 19 153 METAL 0
165 97 223 97 223 143 165 143 METAL 0
94 72 246 72 246 101 94 101 METAL 0
228.00000000000003 66 396 66 396 160 228.00000000000003 160 METAL 0
129 112 275 112 275 190 129 190 METAL 0
78 187 254.00000000000003 187 254.00000000000003 245 78 245 METAL 0
228.00000000000003 160 398 160 398 251.99999999999997 228.00000000000003 251.99999999999997 METAL 0