159 24 209 24 209 102 159 102 METAL 0
133 24 167 24 167 104 133 104 METAL 0
111 26 141 26 141 102 111 102 METAL 0
89 26 121.00000000000001 26 121.00000000000001 102 89 102 METAL 0
68 28 98 28 98 104 68 104 METAL 0
32 131 91 131 91 212.99999999999997 32 212.99999999999997 METAL 0
41 83 93 83 93 146 41 146 METAL 0
148 109 196 109 196 183 148 183 METAL 0
124 111 154 111 154 181 124 181 METAL 0
104 106.99999999999999 132 106.99999999999999 132 181 104 181 METAL 0
83 111 112.99999999999999 111 112.99999999999999 181 83 181 METAL 0
157 207 207 207 207 285 157 285 METAL 0
133 209 165 209 165 285 133 285 METAL 0
109 211 143 211 143 285 109 285 METAL 0
91 211 119 211 119 289 91 289 METAL 0
69 212.99999999999997 97 212.99999999999997 97 287 69 287 METAL 0
33 318 87 318 87 396 33 396 METAL 0
41 268 91 268 91 325 41 325 METAL 0
146 294 196 294 196 364 146 364 METAL 0
125.99999999999999 294 154 294 154 366 125.99999999999999 366 METAL 0
104 294 132 294 132 362 104 362 METAL 0
80 294 108.00000000000001 294 108.00000000000001 362 80 362 METAL 0
224 212.99999999999997 282 212.99999999999997 282 293 224 293 METAL 0
231 160 285 160 285 225.99999999999997 231 225.99999999999997 METAL 0
351 102 401 102 401 180 351 180 METAL 0
325 104 357 104 357 182 325 182 METAL 0
303 106 333 106 333 180 303 180 METAL 0
283 106 309 106 309 180 283 180 METAL 0
259 106 287 106 287 180 259 180 METAL 0
341 187 387 187 387 263 341 263 METAL 0
316 189 344 189 344 259 316 259 METAL 0
296 187 322 187 322 257 296 257 METAL 0
279 189 303 189 303 259 279 259 METAL 0