315 62 415 62 415 206 315 206 METAL 0
299 208 402 208 402 348 299 348 METAL 0
369 311 415 311 415 415 369 415 METAL 0
212.99999999999997 345 317 345 317 415 212.99999999999997 415 METAL 0
315 392 386 392 386 415 315 415 METAL 0
261 281 346 281 346 397 261 397 METAL 0
281 210 315 210 315 290 281 290 METAL 0
323 2 415 2 415 86 323 86 METAL 0
235 2 325 2 325 103 235 103 METAL 0
182 2 291 2 291 64 182 64 METAL 0
193 69 299 69 299 206 193 206 METAL 0
283 99 349 99 349 211 283 211 METAL 0
392 206 414 206 414 318 392 318 METAL 0
182 212.99999999999997 286 212.99999999999997 286 348 182 348 METAL 0
153 62.99999999999999 238 62.99999999999999 238 191 153 191 METAL 0
73 2 171 2 171 118 73 118 METAL 0
79 127.00000000000001 187 127.00000000000001 187 264 79 264 METAL 0
111 189 203 189 203 294 111 294 METAL 0
95 324 202 324 202 415 95 415 METAL 0
180 290 248 290 248 406 180 406 METAL 0
58 283 148 283 148 405 58 405 METAL 0
0 218 73 218 73 339 0 339 METAL 0
26 105 108.00000000000001 105 108.00000000000001 236 26 236 METAL 0
1 3 71 3 71 125 1 125 METAL 0
18 390 105 390 105 415 18 415 METAL 0