69 59.99999999999999 176 59.99999999999999 176 171 69 171 METAL 0
152 45 270 45 270 114.00000000000001 152 114.00000000000001 METAL 0
212 40 373 40 373 146 212 146 METAL 0
219 114.00000000000001 294 114.00000000000001 294 166 219 166 METAL 0
135 111 239.99999999999997 111 239.99999999999997 185 135 185 METAL 0
71 184 174 184 174 254.00000000000003 71 254.00000000000003 METAL 0
29.999999999999996 263 150 263 150 347 29.999999999999996 347 METAL 0
140 247 215.00000000000003 247 215.00000000000003 323 140 323 METAL 0
152 296 283 296 283 381 152 381 METAL 0
193 238.99999999999997 279 238.99999999999997 279 289 193 289 METAL 0
242.00000000000003 166 386 166 386 251 242.00000000000003 251 METAL 0
224 267 380 267 380 353 224 353 METAL 0