376 0 415 0 415 12 376 12 METAL 0
2 0 29 0 29 8 2 8 METAL 0
195 139 219 139 219 199 195 199 METAL 0
174 119.99999999999999 200 119.99999999999999 200 183 174 183 METAL 0
115 116 153 116 153 136 115 136 METAL 0
139 104 181 104 181 128 139 128 METAL 0
10 9 66 9 66 27.000000000000004 10 27.000000000000004 METAL 0
45 0 87 0 87 13 45 13 METAL 0
331 0 367 0 367 18 331 18 METAL 0
313 0 334 0 334 12 313 12 METAL 0
266 0 316 0 316 13 266 13 METAL 0
264 9 280 9 280 31 264 31 METAL 0
213.99999999999997 9 264 9 264 29 213.99999999999997 29 METAL 0
219 0 257 0 257 9 219 9 METAL 0
176 0 213.99999999999997 0 213.99999999999997 28 176 28 METAL 0
119.99999999999999 0 207 0 207 28 119.99999999999999 28 METAL 0
104 13 137 13 137 32 104 32 METAL 0
94 25 127.00000000000001 25 127.00000000000001 49 94 49 METAL 0
66 13 106 13 106 42 66 42 METAL 0
19 35 69 35 69 59 19 59 METAL 0
5 29 55 29 55 41 5 41 METAL 0
2 42 26 42 26 54.00000000000001 2 54.00000000000001 METAL 0
176 28 266 28 266 46 176 46 METAL 0
169 38 261 38 261 57.00000000000001 169 57.00000000000001 METAL 0
2 360 40 360 40 384 2 384 METAL 0
317 355 353 355 353 380 317 380 METAL 0
249 343 285 343 285 369 249 369 METAL 0
3 326 36 326 36 351 3 351 METAL 0
54.00000000000001 364 115 364 115 384 54.00000000000001 384 METAL 0
73 348 132 348 132 370 73 370 METAL 0
24 305 52 305 52 343 24 343 METAL 0
45 323 78 323 78 359 45 359 METAL 0
52 311 88 311 88 346 52 346 METAL 0
78 337 139 337 139 353 78 353 METAL 0
73 320 129 320 129 338 73 338 METAL 0
59 304 163 304 163 324 59 324 METAL 0
118 298 165 298 165 362 118 362 METAL 0
139 365 186 365 186 390 139 390 METAL 0
112.99999999999999 373 141 373 141 387 112.99999999999999 387 METAL 0
191 362 238 362 238 388 191 388 METAL 0
179 336 261 336 261 382 179 382 METAL 0
157 333 247 333 247 375 157 375 METAL 0
169 321 256 321 256 353 169 353 METAL 0
167 307 242.00000000000003 307 242.00000000000003 358 167 358 METAL 0
162 313 213.99999999999997 313 213.99999999999997 342 162 342 METAL 0
148 305 207 305 207 333 148 333 METAL 0
31 237 127.00000000000001 237 127.00000000000001 263 31 263 METAL 0
172 231 205 231 205 251 172 251 METAL 0
167 251 203 251 203 276 167 276 METAL 0
254.00000000000003 233 292 233 292 252.99999999999997 254.00000000000003 252.99999999999997 METAL 0
322 269 350 269 350 287 322 287 METAL 0
282 176 318 176 318 202 282 202 METAL 0
343 158 381 158 381 182 343 182 METAL 0
299 86 329 86 329 108.00000000000001 299 108.00000000000001 METAL 0
228.00000000000003 98 298 98 298 140 228.00000000000003 140 METAL 0
362 255.00000000000003 415 255.00000000000003 415 329 362 329 METAL 0
360 296 384 296 384 314 360 314 METAL 0
360 314 398 314 398 334 360 334 METAL 0
275 261 313 261 313 301 275 301 METAL 0
336 47 414 47 414 87 336 87 METAL 0
320 59.99999999999999 410 59.99999999999999 410 94 320 94 METAL 0
313 79 414 79 414 108.00000000000001 313 108.00000000000001 METAL 0
221 67 294 67 294 108.00000000000001 221 108.00000000000001 METAL 0
167 86 249 86 249 124 167 124 METAL 0
66 103 96 103 96 132 66 132 METAL 0
87 84 153 84 153 142 87 142 METAL 0
9 119.99999999999999 45 119.99999999999999 45 145 9 145 METAL 0
2 106.99999999999999 38 106.99999999999999 38 125 2 125 METAL 0
109 57.00000000000001 165 57.00000000000001 165 83 109 83 METAL 0
181 54.00000000000001 211 54.00000000000001 211 86 181 86 METAL 0
225.99999999999997 40 318 40 318 66 225.99999999999997 66 METAL 0
364 29 397 29 397 54.00000000000001 364 54.00000000000001 METAL 0
47 146 85 146 85 180 47 180 METAL 0
96 157 132 157 132 177 96 177 METAL 0
123 146 153 146 153 172 123 172 METAL 0
129 159 167 159 167 188 129 188 METAL 0
112.99999999999999 187 177 187 177 205 112.99999999999999 205 METAL 0
94 170 119.99999999999999 170 119.99999999999999 208 94 208 METAL 0
64 179 94 179 94 203 64 203 METAL 0
31 181 61 181 61 200 31 200 METAL 0
37 199 73 199 73 221 37 221 METAL 0
7 194 35 194 35 219 7 219 METAL 0
2 212.99999999999997 26 212.99999999999997 26 238 2 238 METAL 0
118 200 148 200 148 216.00000000000003 118 216.00000000000003 METAL 0
160 206 202 206 202 236 160 236 METAL 0
191 205 233 205 233 234 191 234 METAL 0
236 178 280 178 280 204 236 204 METAL 0
324 182 376 182 376 196 324 196 METAL 0
369 130 393 130 393 164 369 164 METAL 0
330 135 360 135 360 165 330 165 METAL 0
280 150 341 150 341 168 280 168 METAL 0
242.00000000000003 152 278 152 278 172 242.00000000000003 172 METAL 0
210 124 254.00000000000003 124 254.00000000000003 156 210 156 METAL 0
392 276 415 276 415 299 392 299 METAL 0
386 260 416 260 416 279 386 279 METAL 0
374 355 412 355 412 377 374 377 METAL 0
367 346 405 346 405 359 367 359 METAL 0
344 343 374 343 374 353 344 353 METAL 0
318 326 379 326 379 339 318 339 METAL 0
52 250 139 250 139 301 52 301 METAL 0
59 247 109 247 109 314 59 314 METAL 0
45 249 85 249 85 301 45 301 METAL 0
12 252.99999999999997 64 252.99999999999997 64 305 12 305 METAL 0
3 250 33 250 33 275 3 275 METAL 0
124 272 174 272 174 292 124 292 METAL 0
141 289 235 289 235 308 141 308 METAL 0
198 281 292 281 292 329 198 329 METAL 0
233 302 283 302 283 336 233 336 METAL 0
320 205 350 205 350 241.00000000000003 320 241.00000000000003 METAL 0
301 206 329 206 329 230 301 230 METAL 0
257 212.99999999999997 332 212.99999999999997 332 242.00000000000003 257 242.00000000000003 METAL 0
402 152 415 152 415 217 402 217 METAL 0
392 235 415 235 415 254.00000000000003 392 254.00000000000003 METAL 0
367 212 397 212 397 232 367 232 METAL 0
303 109 415 109 415 130 303 130 METAL 0
2 0 415 0 415 390 2 390 METAL 0