251 360 307 360 307 394 251 394 METAL 0
252.99999999999997 315 307 315 307 363 252.99999999999997 363 METAL 0
254.00000000000003 231 313 231 313 314 254.00000000000003 314 METAL 0
246 137 314 137 314 229.00000000000003 246 229.00000000000003 METAL 0
244 7 316 7 316 139 244 139 METAL 0
196 255.00000000000003 255.00000000000003 255.00000000000003 255.00000000000003 335 196 335 METAL 0
198 333 254.00000000000003 333 254.00000000000003 367 198 367 METAL 0
106 291 198 291 198 357 106 357 METAL 0
81 176 185 176 185 256 81 256 METAL 0
189 174 248 174 248 259 189 259 METAL 0
116 92 246 92 246 174 116 174 METAL 0
188 22 246 22 246 94 188 94 METAL 0
78 28 191 28 191 102 78 102 METAL 0
48 98 118 98 118 176 48 176 METAL 0
14.999999999999998 163 79 163 79 233 14.999999999999998 233 METAL 0
74 237 150 237 150 291 74 291 METAL 0
148 248 196 248 196 292 148 292 METAL 0