97 64 218 64 218 194 97 194 METAL 0
124 19 223 19 223 80 124 80 METAL 0
231 33 332 33 332 105 231 105 METAL 0
350 263 414 263 414 341 350 341 METAL 0
170 285 348 285 348 365 170 365 METAL 0
328 322 396 322 396 394 328 394 METAL 0
359 336 415 336 415 415 359 415 METAL 0
156 347 254.00000000000003 347 254.00000000000003 415 156 415 METAL 0
84 329 185 329 185 399 84 399 METAL 0
88 222 244 222 244 330 88 330 METAL 0
212.99999999999997 237 317 237 317 304 212.99999999999997 304 METAL 0
244 383 339 383 339 415 244 415 METAL 0
174 168 275 168 275 229.00000000000003 174 229.00000000000003 METAL 0
264 168 330 168 330 235 264 235 METAL 0
295 217 414 217 414 269 295 269 METAL 0
344 155 414 155 414 224 344 224 METAL 0
370 76 414 76 414 152 370 152 METAL 0
331 78 403 78 403 153 331 153 METAL 0
330 29.999999999999996 414 29.999999999999996 414 76 330 76 METAL 0
282 2 359 2 359 41 282 41 METAL 0
238 2 295 2 295 35 238 35 METAL 0
44 88 209 88 209 130 44 130 METAL 0
0 64 137 64 137 99 0 99 METAL 0
38 31 88 31 88 64 38 64 METAL 0
66 11 123 11 123 59 66 59 METAL 0
108.00000000000001 2 200 2 200 38 108.00000000000001 38 METAL 0
194 108.00000000000001 288 108.00000000000001 288 164 194 164 METAL 0
27.000000000000004 141 187 141 187 251.99999999999997 27.000000000000004 251.99999999999997 METAL 0
0 99 82 99 82 158 0 158 METAL 0
0 16 53 16 53 56 0 56 METAL 0
0 150 31 150 31 180 0 180 METAL 0
0 194 49 194 49 249 0 249 METAL 0
0 248 115 248 115 363 0 363 METAL 0
0 311 73 311 73 415 0 415 METAL 0
42 208 132 208 132 277 42 277 METAL 0
330 2 414 2 414 90 330 90 METAL 0