307 212.99999999999997 415 212.99999999999997 415 330 307 330 METAL 0
343 99 391 99 391 212.99999999999997 343 212.99999999999997 METAL 0
251.99999999999997 103 356 103 356 215.00000000000003 251.99999999999997 215.00000000000003 METAL 0
196 22 308 22 308 105 196 105 METAL 0
159 67 265 67 265 179 159 179 METAL 0
260 212.99999999999997 310 212.99999999999997 310 241.00000000000003 260 241.00000000000003 METAL 0
244 237 344 237 344 349 244 349 METAL 0
248 347 298 347 298 370 248 370 METAL 0
134 301 248 301 248 415 134 415 METAL 0
59.99999999999999 303 149 303 149 415 59.99999999999999 415 METAL 0
147 188 257 188 257 296 147 296 METAL 0
74 188 161 188 161 298 74 298 METAL 0
27.000000000000004 57.00000000000001 163 57.00000000000001 163 172 27.000000000000004 172 METAL 0
4 2 142 2 142 117 4 117 METAL 0
130 23 210 23 210 94 130 94 METAL 0
192 179 308 179 308 237 192 237 METAL 0