332 79 414 79 414 192 332 192 METAL 0
262 7 404 7 404 263 262 263 METAL 0
244 90 311 90 311 215.00000000000003 244 215.00000000000003 METAL 0
209 201 333 201 333 296 209 296 METAL 0
261 251.99999999999997 377 251.99999999999997 377 391 261 391 METAL 0
163 271 267 271 267 409 163 409 METAL 0
74 21 185 21 185 188 74 188 METAL 0
144 92 243 92 243 236 144 236 METAL 0
93 28 239.99999999999997 28 239.99999999999997 324 93 324 METAL 0
0 19 172 19 172 340 0 340 METAL 0
5 194 162 194 162 291 5 291 METAL 0
38 278 129 278 129 384 38 384 METAL 0