263 172 343 172 343 225.99999999999997 263 225.99999999999997 METAL 0
265 280 345 280 345 328 265 328 METAL 0
139 228.00000000000003 219 228.00000000000003 219 276 139 276 METAL 0
19 197 97 197 97 249 19 249 METAL 0
17 95 97 95 97 141 17 141 METAL 0
139 138 221 138 221 187 139 187 METAL 0
267 7 347 7 347 161 267 161 METAL 0
139 7 223 7 223 139 139 139 METAL 0
19 7 97 7 97 157 19 157 METAL 0
17 263 97 263 97 413 17 413 METAL 0
139 259 221 259 221 413 139 413 METAL 0
265 261 345 261 345 413 265 413 METAL 0