1 314 129 314 129 414 1 414 METAL 0
129 319 276 319 276 414 129 414 METAL 0
273 313 415 313 415 414 273 414 METAL 0
137 234 280 234 280 334 137 334 METAL 0
1 222 139 222 139 324 1 324 METAL 0
16 139 148 139 148 244 16 244 METAL 0
2 141 14.999999999999998 141 14.999999999999998 251 2 251 METAL 0
14 61 144 61 144 166 14 166 METAL 0
16 2 142 2 142 90 16 90 METAL 0
158 5 279 5 279 85 158 85 METAL 0
279 1 403 1 403 95 279 95 METAL 0
404 82 415 82 415 167 404 167 METAL 0
276 62.99999999999999 409 62.99999999999999 409 173 276 173 METAL 0
284 146 415 146 415 249 284 249 METAL 0
283 231 415 231 415 332 283 332 METAL 0
148 148 286 148 286 258 148 258 METAL 0
146 68 274 68 274 168 146 168 METAL 0