121.00000000000001 199 361 199 361 375 121.00000000000001 375 METAL 0
50 187 157 187 157 321 50 321 METAL 0
124 54.00000000000001 346 54.00000000000001 346 206 124 206 METAL 0
90 0 109 0 109 20 90 20 BIODEGRADABLE 0
108.00000000000001 0 138 0 138 24 108.00000000000001 24 BIODEGRADABLE 0
112.99999999999999 27.000000000000004 147 27.000000000000004 147 57.00000000000001 112.99999999999999 57.00000000000001 BIODEGRADABLE 0
141 56 155 56 155 76 141 76 BIODEGRADABLE 0
134 0 153 0 153 20 134 20 BIODEGRADABLE 0
50 79 78 79 78 119.99999999999999 50 119.99999999999999 BIODEGRADABLE 0
37 122 98 122 98 152 37 152 BIODEGRADABLE 0
21 131 57.00000000000001 131 57.00000000000001 172 21 172 BIODEGRADABLE 0
10 160 42 160 42 196 10 196 BIODEGRADABLE 0
33 171 69 171 69 213.99999999999997 33 213.99999999999997 BIODEGRADABLE 0
1 75 37 75 37 159 1 159 BIODEGRADABLE 0
1 161 14 161 14 191 1 191 BIODEGRADABLE 0
6 2 58 2 58 58 6 58 BIODEGRADABLE 0