19 11 91 11 91 149 19 149 METAL 0
91 9 167 9 167 140 91 140 METAL 0
168 9 248 9 248 136 168 136 METAL 0
248 13 318 13 318 133 248 133 METAL 0
324 13 392 13 392 133 324 133 METAL 0
325 136 395 136 395 260 325 260 METAL 0
246 135 320 135 320 269 246 269 METAL 0
172 140 246 140 246 262 172 262 METAL 0
93 136 169 136 169 260 93 260 METAL 0
17 146 91 146 91 264 17 264 METAL 0
327 262 401 262 401 393 327 393 METAL 0
248 271 326 271 326 402 248 402 METAL 0
172 266 246 266 246 402 172 402 METAL 0
99 262 171 262 171 388 99 388 METAL 0
19 267 97 267 97 396 19 396 METAL 0