27.000000000000004 0 130 0 130 232 27.000000000000004 232 METAL 0
127.00000000000001 1 238.99999999999997 1 238.99999999999997 247 127.00000000000001 247 METAL 0
231 1 366 1 366 277 231 277 METAL 0
364 0 415 0 415 51 364 51 METAL 0
9 226.99999999999997 71 226.99999999999997 71 388 9 388 METAL 0
31 288 137 288 137 414 31 414 METAL 0
116 371 222 371 222 414 116 414 METAL 0
112 221 204 221 204 371 112 371 METAL 0
188 270 289 270 289 414 188 414 METAL 0
275 352 397 352 397 414 275 414 METAL 0
327 264 416 264 416 415 327 415 METAL 0
374 195 415 195 415 275 374 275 METAL 0
337 153 381 153 381 275 337 275 METAL 0