3 45 56 45 56 199 3 199 METAL 0
54.00000000000001 16 106 16 106 165 54.00000000000001 165 METAL 0
41 18 68 18 68 115 41 115 METAL 0
57.00000000000001 74 140 74 140 291 57.00000000000001 291 METAL 0
112 62.99999999999999 165 62.99999999999999 165 225 112 225 METAL 0
145 62.99999999999999 215.00000000000003 62.99999999999999 215.00000000000003 291 145 291 METAL 0
152 61 251.99999999999997 61 251.99999999999997 393 152 393 METAL 0
189 45 223 45 223 129 189 129 METAL 0
173 45 198 45 198 105 173 105 METAL 0
228.00000000000003 50 270 50 270 160 228.00000000000003 160 METAL 0
241.00000000000003 84 290 84 290 301 241.00000000000003 301 METAL 0
279 53 327 53 327 189 279 189 METAL 0
333 50 395 50 395 218 333 218 METAL 0
288 92 378 92 378 341 288 341 METAL 0