268 127.00000000000001 415 127.00000000000001 415 414 268 414 METAL 0
335 98 414 98 414 134 335 134 METAL 0
160 89 304 89 304 389 160 389 METAL 0
26 131 200 131 200 414 26 414 METAL 0
0 110 48 110 48 291 0 291 METAL 0
23 0 167 0 167 131 23 131 METAL 0
172 62 254.00000000000003 62 254.00000000000003 98 172 98 METAL 0
355 67 409 67 409 98 355 98 METAL 0
238.99999999999997 0 383 0 383 115 238.99999999999997 115 METAL 0
91 362 212.99999999999997 362 212.99999999999997 414 91 414 BIODEGRADABLE 0
0 341 58 341 58 414 0 414 BIODEGRADABLE 0
0 273 29.999999999999996 273 29.999999999999996 346 0 346 BIODEGRADABLE 0