256 225 301 225 301 357 256 357 METAL 0
308 220 350 220 350 357 308 357 METAL 0
358 212 404 212 404 354 358 354 METAL 0
125 336 152 336 152 406 125 406 METAL 0
87 323 115 323 115 372 87 372 METAL 0
62.99999999999999 310 85 310 85 349 62.99999999999999 349 METAL 0
32 334 69 334 69 414 32 414 METAL 0
70 361 88 361 88 415 70 415 METAL 0
89 372 129 372 129 415 89 415 METAL 0
72 3 111 3 111 132 72 132 METAL 0
37 54.00000000000001 73 54.00000000000001 73 132 37 132 METAL 0
280 21 322 21 322 158 280 158 METAL 0
319 31 379 31 379 168 319 168 METAL 0
379 31 415 31 415 160 379 160 METAL 0
252.99999999999997 26 268 26 268 130 252.99999999999997 130 GLASS 0
238.99999999999997 31 255.00000000000003 31 255.00000000000003 124 238.99999999999997 124 GLASS 0
231 34 243 34 243 130 231 130 GLASS 0
243 47 251 47 251 135 243 135 GLASS 0
222 55 236 55 236 135 222 135 GLASS 0
187 130 205 130 205 166 187 166 GLASS 0
199 96 217 96 217 132 199 132 GLASS 0
189 59.99999999999999 207 59.99999999999999 207 99 189 99 GLASS 0
199 23 217 23 217 62 199 62 GLASS 0
157 18 177 18 177 59.99999999999999 157 59.99999999999999 GLASS 0