244 318 371 318 371 414 244 414 METAL 0
331 309 415 309 415 410 331 410 METAL 0
108.00000000000001 339 208 339 208 414 108.00000000000001 414 METAL 0
29 302 106 302 106 414 29 414 METAL 0
1 322 31 322 31 414 1 414 METAL 0
0 204 90 204 90 322 0 322 METAL 0
89 249 119 249 119 339 89 339 METAL 0
118 221 256 221 256 373 118 373 METAL 0
206 324 248 324 248 414 206 414 METAL 0
320 180 415 180 415 298 320 298 METAL 0
370 283 415 283 415 317 370 317 METAL 0
320 294 360 294 360 311 320 311 METAL 0
311 0 415 0 415 125 311 125 METAL 0
378 88 415 88 415 191 378 191 METAL 0
259 106.99999999999999 394 106.99999999999999 394 221 259 221 METAL 0
232 210 318 210 318 320 232 320 METAL 0
100 234 138 234 138 294 100 294 METAL 0
159 67 278 67 278 260 159 260 METAL 0
180 178 208 178 208 252.99999999999997 180 252.99999999999997 METAL 0
267 0 341 0 341 119.99999999999999 267 119.99999999999999 METAL 0
221 1 275 1 275 127.00000000000001 221 127.00000000000001 METAL 0
94 0 235 0 235 80 94 80 METAL 0
106.99999999999999 78 185 78 185 232 106.99999999999999 232 METAL 0
18 73 118 73 118 245 18 245 METAL 0
0 2 36 2 36 170 0 170 METAL 0
19 0 130 0 130 77 19 77 METAL 0
0 150 28 150 28 215.00000000000003 0 215.00000000000003 METAL 0