44 57.00000000000001 122 57.00000000000001 122 213.99999999999997 44 213.99999999999997 METAL 0
56 116 176 116 176 357 56 357 METAL 0
125.99999999999999 25 210 25 210 137 125.99999999999999 137 METAL 0
176 116 224 116 224 286 176 286 METAL 0
233 143 293 143 293 289 233 289 METAL 0
209 85 236 85 236 155 209 155 METAL 0
234 91 280 91 280 189 234 189 METAL 0
280 87 306 87 306 155 280 155 METAL 0
310 285 345 285 345 353 310 353 METAL 0
306 212 348 212 348 294 306 294 METAL 0
298 130 350 130 350 225.99999999999997 298 225.99999999999997 METAL 0
309 75 356 75 356 200 309 200 METAL 0