282 123 377 123 377 381 282 381 METAL 0
328 59 374 59 374 146 328 146 METAL 0
280 61 378 61 378 376 280 376 METAL 0
251 22 324 22 324 106 251 106 METAL 0
236 94 322 94 322 336 236 336 METAL 0
238 24 323 24 323 336 238 336 METAL 0
183 254.00000000000003 277 254.00000000000003 277 378 183 378 METAL 0
204 182 274 182 274 266 204 266 METAL 0
170 101 226.99999999999997 101 226.99999999999997 197 170 197 METAL 0
110 106 166 106 166 210 110 210 METAL 0
144 148 222 148 222 230 144 230 METAL 0
150 224 222 224 222 334 150 334 METAL 0
73 196 179 196 179 346 73 346 METAL 0
46 118 134 118 134 299 46 299 METAL 0
38 275 177 275 177 385 38 385 METAL 0