336 67 408 67 408 305 336 305 METAL 0
308 28 351 28 351 298 308 298 METAL 0
314 95 328 95 328 245 314 245 METAL 0
280 239.99999999999997 336 239.99999999999997 336 307 280 307 METAL 0
245 210 285 210 285 260 245 260 METAL 0
243 260 280 260 280 303 243 303 METAL 0
234 206 252.99999999999997 206 252.99999999999997 236 234 236 METAL 0
223 236 252.99999999999997 236 252.99999999999997 300 223 300 METAL 0
189 266 238.99999999999997 266 238.99999999999997 300 189 300 METAL 0
173 247 218 247 218 294 173 294 METAL 0
168 270 182 270 182 296 168 296 METAL 0
154 266 168 266 168 286 154 286 METAL 0
144 277 162 277 162 294 144 294 METAL 0
130 266 149 266 149 294 130 294 METAL 0
152 244 162 244 162 268 152 268 METAL 0
170 232 183 232 183 270 170 270 METAL 0
184 106.99999999999999 194 106.99999999999999 194 251 184 251 METAL 0
192 187 203 187 203 249 192 249 METAL 0
200 82 211 82 211 245 200 245 METAL 0
212.99999999999997 183 223 183 223 243 212.99999999999997 243 METAL 0
218 123 234 123 234 251 218 251 METAL 0
218 77 225.99999999999997 77 225.99999999999997 238 218 238 METAL 0
239.99999999999997 47 252.99999999999997 47 252.99999999999997 212 239.99999999999997 212 METAL 0
234 129 251.99999999999997 129 251.99999999999997 221 234 221 METAL 0
258 84 271 84 271 221 258 221 METAL 0
252.99999999999997 90 260 90 260 212 252.99999999999997 212 METAL 0
275 50 293 50 293 271 275 271 METAL 0
296 86 309 86 309 288 296 288 METAL 0