18 239.99999999999997 271 239.99999999999997 271 350 18 350 METAL 0
183 158 269 158 269 234 183 234 METAL 0
39 127.00000000000001 264 127.00000000000001 264 197 39 197 METAL 0
1 180 228.00000000000003 180 228.00000000000003 281 1 281 METAL 0
0 85 220 85 220 150 0 150 METAL 0
129 62.99999999999999 269 62.99999999999999 269 111 129 111 METAL 0
292 69 406 69 406 202 292 202 METAL 0
333 224 403 224 403 266 333 266 METAL 0
377 267 401 267 401 283 377 283 METAL 0
347 287 411 287 411 327 347 327 METAL 0
321 263 370 263 370 298 321 298 METAL 0
292 230 341 230 341 262 292 262 METAL 0
282 246 321 246 321 272 282 272 METAL 0
282 277 321 277 321 303 282 303 METAL 0
302 298 341 298 341 327 302 327 METAL 0