0 34 71 34 71 177 0 177 METAL 0
59 104 108.00000000000001 104 108.00000000000001 195 59 195 METAL 0
6 197 47 197 47 288 6 288 METAL 0
80 238 119 238 119 336 80 336 METAL 0
54.00000000000001 212 132 212 132 260 54.00000000000001 260 METAL 0
117 193 167 193 167 277 117 277 METAL 0
164 155 205 155 205 223 164 223 METAL 0
129 93 177 93 177 179 129 179 METAL 0
95 125.99999999999999 151 125.99999999999999 151 206 95 206 METAL 0
82 46 134 46 134 134 82 134 METAL 0
48 43 188 43 188 103 48 103 METAL 0
53 1 171 1 171 52 53 52 METAL 0
171 36 223 36 223 158 171 158 METAL 0
169 36 279 36 279 296 169 296 METAL 0
206 58 327 58 327 309 206 309 METAL 0
197 117 353 117 353 403 197 403 METAL 0
255.00000000000003 131 381 131 381 409 255.00000000000003 409 METAL 0
312 134 414 134 414 405 312 405 METAL 0