206 188 403 188 403 389 206 389 METAL 0
168 146 414 146 414 298 168 298 METAL 0
220 152 414 152 414 344 220 344 METAL 0
1 264 123 264 123 360 1 360 METAL 0
1 368 288 368 288 415 1 415 METAL 0
329 68 414 68 414 148 329 148 METAL 0
276 2 414 2 414 76 276 76 METAL 0
31 0 293 0 293 115 31 115 METAL 0
14 44 251 44 251 218 14 218 METAL 0
22 59.99999999999999 190 59.99999999999999 190 264 22 264 METAL 0
101 108.00000000000001 318 108.00000000000001 318 315 101 315 METAL 0
36 281 250 281 250 389 36 389 METAL 0
1 159 65 159 65 286 1 286 METAL 0
286 361 380 361 380 415 286 415 METAL 0