123 314 281 314 281 367 123 367 METAL 0
274 348 414 348 414 398 274 398 METAL 0
274 291 414 291 414 344 274 344 METAL 0
276 238 414 238 414 289 276 289 METAL 0
278 183 414 183 414 234 278 234 METAL 0
278 128 414 128 414 180 278 180 METAL 0
281 74 413 74 413 124 281 124 METAL 0
278 22 414 22 414 70 278 70 METAL 0
125 39 281 39 281 90 125 90 METAL 0
123 95 279 95 279 145 123 145 METAL 0
123 259 284 259 284 313 123 313 METAL 0
123 206 284 206 284 257 123 257 METAL 0
123 148 284 148 284 200 123 200 METAL 0
0 75 125 75 125 121.00000000000001 0 121.00000000000001 METAL 0
0 125.99999999999999 125 125.99999999999999 125 177 0 177 METAL 0
1 181 123 181 123 231 1 231 METAL 0
0 236 128 236 128 287 0 287 METAL 0
1 292 123 292 123 341 1 341 METAL 0