23 142 89 142 89 210 23 210 METAL 0
4 91 66 91 66 159 4 159 METAL 0
2 29.999999999999996 48 29.999999999999996 48 110 2 110 METAL 0
221 9 259 9 259 86 221 86 METAL 0
170 2 204 2 204 54.00000000000001 170 54.00000000000001 METAL 0
157 17 201 17 201 101 157 101 METAL 0
310 41 354 41 354 73 310 73 METAL 0
312 93 352 93 352 131 312 131 METAL 0
315 157 349 157 349 185 315 185 METAL 0
307 17 353 17 353 34 307 34 METAL 0
235 236 305 236 305 362 235 362 METAL 0
285 283 347 283 347 390 285 390 METAL 0
219 281 249 281 249 395 219 395 METAL 0
80 279 130 279 130 377 80 377 METAL 0
129 234 199 234 199 318 129 318 METAL 0
141 296 185 296 185 343 141 343 METAL 0
118 364 157 364 157 415 118 415 METAL 0