335 155 365 155 365 251 335 251 METAL 0
309 157 333 157 333 243 309 243 METAL 0
270 130 304 130 304 232 270 232 METAL 0
295 114.00000000000001 335 114.00000000000001 335 234 295 234 METAL 0
250 116 270 116 270 213.99999999999997 250 213.99999999999997 METAL 0
231 112 251 112 251 213.99999999999997 231 213.99999999999997 METAL 0
197 109 231 109 231 216.00000000000003 197 216.00000000000003 METAL 0
173 66 205 66 205 218 173 218 METAL 0
151 94 183 94 183 252.99999999999997 151 252.99999999999997 METAL 0
122 112 152 112 152 252.99999999999997 122 252.99999999999997 METAL 0
77 150 125 150 125 273 77 273 METAL 0
82 73 127.00000000000001 73 127.00000000000001 155 82 155 METAL 0
49 121.00000000000001 91 121.00000000000001 91 273 49 273 METAL 0
217 271 268 271 268 330 217 330 METAL 0
219 330 278 330 278 376 219 376 METAL 0
79 293 207 293 207 375 79 375 METAL 0
17 289 93 289 93 339 17 339 METAL 0
85 255.00000000000003 162 255.00000000000003 162 303 85 303 METAL 0
165 218 299 218 299 314 165 314 METAL 0
279 232 404 232 404 318 279 318 METAL 0
138 275 392 275 392 357 138 357 METAL 0