257 20 389 20 389 70 257 70 METAL 0
259 73 389 73 389 125 259 125 METAL 0
141 50 266 50 266 100 141 100 METAL 0
21 74 141 74 141 124 21 124 METAL 0
21 129 137 129 137 179 21 179 METAL 0
18 183 141 183 141 236 18 236 METAL 0
18 238.99999999999997 141 238.99999999999997 141 289 18 289 METAL 0
21 294 141 294 141 344 21 344 METAL 0
139 106 262 106 262 154 139 154 METAL 0
139 159 264 159 264 211 139 211 METAL 0
141 217 264 217 264 265 141 265 METAL 0
139 271 264 271 264 319 139 319 METAL 0
139 327 262 327 262 374 139 374 METAL 0
264 129 392 129 392 179 264 179 METAL 0
264 183 394 183 394 233 264 233 METAL 0
264 237 392 237 392 289 264 289 METAL 0
261 290 389 290 389 342 261 342 METAL 0
259 345 387 345 387 395 259 395 METAL 0