207 21 288 21 288 221 207 221 METAL 0
14.999999999999998 8 201 8 201 242.00000000000003 14.999999999999998 242.00000000000003 METAL 0
12 193 152 193 152 330 12 330 METAL 0
9 311 112.99999999999999 311 112.99999999999999 414 9 414 METAL 0
201 235 252.99999999999997 235 252.99999999999997 317 201 317 METAL 0
171 270 195 270 195 342 171 342 METAL 0
183 337 282 337 282 407 183 407 METAL 0
306 223 412 223 412 407 306 407 METAL 0
298 121.00000000000001 402 121.00000000000001 402 275 298 275 METAL 0
293 14 375 14 375 112 293 112 METAL 0
368 77 400 77 400 139 368 139 METAL 0
366 125 415 125 415 184 366 184 METAL 0