105 29 335 29 335 132 105 132 METAL 0
55 28 159 28 159 93 55 93 METAL 0
54.00000000000001 27.000000000000004 332 27.000000000000004 332 130 54.00000000000001 130 METAL 0
128 119 378 119 378 221 128 221 METAL 0
125 121.00000000000001 211 121.00000000000001 211 207 125 207 METAL 0
82 209 307 209 307 297 82 297 METAL 0
32 250 139 250 139 306 32 306 METAL 0
34 209 312 209 312 309 34 309 METAL 0
86 321 198 321 198 391 86 391 METAL 0
123 293 361 293 361 392 123 392 METAL 0
82 295 360 295 360 392 82 392 METAL 0
125 143 191 143 191 171 125 171 METAL 0