284 11 402 11 402 131 284 131 METAL 0
18 23 264 23 264 137 18 137 METAL 0
80 105 232 105 232 189 80 189 METAL 0
141 106.99999999999999 199 106.99999999999999 199 175 141 175 METAL 0
286 135 350 135 350 185 286 185 METAL 0
246 125.99999999999999 306 125.99999999999999 306 162 246 162 METAL 0
286 356 358 356 358 386 286 386 METAL 0
306 255.00000000000003 342 255.00000000000003 342 407 306 407 METAL 0
292 224 360 224 360 255.00000000000003 292 255.00000000000003 METAL 0
170 283 241.00000000000003 283 241.00000000000003 367 170 367 METAL 0
172 225 237 225 237 255.00000000000003 172 255.00000000000003 METAL 0
74 255.00000000000003 110 255.00000000000003 110 405 74 405 METAL 0
58 222 125.99999999999999 222 125.99999999999999 255.00000000000003 58 255.00000000000003 METAL 0
292 224 360 224 360 403 292 403 METAL 0
58 224 129 224 129 410 58 410 METAL 0