6 251.99999999999997 166 251.99999999999997 166 413 6 413 METAL 0
78 229.00000000000003 239.99999999999997 229.00000000000003 239.99999999999997 383 78 383 METAL 0
142 0 298 0 298 129 142 129 METAL 0
32 61 146 61 146 195 32 195 METAL 0
31 179 105 179 105 271 31 271 METAL 0
93 112 247 112 247 236 93 236 METAL 0
89 216.00000000000003 247 216.00000000000003 247 317 89 317 METAL 0
258 109 415 109 415 248 258 248 METAL 0
261 229.00000000000003 415 229.00000000000003 415 331 261 331 METAL 0
245 186 259 186 259 280 245 280 METAL 0
247 64 350 64 350 192 247 192 METAL 0