62.99999999999999 2 106.99999999999999 2 106.99999999999999 50 62.99999999999999 50 METAL 0
91 8 130 8 130 56 91 56 METAL 0
74 48 109 48 109 94 74 94 METAL 0
43 41 89 41 89 95 43 95 METAL 0
43 85 83 85 83 133 43 133 METAL 0
78 136 118 136 118 176 78 176 METAL 0
102 155 146 155 146 194 102 194 METAL 0
104 198 144 198 144 233 104 233 METAL 0
76 222 122 222 122 262 76 262 METAL 0
50 198 94 198 94 242.00000000000003 50 242.00000000000003 METAL 0
45 157 89 157 89 196 45 196 METAL 0
46 299 106.99999999999999 299 106.99999999999999 357 46 357 METAL 0
93 277 143 277 143 335 93 335 METAL 0
132 313 169 313 169 359 132 359 METAL 0
95 331 135 331 135 387 95 387 METAL 0
35 355 98 355 98 409 35 409 METAL 0
74 386 127.00000000000001 386 127.00000000000001 415 74 415 METAL 0
129 363 161 363 161 411 129 411 METAL 0
174 102 354 102 354 150 174 150 METAL 0
180 8 278 8 278 145 180 145 METAL 0
121.00000000000001 6 238.99999999999997 6 238.99999999999997 122 121.00000000000001 122 METAL 0
148 141 276 141 276 207 148 207 METAL 0
194 185 372 185 372 238.99999999999997 194 238.99999999999997 METAL 0
276 185 318 185 318 237 276 237 METAL 0
225.99999999999997 172 388 172 388 209 225.99999999999997 209 METAL 0
207 233 381 233 381 279 207 279 METAL 0
152 224 191 224 191 274 152 274 METAL 0
137 244 177 244 177 298 137 298 METAL 0
148 279 185 279 185 329 148 329 METAL 0
204 279 376 279 376 327 204 327 METAL 0
192 316 366 316 366 377 192 377 METAL 0
163 338 341 338 341 405 163 405 METAL 0