2 207 65 207 65 340 2 340 METAL 0
67 222 141 222 141 350 67 350 METAL 0
183 331 265 331 265 379 183 379 METAL 0
144 222 224 222 224 348 144 348 METAL 0
218 246 348 246 348 353 218 353 METAL 0
300 218 376 218 376 344 300 344 METAL 0
222 219 296 219 296 337 222 337 METAL 0
353 255.00000000000003 415 255.00000000000003 415 356 353 356 METAL 0
353 209 411 209 411 272 353 272 METAL 0
283 109 353 109 353 220 283 220 METAL 0
231 102 290 102 290 208 231 208 METAL 0
111 141 235 141 235 225.99999999999997 111 225.99999999999997 METAL 0
91 108.00000000000001 155 108.00000000000001 155 215.00000000000003 91 215.00000000000003 METAL 0
33 209 89 209 89 322 33 322 METAL 0
185 209 243 209 243 225 185 225 METAL 0