315 202 383 202 383 305 315 305 METAL 0
288 112.99999999999999 393 112.99999999999999 393 238.99999999999997 288 238.99999999999997 METAL 0
222 119.99999999999999 287 119.99999999999999 287 266 222 266 METAL 0
250 99 306 99 306 193 250 193 METAL 0
231 225 316 225 316 311 231 311 METAL 0
150 303 230 303 230 357 150 357 METAL 0
135 171 230 171 230 311 135 311 METAL 0
182 84 242.00000000000003 84 242.00000000000003 198 182 198 METAL 0
191 88 225 88 225 136 191 136 METAL 0
186 64 210 64 210 105 186 105 METAL 0
137 59.99999999999999 177 59.99999999999999 177 134 137 134 METAL 0
152 87 192 87 192 163 152 163 METAL 0
97 79 149 79 149 161 97 161 METAL 0
23 93 110 93 110 229.00000000000003 23 229.00000000000003 METAL 0
115 159 183 159 183 241.00000000000003 115 241.00000000000003 METAL 0
47 221 133 221 133 285 47 285 METAL 0
57.00000000000001 280 147 280 147 354 57.00000000000001 354 METAL 0