128 327 143 327 143 350 128 350 BIODEGRADABLE 0
100 331 115 331 115 354 100 354 BIODEGRADABLE 0
95 327 103 327 103 358 95 358 BIODEGRADABLE 0
76 333 88 333 88 360 76 360 BIODEGRADABLE 0
65 342 75 342 75 369 65 369 BIODEGRADABLE 0
55 342 65 342 65 362 55 362 BIODEGRADABLE 0
48 338 55 338 55 356 48 356 BIODEGRADABLE 0
135 359 141 359 141 375 135 375 BIODEGRADABLE 0
148 357 156 357 156 375 148 375 BIODEGRADABLE 0
156 350 170 350 170 364 156 364 BIODEGRADABLE 0
168 342 178 342 178 360 168 360 BIODEGRADABLE 0
179 352 193 352 193 370 179 370 BIODEGRADABLE 0
179 323 194 323 194 339 179 339 BIODEGRADABLE 0
192 313 209 313 209 338 192 338 BIODEGRADABLE 0