68 238.99999999999997 188 238.99999999999997 188 382 68 382 METAL 0
79 219 179 219 179 291 79 291 METAL 0
65 139 153 139 153 296 65 296 METAL 0
159 157 247 157 247 327 159 327 METAL 0
167 123 238.99999999999997 123 238.99999999999997 193 167 193 METAL 0
254.00000000000003 175 319 175 319 218 254.00000000000003 218 METAL 0
237 191 327 191 327 364 237 364 METAL 0
304 141 360 141 360 282 304 282 METAL 0
296 109 354 109 354 159 296 159 METAL 0
105 82 188 82 188 146 105 146 METAL 0
79 75 131 75 131 153 79 153 METAL 0
251 114.00000000000001 331 114.00000000000001 331 201 251 201 METAL 0