320 298 404 298 404 370 320 370 METAL 0
194 330 325 330 325 382 194 382 METAL 0
164 350 231 350 231 378 164 378 METAL 0
82 286 134 286 134 354 82 354 METAL 0
84 282 282 282 282 358 84 358 METAL 0
134 230 347 230 347 309 134 309 METAL 0
5 192 129 192 129 250 5 250 METAL 0
85 200 263 200 263 268 85 268 METAL 0
122 125 335 125 335 204 122 204 METAL 0
80 84 124 84 124 150 80 150 METAL 0
80 78 270 78 270 153 80 153 METAL 0
189 56 315 56 315 110 189 110 METAL 0
154 57.00000000000001 218 57.00000000000001 218 86 154 86 METAL 0
307 70 396 70 396 142 307 142 METAL 0
45 64 127.00000000000001 64 127.00000000000001 80 45 80 METAL 0