102 316 348 316 348 390 102 390 METAL 0
41 347 137 347 137 388 41 388 METAL 0
0 293 116 293 116 339 0 339 METAL 0
69 271 328 271 328 327 69 327 METAL 0
278 208 396 208 396 274 278 274 METAL 0
221 201 287 201 287 283 221 283 METAL 0
109 212 166 212 166 234 109 234 METAL 0
71 244 164 244 164 262 71 262 METAL 0
41 213.99999999999997 161 213.99999999999997 161 241.00000000000003 41 241.00000000000003 METAL 0
155 209 226.99999999999997 209 226.99999999999997 267 155 267 METAL 0
21 212 159 212 159 311 21 311 METAL 0
53 185 146 185 146 209 53 209 METAL 0
121.00000000000001 171 230 171 230 212 121.00000000000001 212 METAL 0
182 173 296 173 296 205 182 205 METAL 0
264 117 355 117 355 205 264 205 METAL 0
166 125.99999999999999 298 125.99999999999999 298 173 166 173 METAL 0
103 123 178 123 178 173 103 173 METAL 0
32 146 62 146 62 167 32 167 METAL 0
59 149 143 149 143 173 59 173 METAL 0
3 55 39 55 39 137 3 137 METAL 0
39 41 51 41 51 141 39 141 METAL 0
52 46 159 46 159 130 52 130 METAL 0
64 33 148 33 148 59 64 59 METAL 0
64 59 150 59 150 68 64 68 METAL 0
62 68 144 68 144 77 62 77 METAL 0
64 77 139 77 139 83 64 83 METAL 0
96 96 178 96 178 119.99999999999999 96 119.99999999999999 METAL 0
171 89 328 89 328 127.00000000000001 171 127.00000000000001 METAL 0
146 21 326 21 326 115 146 115 METAL 0
303 59 387 59 387 117 303 117 METAL 0