241.00000000000003 2 338 2 338 123 241.00000000000003 123 METAL 0
356 7 415 7 415 132 356 132 METAL 0
285 109 400 109 400 230 285 230 METAL 0
268 237 390 237 390 353 268 353 METAL 0
148 262 263 262 263 410 148 410 METAL 0
225 189 301 189 301 314 225 314 METAL 0
226.99999999999997 132 281 132 281 218 226.99999999999997 218 METAL 0
188 106.99999999999999 256 106.99999999999999 256 200 188 200 METAL 0
158 3 238 3 238 89 158 89 METAL 0
133 27.000000000000004 223 27.000000000000004 223 139 133 139 METAL 0
122 103 215.00000000000003 103 215.00000000000003 271 122 271 METAL 0
118 255.00000000000003 161 255.00000000000003 161 327 118 327 METAL 0
16 329 144 329 144 415 16 415 METAL 0
119 330 162 330 162 400 119 400 METAL 0
0 341 29 341 29 411 0 411 METAL 0
21 291 111 291 111 403 21 403 METAL 0
1 171 52 171 52 335 1 335 METAL 0
48 182 138 182 138 302 48 302 METAL 0
76 114.00000000000001 135 114.00000000000001 135 223 76 223 METAL 0
0 64 82 64 82 216.00000000000003 0 216.00000000000003 METAL 0
2 2 87 2 87 98 2 98 METAL 0
68 2 160 2 160 59 68 59 METAL 0
83 48 136 48 136 114.00000000000001 83 114.00000000000001 METAL 0
339 5 359 5 359 109 339 109 METAL 0
392 121.00000000000001 414 121.00000000000001 414 207 392 207 METAL 0
391 230 415 230 415 310 391 310 METAL 0