231 165 291 165 291 249 231 249 METAL 0
169 211 234 211 234 293 169 293 METAL 0
174 128 236 128 236 210 174 210 METAL 0
115 85 184 85 184 167 115 167 METAL 0
69 46 136 46 136 123 69 123 METAL 0
14.999999999999998 7 91 7 91 85 14.999999999999998 85 METAL 0
112.99999999999999 172 184 172 184 251.99999999999997 112.99999999999999 251.99999999999997 METAL 0
65 131 123 131 123 208 65 208 METAL 0
8 93 84 93 84 169 8 169 METAL 0
6 176 84 176 84 254.00000000000003 6 254.00000000000003 METAL 0
59 212 132 212 132 292 59 292 METAL 0
115 256 182 256 182 336 115 336 METAL 0
61 295 132 295 132 375 61 375 METAL 0
13 336 84 336 84 413 13 413 METAL 0
11 257 62.99999999999999 257 62.99999999999999 334 11 334 METAL 0