91 50 191 50 191 102 91 102 METAL 0
173 70 269 70 269 122 173 122 METAL 0
262 86 360 86 360 140 262 140 METAL 0
353 103 415 103 415 156 353 156 METAL 0
269 153 360 153 360 202 269 202 METAL 0
180 130 269 130 269 181 180 181 METAL 0
94 112.99999999999999 187 112.99999999999999 187 161 94 161 METAL 0
96 172 182 172 182 221 96 221 METAL 0
178 194 271 194 271 243 178 243 METAL 0
269 219 355 219 355 267 269 267 METAL 0
357 179 415 179 415 233 357 233 METAL 0
353 260 415 260 415 312 353 312 METAL 0
267 287 356 287 356 340 267 340 METAL 0
180 259 269 259 269 307 180 307 METAL 0
178 321 271 321 271 374 178 374 METAL 0
91 291 180 291 180 340 91 340 METAL 0
93 345 182 345 182 397 93 397 METAL 0