238 280 296 280 296 322 238 322 METAL 0
238 313 294 313 294 339 238 339 METAL 0
238 324 296 324 296 374 238 374 METAL 0
210 330 250 330 250 370 210 370 METAL 0
177 259 235 259 235 299 177 299 METAL 0
181 296 235 296 235 322 181 322 METAL 0
179 315 233 315 233 341 179 341 METAL 0
115 238.99999999999997 173 238.99999999999997 173 278 115 278 METAL 0
117 276 174 276 174 300 117 300 METAL 0
119 298 172 298 172 320 119 320 METAL 0
118 313 174 313 174 337 118 337 METAL 0
170 139 233 139 233 193 170 193 METAL 0
217 136 263 136 263 176 217 176 METAL 0
238 76 296 76 296 122 238 122 METAL 0
238 118 296 118 296 146 238 146 METAL 0
176 50 235 50 235 92 176 92 METAL 0
179 89 235 89 235 119 179 119 METAL 0
179 119 233 119 233 141 179 141 METAL 0
116 26 174 26 174 61 116 61 METAL 0
115 61 176 61 176 93 115 93 METAL 0
118 94 174 94 174 119.99999999999999 118 119.99999999999999 METAL 0
117 118 176 118 176 146 117 146 METAL 0