246 238 414 238 414 404 246 404 METAL 0
176 352 414 352 414 415 176 415 METAL 0
326 71 414 71 414 243 326 243 METAL 0
154 178 348 178 348 299 154 299 METAL 0
102 282 246 282 246 391 102 391 METAL 0
68 375 178 375 178 415 68 415 METAL 0
205 34 414 34 414 181 205 181 METAL 0
272 0 414 0 414 36 272 36 METAL 0
134 18 288 18 288 132 134 132 METAL 0
95 129 213.99999999999997 129 213.99999999999997 226.99999999999997 95 226.99999999999997 METAL 0
54.00000000000001 223 158 223 158 309 54.00000000000001 309 METAL 0
32 305 110 305 110 387 32 387 METAL 0
5 375 69 375 69 415 5 415 METAL 0
83 9 187 9 187 101 83 101 METAL 0
54.00000000000001 101 164 101 164 183 54.00000000000001 183 METAL 0
22 184 114.00000000000001 184 114.00000000000001 256 22 256 METAL 0
1 259 61 259 61 325 1 325 METAL 0
1 325 37 325 37 386 1 386 METAL 0