3 42 141 42 141 251 3 251 METAL 0
2 251 123 251 123 415 2 415 METAL 0
16 174 241.00000000000003 174 241.00000000000003 360 16 360 METAL 0
36 8 248 8 248 180 36 180 METAL 0
3 2 153 2 153 43 3 43 METAL 0
102 358 212.99999999999997 358 212.99999999999997 415 102 415 METAL 0
138 292 301 292 301 415 138 415 METAL 0
143 133 318 133 318 291 143 291 METAL 0
175 2 327 2 327 136 175 136 METAL 0
307 2 387 2 387 86 307 86 METAL 0
250 91 380 91 380 221 250 221 METAL 0
248 230 376 230 376 369 248 369 METAL 0
295 369 358 369 358 415 295 415 METAL 0