342 263 405 263 405 365 342 365 METAL 0
326 54.00000000000001 413 54.00000000000001 413 203 326 203 METAL 0
251 262 331 262 331 362 251 362 METAL 0
246 59 320 59 320 185 246 185 METAL 0
170 62 238.99999999999997 62 238.99999999999997 170 170 170 METAL 0
173 262 246 262 246 352 173 352 METAL 0
105 262 170 262 170 342 105 342 METAL 0
51 262 100 262 100 324 51 324 METAL 0
5 265 43 265 43 314 5 314 METAL 0
105 59.99999999999999 164 59.99999999999999 164 170 105 170 METAL 0
48 57.00000000000001 101 57.00000000000001 101 155 48 155 METAL 0
2 59 45 59 45 131 2 131 METAL 0