116 325 206 325 206 413 116 413 METAL 0
185 293 268 293 268 377 185 377 METAL 0
146 247 218 247 218 325 146 325 METAL 0
206 218 283 218 283 295 206 295 METAL 0
256 168 333 168 333 250 256 250 METAL 0
245 82 324 82 324 166 245 166 METAL 0
202 125 260 125 260 200 202 200 METAL 0
166 173 236 173 236 245 166 245 METAL 0
98 198 177 198 177 273 98 273 METAL 0
85 118 179 118 179 208 85 208 METAL 0
183 82 264 82 264 164 183 164 METAL 0
141 88 197 88 197 165 141 165 METAL 0
181 34 264 34 264 119.99999999999999 181 119.99999999999999 METAL 0
116 0 204 0 204 86 116 86 METAL 0