94 33 148 33 148 73 94 73 METAL 0
91 80 141 80 141 118 91 118 METAL 0
146 68 210 68 210 100 146 100 METAL 0
228.00000000000003 83 312 83 312 203 228.00000000000003 203 METAL 0
164 298 332 298 332 377 164 377 METAL 0
137 324 187 324 187 364 137 364 METAL 0
194 338 237 338 237 365 194 365 METAL 0
144 265 198 265 198 305 144 305 METAL 0
110 273 164 273 164 291 110 291 METAL 0
100 226.99999999999997 162 226.99999999999997 162 265 100 265 METAL 0
244 286 314 286 314 386 244 386 METAL 0
87 123 119 123 119 158 87 158 METAL 0
125.99999999999999 122 180 122 180 162 125.99999999999999 162 METAL 0
141 97 189 97 189 133 141 133 METAL 0
116 173 159 173 159 203 116 203 METAL 0
109 155 150 155 150 183 109 183 METAL 0
248 212 323 212 323 258 248 258 METAL 0
218 201 298 201 298 257 218 257 METAL 0
189 171 230 171 230 198 189 198 METAL 0
136 110 216.00000000000003 110 216.00000000000003 224 136 224 METAL 0
198 140 248 140 248 168 198 168 METAL 0
203 110 238.99999999999997 110 238.99999999999997 138 203 138 METAL 0
166 177 280 177 280 252.99999999999997 166 252.99999999999997 METAL 0
217 225.99999999999997 255.00000000000003 225.99999999999997 255.00000000000003 256 217 256 METAL 0
196 280 255.00000000000003 280 255.00000000000003 321 196 321 METAL 0
268 268 332 268 332 330 268 330 METAL 0
248 268 284 268 284 292 248 292 METAL 0
232 244 273 244 273 270 232 270 METAL 0