251.99999999999997 78 413 78 413 212 251.99999999999997 212 METAL 0
251 167 413 167 413 272 251 272 METAL 0
254.00000000000003 249 408 249 408 317 254.00000000000003 317 METAL 0
155 261 303 261 303 377 155 377 METAL 0
263 269 413 269 413 403 263 403 METAL 0
12 237 159 237 159 385 12 385 METAL 0
12 331 155 331 155 409 12 409 METAL 0
53 6 213.99999999999997 6 213.99999999999997 121.00000000000001 53 121.00000000000001 METAL 0
159 53 265 53 265 187 159 187 METAL 0
159 173 254.00000000000003 173 254.00000000000003 249 159 249 METAL 0
157 247 254.00000000000003 247 254.00000000000003 295 157 295 METAL 0
4 84 161 84 161 203 4 203 METAL 0
1 187 159 187 159 265 1 265 METAL 0
3 245 157 245 157 315 3 315 METAL 0