260 1 414 1 414 75 260 75 METAL 0
275 67 413 67 413 195 275 195 METAL 0
344 155 414 155 414 207 344 207 METAL 0
295 179 414 179 414 285 295 285 METAL 0
191 235 335 235 335 332 191 332 METAL 0
270 286 414 286 414 401 270 401 METAL 0
109 320 414 320 414 415 109 415 METAL 0
70 238 231 238 231 372 70 372 METAL 0
5 222 173 222 173 296 5 296 METAL 0
25 277 89 277 89 347 25 347 METAL 0
38 342 176 342 176 415 38 415 METAL 0
1 338 62 338 62 415 1 415 METAL 0
1 294 42 294 42 345 1 345 METAL 0
0 203 82 203 82 275 0 275 METAL 0
1 108.00000000000001 99 108.00000000000001 99 197 1 197 METAL 0
161 2 231 2 231 50 161 50 METAL 0
188 2 239.99999999999997 2 239.99999999999997 24 188 24 METAL 0
211 2 300 2 300 66 211 66 METAL 0
178 66 290 66 290 142 178 142 METAL 0
159 51 211 51 211 79 159 79 METAL 0
85 29.999999999999996 181 29.999999999999996 181 74 85 74 METAL 0
80 2 169 2 169 34 80 34 METAL 0
97 74 183 74 183 138 97 138 METAL 0
129 129 248 129 248 195 129 195 METAL 0
238 189 340 189 340 236 238 236 METAL 0
99 162 230 162 230 230 99 230 METAL 0
18 34 85 34 85 74 18 74 METAL 0
65 95 109 95 109 163 65 163 METAL 0
67 61 106.99999999999999 61 106.99999999999999 121.00000000000001 67 121.00000000000001 METAL 0
0 51 29.999999999999996 51 29.999999999999996 106.99999999999999 0 106.99999999999999 METAL 0
3 11 82 11 82 53 3 53 METAL 0
18 2 80 2 80 14 18 14 METAL 0
0 2 414 2 414 416 0 416 METAL 0