216.00000000000003 102 311 102 311 359 216.00000000000003 359 METAL 0
311 89 365 89 365 212 311 212 METAL 0
351 1 415 1 415 252.99999999999997 351 252.99999999999997 METAL 0
309 209 415 209 415 332 309 332 METAL 0
324 316 402 316 402 414 324 414 METAL 0
288 368 352 368 352 414 288 414 METAL 0
71 246 281 246 281 414 71 414 METAL 0
11 257 99 257 99 375 11 375 METAL 0
1 284 62 284 62 414 1 414 METAL 0
1 119.99999999999999 80 119.99999999999999 80 260 1 260 METAL 0
101 136 193 136 193 250 101 250 METAL 0
192 155 243 155 243 259 192 259 METAL 0
43 157 243 157 243 298 43 298 METAL 0
105 11 187 11 187 175 105 175 METAL 0
67 116 109 116 109 230 67 230 METAL 0
1 1 124 1 124 123 1 123 METAL 0
136 1 321 1 321 116 136 116 METAL 0