245 256 356 256 356 414 245 414 METAL 0
363 197 415 197 415 414 363 414 METAL 0
266 208 364 208 364 394 266 394 METAL 0
176 233 267 233 267 414 176 414 METAL 0
96 262 204 262 204 414 96 414 METAL 0
0 238 90 238 90 414 0 414 METAL 0
90 210 186 210 186 414 90 414 METAL 0
201 170 295 170 295 256 201 256 METAL 0
289 158 381 158 381 222 289 222 METAL 0
381 145 415 145 415 199 381 199 METAL 0
322 109 402 109 402 165 322 165 METAL 0
393 86 415 86 415 147 393 147 METAL 0
363 47 415 47 415 95 363 95 METAL 0
359 12 415 12 415 55 359 55 METAL 0
308 0 375 0 375 27.000000000000004 308 27.000000000000004 METAL 0
163 66 236 66 236 140 163 140 METAL 0
239.99999999999997 48 300 48 300 118 239.99999999999997 118 METAL 0
299 70 371 70 371 131 299 131 METAL 0
88 66 164 66 164 134 88 134 METAL 0
14 88 96 88 96 147 14 147 METAL 0
87 112.99999999999999 163 112.99999999999999 163 167 87 167 METAL 0
161 132 238.99999999999997 132 238.99999999999997 238 161 238 METAL 0
239.99999999999997 115 324 115 324 199 239.99999999999997 199 METAL 0
1 186 61 186 61 263 1 263 METAL 0
1 134 87 134 87 258 1 258 METAL 0