300 109 414 109 414 223 300 223 METAL 0
304 0 380 0 380 80 304 80 METAL 0
337 0 415 0 415 28 337 28 METAL 0
351 0 364 0 364 28 351 28 METAL 0
362 23 372 23 372 51 362 51 METAL 0
374 29.999999999999996 383 29.999999999999996 383 59.99999999999999 374 59.99999999999999 METAL 0
358 34 400 34 400 59 358 59 METAL 0
403 27.000000000000004 415 27.000000000000004 415 68 403 68 METAL 0
306 21 402 21 402 105 306 105 METAL 0
373 96 415 96 415 137 373 137 METAL 0
339 64 371 64 371 136 339 136 METAL 0
353 66 386 66 386 164 353 164 METAL 0
394 157 403 157 403 173 394 173 METAL 0
290 89 336 89 336 137 290 137 METAL 0
156 100 281 100 281 168 156 168 METAL 0
244 29.999999999999996 258 29.999999999999996 258 110 244 110 METAL 0
265 5 303 5 303 46 265 46 METAL 0
260 29 306 29 306 106.99999999999999 260 106.99999999999999 METAL 0
349 203 359 203 359 237 349 237 METAL 0
359 205 369 205 369 238.99999999999997 359 238.99999999999997 METAL 0
342 205 413 205 413 246 342 246 METAL 0
338 164 415 164 415 246 338 246 METAL 0
305 216.00000000000003 338 216.00000000000003 338 251.99999999999997 305 251.99999999999997 METAL 0
338 241.00000000000003 415 241.00000000000003 415 307 338 307 METAL 0
392 260 414 260 414 280 392 280 METAL 0
361 241.00000000000003 401 241.00000000000003 401 275 361 275 METAL 0
283 268 347 268 347 414 283 414 METAL 0
276 312 366 312 366 348 276 348 METAL 0
350 330 415 330 415 414 350 414 METAL 0
335 392 381 392 381 414 335 414 METAL 0
317 362 353 362 353 414 317 414 METAL 0
176 146 306 146 306 255.00000000000003 176 255.00000000000003 METAL 0
283 182 303 182 303 225 283 225 METAL 0
211 137 277 137 277 205 211 205 METAL 0
222 139 238 139 238 171 222 171 METAL 0
231 143 246 143 246 175 231 175 METAL 0
244 157 259 157 259 187 244 187 METAL 0
234 132 330 132 330 196 234 196 METAL 0
212.99999999999997 25 272 25 272 109 212.99999999999997 109 METAL 0
98 286 241.00000000000003 286 241.00000000000003 414 98 414 METAL 0
69 314 127.00000000000001 314 127.00000000000001 389 69 389 METAL 0
92 339 118 339 118 380 92 380 METAL 0
0 364 92 364 92 412 0 412 METAL 0
0 356 82 356 82 396 0 396 METAL 0
169 264 251 264 251 382 169 382 METAL 0
172 332 251.99999999999997 332 251.99999999999997 373 172 373 METAL 0
0 0 76 0 76 73 0 73 METAL 0
25 29.999999999999996 41 29.999999999999996 41 64 25 64 METAL 0
13 53 29 53 29 78 13 78 METAL 0
77 3 99 3 99 39 77 39 METAL 0
83 16 117 16 117 57.00000000000001 83 57.00000000000001 METAL 0
112 0 171 0 171 34 112 34 METAL 0
157 7 189 7 189 25 157 25 METAL 0
0 92 24 92 24 130 0 130 METAL 0
0 128 128 128 128 148 0 148 METAL 0
0 144 21 144 21 230 0 230 METAL 0
160 392 172 392 172 414 160 414 METAL 0
165 362 177 362 177 414 165 414 METAL 0
178 373 190 373 190 414 178 414 METAL 0
269 357 291 357 291 375 269 375 METAL 0
269 371 291 371 291 391 269 391 METAL 0
269 293 290 293 290 405 269 405 METAL 0
260 352 272 352 272 398 260 398 METAL 0
172 334 251.99999999999997 334 251.99999999999997 366 172 366 METAL 0
137 261 169 261 169 325 137 325 METAL 0
118 269 146 269 146 303 118 303 METAL 0
52 213.99999999999997 148 213.99999999999997 148 289 52 289 METAL 0
119 237 285 237 285 273 119 273 METAL 0
0 344 27.000000000000004 344 27.000000000000004 369 0 369 METAL 0
31 346 47 346 47 360 31 360 METAL 0
0 328 71 328 71 350 0 350 METAL 0
49 302 67 302 67 332 49 332 METAL 0
27.000000000000004 307 47 307 47 411 27.000000000000004 411 METAL 0
28 273 74 273 74 316 28 316 METAL 0
80 264 104 264 104 305 80 305 METAL 0
72 218 148 218 148 275 72 275 METAL 0
184 159 260 159 260 305 184 305 METAL 0
115 166 205 166 205 207 115 207 METAL 0
44 144 138 144 138 212 44 212 METAL 0
112 64 195 64 195 130 112 130 METAL 0
142 0 224 0 224 75 142 75 METAL 0
236 0 301 0 301 28 236 28 METAL 0
68 91 90 91 90 125 68 125 METAL 0
21 137 79 137 79 171 21 171 METAL 0
45 146 116 146 116 210 45 210 METAL 0
80 151 89 151 89 171 80 171 METAL 0
308 218 338 218 338 264 308 264 METAL 0
337 164 415 164 415 238.99999999999997 337 238.99999999999997 METAL 0
0 0 415 0 415 414 0 414 METAL 0