139 319 268 319 268 362 139 362 METAL 0
255.00000000000003 312 389 312 389 364 255.00000000000003 364 METAL 0
221 262 389 262 389 312 221 312 METAL 0
109 269 233 269 233 311 109 311 METAL 0
65 297 278 297 278 339 65 339 METAL 0
85 241.00000000000003 122 241.00000000000003 122 291 85 291 METAL 0
122 243 241.00000000000003 243 241.00000000000003 269 122 269 METAL 0
144 218 270 218 270 262 144 262 METAL 0
270 213.99999999999997 392 213.99999999999997 392 261 270 261 METAL 0
125.99999999999999 164 270 164 270 213.99999999999997 125.99999999999999 213.99999999999997 METAL 0
265 167 394 167 394 213.99999999999997 265 213.99999999999997 METAL 0
221 117 359 117 359 167 221 167 METAL 0
352 114.00000000000001 389 114.00000000000001 389 166 352 166 METAL 0
223 58 391 58 391 114.00000000000001 223 114.00000000000001 METAL 0
97 59.99999999999999 228.00000000000003 59.99999999999999 228.00000000000003 112 97 112 METAL 0
13 99 132 99 132 138 13 138 METAL 0
131 108.00000000000001 212.99999999999997 108.00000000000001 212.99999999999997 119 131 119 METAL 0
112 119 236 119 236 162 112 162 METAL 0
55 150 129 150 129 194 55 194 METAL 0
18 196 137 196 137 239.99999999999997 18 239.99999999999997 METAL 0