330 217 366 217 366 413 330 413 METAL 0
316 34 352 34 352 234 316 234 METAL 0
294 210 328 210 328 406 294 406 METAL 0
270 34 306 34 306 226.99999999999997 270 226.99999999999997 METAL 0
258 207 290 207 290 403 258 403 METAL 0
213.99999999999997 203 246 203 246 399 213.99999999999997 399 METAL 0
183 102 237 102 237 359 183 359 METAL 0
146 244 176 244 176 386 146 386 METAL 0
115 239.99999999999997 147 239.99999999999997 147 396 115 396 METAL 0
101 88 121.00000000000001 88 121.00000000000001 257 101 257 METAL 0
78 247 112 247 112 403 78 403 METAL 0
53 112 89 112 89 268 53 268 METAL 0
39 251 77 251 77 413 39 413 METAL 0
353 54.00000000000001 415 54.00000000000001 415 396 353 396 BIODEGRADABLE 0
305 7 353 7 353 34 305 34 BIODEGRADABLE 0
352 41 363 41 363 75 352 75 BIODEGRADABLE 0
308 29.999999999999996 316 29.999999999999996 316 210 308 210 BIODEGRADABLE 0
4 119 50 119 50 315 4 315 BIODEGRADABLE 0
3 308 37 308 37 413 3 413 BIODEGRADABLE 0
0 284 27.000000000000004 284 27.000000000000004 413 0 413 BIODEGRADABLE 0
0 142 19 142 19 295 0 295 BIODEGRADABLE 0
44 139 53 139 53 187 44 187 BIODEGRADABLE 0
90 125 100 125 100 226.99999999999997 90 226.99999999999997 BIODEGRADABLE 0
121.00000000000001 179 153 179 153 247 121.00000000000001 247 BIODEGRADABLE 0