303 151 413 151 413 259 303 259 METAL 0
221 232 393 232 393 330 221 330 METAL 0
144 293 288 293 288 385 144 385 METAL 0
141 159 308 159 308 251 141 251 METAL 0
216.00000000000003 77 404 77 404 181 216.00000000000003 181 METAL 0
144 23 318 23 318 115 144 115 METAL 0
83 104 229.00000000000003 104 229.00000000000003 190 83 190 METAL 0
31 170 155 170 155 246 31 246 METAL 0
83 226.99999999999997 221 226.99999999999997 221 309 83 309 METAL 0
33 282 149 282 149 353 33 353 METAL 0
87 349 175 349 175 415 87 415 METAL 0
29 387 88 387 88 415 29 415 METAL 0
0 321 67 321 67 389 0 389 METAL 0
0 228.00000000000003 77 228.00000000000003 77 297 0 297 METAL 0
0 119.99999999999999 88 119.99999999999999 88 191 0 191 METAL 0
31 57.00000000000001 149 57.00000000000001 149 133 31 133 METAL 0
79 1 198 1 198 66 79 66 METAL 0
25 1 96 1 96 24 25 24 METAL 0
0 20 82 20 82 91 0 91 METAL 0