93 29.999999999999996 206 29.999999999999996 206 119.99999999999999 93 119.99999999999999 METAL 0
206 54.00000000000001 315 54.00000000000001 315 128 206 128 METAL 0
202 82 311 82 311 174 202 174 METAL 0
311 125.99999999999999 391 125.99999999999999 391 224 311 224 METAL 0
238.99999999999997 165 346 165 346 257 238.99999999999997 257 METAL 0
340 207 390 207 390 283 340 283 METAL 0
237 246 346 246 346 322 237 322 METAL 0
246 255.00000000000003 355 255.00000000000003 355 368 246 368 METAL 0
298 272 407 272 407 392 298 392 METAL 0
74 91 181 91 181 187 74 187 METAL 0
179 125.99999999999999 261 125.99999999999999 261 222 179 222 METAL 0
124 165 231 165 231 261 124 261 METAL 0
54.00000000000001 133 152 133 152 231 54.00000000000001 231 METAL 0
13 180 119 180 119 276 13 276 METAL 0
14.999999999999998 264 117 264 117 342 14.999999999999998 342 METAL 0
124 250 230 250 230 333 124 333 METAL 0