168 10 318 10 318 176 168 176 METAL 0
247 238 335 238 335 309 247 309 METAL 0
216.00000000000003 283 292 283 292 353 216.00000000000003 353 METAL 0
183 346 252.99999999999997 346 252.99999999999997 414 183 414 METAL 0
131 189 329 189 329 311 131 311 METAL 0
172 154 251.99999999999997 154 251.99999999999997 330 172 330 METAL 0
174 91 246 91 246 143 174 143 METAL 0
97 8 185 8 185 178 97 178 METAL 0
65 97 197 97 197 237 65 237 METAL 0
106.99999999999999 191 189 191 189 372 106.99999999999999 372 METAL 0
87 274 146 274 146 342 87 342 METAL 0