1 311 38 311 38 415 1 415 PAPER 0
18 312 75 312 75 415 18 415 PAPER 0
62 324 98 324 98 400 62 400 PAPER 0
43 388 73 388 73 415 43 415 PAPER 0
79 398 91 398 91 414 79 414 PAPER 0
95 397 123 397 123 415 95 415 PAPER 0
125.99999999999999 397 148 397 148 415 125.99999999999999 415 PAPER 0
150 395 168 395 168 415 150 415 PAPER 0
171 407 191 407 191 415 171 415 PAPER 0
191 401 223 401 223 415 191 415 PAPER 0
223 394 261 394 261 415 223 415 PAPER 0
261 400 275 400 275 415 261 415 PAPER 0
105 307 137 307 137 398 105 398 PAPER 0
135 300 173 300 173 398 135 398 PAPER 0
175 307 209 307 209 405 175 405 PAPER 0
207 313 248 313 248 401 207 401 PAPER 0
238.99999999999997 317 296 317 296 395 238.99999999999997 395 PAPER 0
278 315 332 315 332 399 278 399 PAPER 0
141 0 201 0 201 40 141 40 PAPER 0
200 0 255.00000000000003 0 255.00000000000003 37 200 37 PAPER 0
248 0 308 0 308 34 248 34 PAPER 0
288 0 355 0 355 34 288 34 PAPER 0
1 0 37 0 37 79 1 79 PAPER 0
20 0 66 0 66 76 20 76 PAPER 0
53 0 91 0 91 80 53 80 PAPER 0
82 1 118 1 118 79 82 79 PAPER 0
112 0 144 0 144 74 112 74 PAPER 0
139 0 169 0 169 82 139 82 PAPER 0
166 37 200 37 200 84 166 84 PAPER 0
201 37 238.99999999999997 37 238.99999999999997 73 201 73 PAPER 0
298 32 394 32 394 413 298 413 PAPER 0
212 17 350 17 350 309 212 309 PAPER 0
132 85 262 85 262 317 132 317 PAPER 0