2 3 52 3 52 128 2 128 PAPER 0
23 2 137 2 137 98 23 98 PAPER 0
2 109 84 109 84 368 2 368 PAPER 0
2 310 78 310 78 414 2 414 PAPER 0
33 354 140 354 140 415 33 415 PAPER 0
105 255.00000000000003 141 255.00000000000003 141 398 105 398 PAPER 0
77 278 139 278 139 337 77 337 PAPER 0
88 82 150 82 150 223 88 223 PAPER 0
136 55 194 55 194 178 136 178 PAPER 0
40 98 143 98 143 278 40 278 PAPER 0
209 3 319 3 319 62 209 62 PAPER 0
176 2 217 2 217 48 176 48 PAPER 0
167 71 215.00000000000003 71 215.00000000000003 146 167 146 PAPER 0
158 14 211 14 211 80 158 80 PAPER 0
280 73 354 73 354 151 280 151 PAPER 0
316 29.999999999999996 381 29.999999999999996 381 139 316 139 PAPER 0
356 3 394 3 394 39 356 39 PAPER 0
315 3 356 3 356 75 315 75 PAPER 0
279 166 321 166 321 220 279 220 PAPER 0
304 127.00000000000001 345 127.00000000000001 345 184 304 184 PAPER 0
339 39 392 39 392 143 339 143 PAPER 0
380 29.999999999999996 404 29.999999999999996 404 64 380 64 PAPER 0
385 65 415 65 415 108.00000000000001 385 108.00000000000001 PAPER 0
391 98 413 98 413 139 391 139 PAPER 0
400 106.99999999999999 416 106.99999999999999 416 175 400 175 PAPER 0
357 125 407 125 407 250 357 250 PAPER 0
380 223 415 223 415 282 380 282 PAPER 0
372 177 415 177 415 269 372 269 PAPER 0
294 237 386 237 386 305 294 305 PAPER 0
316 307 396 307 396 364 316 364 PAPER 0
367 270 415 270 415 356 367 356 PAPER 0
367 345 415 345 415 416 367 416 PAPER 0
311 350 386 350 386 415 311 415 PAPER 0
288 376 308 376 308 414 288 414 PAPER 0
245 368 304 368 304 415 245 415 PAPER 0
286 314 318 314 318 376 286 376 PAPER 0
262 243 297 243 297 341 262 341 PAPER 0
213.99999999999997 191 273 191 273 275 213.99999999999997 275 PAPER 0
213.99999999999997 268 270 268 270 350 213.99999999999997 350 PAPER 0
192 318 235 318 235 415 192 415 PAPER 0
141 303 205 303 205 407 141 407 PAPER 0
165 277 209 277 209 339 165 339 PAPER 0
144 200 212 200 212 284 144 284 PAPER 0
177 150 223 150 223 218 177 218 PAPER 0
200 53 266 53 266 187 200 187 PAPER 0
259 109 289 109 289 175 259 175 PAPER 0
225 89 277 89 277 148 225 148 PAPER 0
0 2 415 2 415 416 0 416 PAPER 0