90 2 220 2 220 90 90 90 PAPER 0
87 2 173 2 173 42 87 42 PAPER 0
8 20 91 20 91 128 8 128 PAPER 0
14.999999999999998 3 69 3 69 31 14.999999999999998 31 PAPER 0
11 97 108.00000000000001 97 108.00000000000001 174 11 174 PAPER 0
111 90 128 90 128 150 111 150 PAPER 0
129 20 248 20 248 148 129 148 PAPER 0
225 2 387 2 387 112 225 112 PAPER 0
246 2 415 2 415 137 246 137 PAPER 0
122 86 247 86 247 174 122 174 PAPER 0
11 150 115 150 115 196 11 196 PAPER 0
1 196 38 196 38 252.99999999999997 1 252.99999999999997 PAPER 0
33 170 123 170 123 247 33 247 PAPER 0
125 139 259 139 259 239.99999999999997 125 239.99999999999997 PAPER 0
259 102 415 102 415 223 259 223 PAPER 0
281 203 415 203 415 302 281 302 PAPER 0
141 218 278 218 278 308 141 308 PAPER 0
47 242.00000000000003 141 242.00000000000003 141 310 47 310 PAPER 0
1 257 50 257 50 306 1 306 PAPER 0
1 306 49 306 49 352 1 352 PAPER 0
50 309 152 309 152 366 50 366 PAPER 0
155 304 287 304 287 372 155 372 PAPER 0
287 297 415 297 415 374 287 374 PAPER 0
297 376 373 376 373 415 297 415 PAPER 0
166 374 298 374 298 415 166 415 PAPER 0
81 370 168 370 168 415 81 415 PAPER 0
11 359 77 359 77 401 11 401 PAPER 0