72 19 370 19 370 317 72 317 PAPER 0
13 18 105 18 105 416 13 416 PAPER 0
104 302 164 302 164 415 104 415 PAPER 0
273 2 347 2 347 37 273 37 PAPER 0
212 1 274 1 274 55 212 55 PAPER 0
150 1 212 1 212 51 150 51 PAPER 0
87 2 161 2 161 57.00000000000001 87 57.00000000000001 PAPER 0
23 1 92 1 92 35 23 35 PAPER 0
340 2 414 2 414 46 340 46 PAPER 0
390 6 415 6 415 54.00000000000001 390 54.00000000000001 PAPER 0
386 52 416 52 416 86 386 86 PAPER 0
348 44 396 44 396 83 348 83 PAPER 0
306 35 347 35 347 82 306 82 PAPER 0
252.99999999999997 36 301 36 301 78 252.99999999999997 78 PAPER 0
166 290 235 290 235 372 166 372 PAPER 0
151 370 243 370 243 396 151 396 PAPER 0
342 378 415 378 415 393 342 393 PAPER 0
342 368 415 368 415 379 342 379 PAPER 0
347 354 415 354 415 369 347 369 PAPER 0
349 342 415 342 415 354 349 354 PAPER 0
349 331 415 331 415 344 349 344 PAPER 0
347 317 415 317 415 332 347 332 PAPER 0
342 307 415 307 415 322 342 322 PAPER 0
347 292 415 292 415 308 347 308 PAPER 0
352 279 415 279 415 294 352 294 PAPER 0
342 267 415 267 415 282 342 282 PAPER 0
342 251 415 251 415 268 342 268 PAPER 0
342 238 415 238 415 254.00000000000003 342 254.00000000000003 PAPER 0
349 225.99999999999997 415 225.99999999999997 415 238.99999999999997 349 238.99999999999997 PAPER 0
342 209 415 209 415 225.99999999999997 342 225.99999999999997 PAPER 0
337 195 415 195 415 210 337 210 PAPER 0
344 182 415 182 415 199 344 199 PAPER 0
342 84 415 84 415 136 342 136 PAPER 0
340 134 416 134 416 181 340 181 PAPER 0