222 242.00000000000003 414 242.00000000000003 414 400 222 400 PAPER 0
110 336 414 336 414 415 110 415 PAPER 0
350 192 414 192 414 266 350 266 PAPER 0
210 80 414 80 414 188 210 188 PAPER 0
106.99999999999999 123 398 123 398 269 106.99999999999999 269 PAPER 0
1 199 299 199 299 351 1 351 PAPER 0
1 283 188 283 188 415 1 415 PAPER 0
270 0 414 0 414 124 270 124 PAPER 0
2 0 294 0 294 124 2 124 PAPER 0
158 0 365 0 365 49 158 49 PAPER 0
1 59.99999999999999 192 59.99999999999999 192 205 1 205 PAPER 0
1 173 90 173 90 282 1 282 PAPER 0