216.00000000000003 76 246 76 246 288 216.00000000000003 288 PAPER 0
238 99 262 99 262 325 238 325 PAPER 0
259 72 283 72 283 290 259 290 PAPER 0
281 35 309 35 309 284 281 284 PAPER 0
306 73 340 73 340 231 306 231 PAPER 0
330 75 358 75 358 255.00000000000003 330 255.00000000000003 PAPER 0
349 73 379 73 379 257 349 257 PAPER 0
360 77 394 77 394 257 360 257 PAPER 0
383 77 403 77 403 235 383 235 PAPER 0
392 71 414 71 414 233 392 233 PAPER 0
148 14.999999999999998 238 14.999999999999998 238 393 148 393 PAPER 0