207 248 401 248 401 414 207 414 PAPER 0
385 300 415 300 415 414 385 414 PAPER 0
380 250 415 250 415 314 380 314 PAPER 0
373 180 415 180 415 255.00000000000003 373 255.00000000000003 PAPER 0
367 148 415 148 415 244 367 244 PAPER 0
365 82 415 82 415 168 365 168 PAPER 0
357 48 415 48 415 118 357 118 PAPER 0
347 0 415 0 415 130 347 130 PAPER 0
324 0 415 0 415 116 324 116 PAPER 0
198 209 363 209 363 287 198 287 PAPER 0
198 162 356 162 356 230 198 230 PAPER 0
197 118 327 118 327 180 197 180 PAPER 0
189 71 343 71 343 189 189 189 PAPER 0
189 34 327 34 327 82 189 82 PAPER 0
186 0 324 0 324 41 186 41 PAPER 0
7 255.00000000000003 209 255.00000000000003 209 396 7 396 PAPER 0
0 350 207 350 207 414 0 414 PAPER 0
21 216.00000000000003 197 216.00000000000003 197 278 21 278 PAPER 0
25 189 191 189 191 223 25 223 PAPER 0
27.000000000000004 157 192 157 192 200 27.000000000000004 200 PAPER 0
28 130 194 130 194 187 28 187 PAPER 0
29 103 191 103 191 153 29 153 PAPER 0
31 87 185 87 185 135 31 135 PAPER 0
40 69 186 69 186 105 40 105 PAPER 0
41 45 187 45 187 91 41 91 PAPER 0
49 23 185 23 185 51 49 51 PAPER 0
43 0 185 0 185 57.00000000000001 43 57.00000000000001 PAPER 0
0 252.99999999999997 21 252.99999999999997 21 353 0 353 PAPER 0
0 161 24 161 24 257 0 257 PAPER 0
0 48 41 48 41 164 0 164 PAPER 0
0 0 46 0 46 48 0 48 PAPER 0
0 0 415 0 415 414 0 414 PAPER 0