281 119.99999999999999 365 119.99999999999999 365 196 281 196 PAPER 0
311 119.99999999999999 399 119.99999999999999 399 184 311 184 PAPER 0
340 112.99999999999999 364 112.99999999999999 364 171 340 171 PAPER 0
303 66 363 66 363 149 303 149 PAPER 0
363 49 412 49 412 157 363 157 PAPER 0
226.99999999999997 71 286 71 286 127.00000000000001 226.99999999999997 127.00000000000001 PAPER 0
384 34 415 34 415 142 384 142 PAPER 0
295 12 350 12 350 88 295 88 PAPER 0
183 2 338 2 338 93 183 93 PAPER 0
134 3 222 3 222 71 134 71 PAPER 0
301 245 322 245 322 306 301 306 PAPER 0
260 247 309 247 309 299 260 299 PAPER 0
320 228.00000000000003 346 228.00000000000003 346 302 320 302 PAPER 0
343 218 369 218 369 299 343 299 PAPER 0
369 206 397 206 397 294 369 294 PAPER 0
397 196 415 196 415 289 397 289 PAPER 0
122 66 279 66 279 415 122 415 PAPER 0
259 194 319 194 319 277 259 277 PAPER 0
93 84 127.00000000000001 84 127.00000000000001 348 93 348 PAPER 0
232 157 274 157 274 233 232 233 PAPER 0
251.99999999999997 145 322 145 322 221 251.99999999999997 221 PAPER 0
270 152 334 152 334 206 270 206 PAPER 0