322 47 378 47 378 93 322 93 PAPER 0
275 68 335 68 335 108.00000000000001 275 108.00000000000001 PAPER 0
309 103 367 103 367 147 309 147 PAPER 0
335 150 403 150 403 196 335 196 PAPER 0
277 132 335 132 335 174 277 174 PAPER 0
252.99999999999997 116 300 116 300 148 252.99999999999997 148 PAPER 0
223 141 266 141 266 177 223 177 PAPER 0
226.99999999999997 176 283 176 283 230 226.99999999999997 230 PAPER 0
273 186 348 186 348 246 273 246 PAPER 0
251 247 298 247 298 289 251 289 PAPER 0
14.999999999999998 272 58 272 58 309 14.999999999999998 309 PAPER 0
37 251.99999999999997 75 251.99999999999997 75 280 37 280 PAPER 0
39 308 91 308 91 344 39 344 PAPER 0
73 267 125 267 125 303 73 303 PAPER 0
79 238 129 238 129 264 79 264 PAPER 0
121.00000000000001 238 161 238 161 254.00000000000003 121.00000000000001 254.00000000000003 PAPER 0
135 256 182 256 182 296 135 296 PAPER 0
119.99999999999999 287 170 287 170 323 119.99999999999999 323 PAPER 0
88 307 135 307 135 336 88 336 PAPER 0
204 238 242.00000000000003 238 242.00000000000003 266 204 266 PAPER 0
172 251.99999999999997 219 251.99999999999997 219 284 172 284 PAPER 0
174 288 213.99999999999997 288 213.99999999999997 320 174 320 PAPER 0
212.99999999999997 270 249 270 249 296 212.99999999999997 296 PAPER 0
217 296 249 296 249 328 217 328 PAPER 0
189 321 219 321 219 339 189 339 PAPER 0
155 320 191 320 191 341 155 341 PAPER 0