282 252.99999999999997 322 252.99999999999997 322 283 282 283 PAPER 0
271 200 320 200 320 230 271 230 PAPER 0
18 347 58 347 58 379 18 379 PAPER 0
43 371 77 371 77 405 43 405 PAPER 0
23 394 47 394 47 415 23 415 PAPER 0
49 408 77 408 77 415 49 415 PAPER 0
47 331 81 331 81 363 47 363 PAPER 0
156 355 205 355 205 391 156 391 PAPER 0
199 370 231 370 231 400 199 400 PAPER 0
231 373 273 373 273 402 231 402 PAPER 0
263 389 308 389 308 415 263 415 PAPER 0
265 353 303 353 303 387 265 387 PAPER 0
250 342 282 342 282 362 250 362 PAPER 0
222 348 260 348 260 368 222 368 PAPER 0
179 402 209 402 209 415 179 415 PAPER 0
203 402 225 402 225 415 203 415 PAPER 0
224 402 243 402 243 415 224 415 PAPER 0
209 341 245 341 245 359 209 359 PAPER 0
177 344 199 344 199 358 177 358 PAPER 0
122 402 139 402 139 415 122 415 PAPER 0
136 397 158 397 158 415 136 415 PAPER 0
122 364 154 364 154 384 122 384 PAPER 0
125.99999999999999 386 150 386 150 397 125.99999999999999 397 PAPER 0
94 382 124 382 124 408 94 408 PAPER 0
96 341 124 341 124 378 96 378 PAPER 0
132 340 154 340 154 360 132 360 PAPER 0
160 342 177 342 177 353 160 353 PAPER 0