338 82 415 82 415 277 338 277 PAPER 0
229.00000000000003 94 341 94 341 294 229.00000000000003 294 PAPER 0
119 97 238 97 238 307 119 307 PAPER 0
1 104 125.99999999999999 104 125.99999999999999 329 1 329 PAPER 0
80 41 193 41 193 129 80 129 PAPER 0
188 39 293 39 293 133 188 133 PAPER 0
286 29.999999999999996 384 29.999999999999996 384 118 286 118 PAPER 0
379 22 415 22 415 86 379 86 PAPER 0
1 43 87 43 87 118 1 118 PAPER 0
59.99999999999999 1 159 1 159 43 59.99999999999999 43 PAPER 0
153 1 249 1 249 43 153 43 PAPER 0
243 1 334 1 334 43 243 43 PAPER 0
332 1 415 1 415 37 332 37 PAPER 0
1 1 59.99999999999999 1 59.99999999999999 50 1 50 PAPER 0