109 360 259 360 259 407 109 407 PAPER 0
101 334 217 334 217 382 101 382 PAPER 0
47 295 145 295 145 334 47 334 PAPER 0
80 288 186 288 186 329 80 329 PAPER 0
52 251.99999999999997 166 251.99999999999997 166 292 52 292 PAPER 0
36 205 122 205 122 235 36 235 PAPER 0
106 201 158 201 158 235 106 235 PAPER 0
112 173 220 173 220 215.00000000000003 112 215.00000000000003 PAPER 0
36 151 122 151 122 184 36 184 PAPER 0
42 82 153 82 153 122 42 122 PAPER 0
52 37 166 37 166 81 52 81 PAPER 0
78 6 204 6 204 47 78 47 PAPER 0
174 18 290 18 290 64 174 64 PAPER 0
220 57.00000000000001 339 57.00000000000001 339 114.00000000000001 220 114.00000000000001 PAPER 0
150 98 272 98 272 154 150 154 PAPER 0
80 61 196 61 196 105 80 105 PAPER 0
119 125.99999999999999 207 125.99999999999999 207 168 119 168 PAPER 0
207 157 282 157 282 202 207 202 PAPER 0
184 217 292 217 292 261 184 261 PAPER 0
163 251 241.00000000000003 251 241.00000000000003 292 163 292 PAPER 0
181 276 279 276 279 318 181 318 PAPER 0
197 317 295 317 295 359 197 359 PAPER 0
241.00000000000003 256 385 256 385 312 241.00000000000003 312 PAPER 0
220 196 336 196 336 248 220 248 PAPER 0
256 128 305 128 305 178 256 178 PAPER 0