338 119 382 119 382 353 338 353 PAPER 0
312 114.00000000000001 351 114.00000000000001 351 359 312 359 PAPER 0
282 106 332 106 332 342 282 342 PAPER 0
247 110 301 110 301 328 247 328 PAPER 0
225 104 272 104 272 342 225 342 PAPER 0
197 83 241.00000000000003 83 241.00000000000003 332 197 332 PAPER 0
164 95 210 95 210 340 164 340 PAPER 0
140 82 178 82 178 336 140 336 PAPER 0
104 89 150 89 150 329 104 329 PAPER 0
68 89 117 89 117 341 68 341 PAPER 0
44 72 98 72 98 332 44 332 PAPER 0
18 84 73 84 73 338 18 338 PAPER 0