74 334 254.00000000000003 334 254.00000000000003 415 74 415 PAPER 0
20 379 76 379 76 414 20 414 PAPER 0
1 332 41 332 41 415 1 415 PAPER 0
31 284 99 284 99 380 31 380 PAPER 0
87 232 269 232 269 342 87 342 PAPER 0
87 118 281 118 281 242.00000000000003 87 242.00000000000003 PAPER 0
94 0 291 0 291 123 94 123 PAPER 0
41 0 225 0 225 84 41 84 PAPER 0
39 82 121.00000000000001 82 121.00000000000001 190 39 190 PAPER 0
31 186 106.99999999999999 186 106.99999999999999 292 31 292 PAPER 0
1 243 49 243 49 333 1 333 PAPER 0
1 158 56 158 56 247 1 247 PAPER 0
1 58 58 58 58 158 1 158 PAPER 0
1 0 50 0 50 62 1 62 PAPER 0