2 23 26 23 26 263 2 263 PAPER 0
32 23 47 23 47 283 32 283 PAPER 0
49 26 64 26 64 262 49 262 PAPER 0
68 26 89 26 89 266 68 266 PAPER 0
91 29 104 29 104 311 91 311 PAPER 0
108.00000000000001 26 138 26 138 294 108.00000000000001 294 PAPER 0
131 32 148 32 148 277 131 277 PAPER 0
148 32 170 32 170 274 148 274 PAPER 0
166 34 178 34 178 259 166 259 PAPER 0
178 32 210 32 210 277 178 277 PAPER 0
208 31 226.99999999999997 31 226.99999999999997 271 208 271 PAPER 0
223 35 235 35 235 277 223 277 PAPER 0
231 32 244 32 244 257 231 257 PAPER 0
246 29 261 29 261 277 246 277 PAPER 0
261 29 280 29 280 271 261 271 PAPER 0
278 32 291 32 291 308 278 308 PAPER 0
286 29 303 29 303 305 286 305 PAPER 0
299 29 314 29 314 308 299 308 PAPER 0
310 32 329 32 329 274 310 274 PAPER 0
327 29 340 29 340 260 327 260 PAPER 0
337 26 350 26 350 262 337 262 PAPER 0
348 26 374 26 374 271 348 271 PAPER 0
371 29 405 29 405 297 371 297 PAPER 0
397 31 415 31 415 268 397 268 PAPER 0