254.00000000000003 2 414 2 414 82 254.00000000000003 82 PAPER 0
202 75 414 75 414 252.99999999999997 202 252.99999999999997 PAPER 0
395 213.99999999999997 414 213.99999999999997 414 266 395 266 PAPER 0
343 266 415 266 415 415 343 415 PAPER 0
115 243 391 243 391 415 115 415 PAPER 0
71 2 257 2 257 164 71 164 PAPER 0
0 192 38 192 38 284 0 284 PAPER 0
0 1 112.99999999999999 1 112.99999999999999 135 0 135 PAPER 0
0 52 73 52 73 175 0 175 PAPER 0
0 256 138 256 138 415 0 415 PAPER 0
12 111 219 111 219 284 12 284 PAPER 0