304 0 409 0 409 53 304 53 PAPER 0
310 44 412 44 412 128 310 128 PAPER 0
316 109 408 109 408 189 316 189 PAPER 0
319 174 406 174 406 267 319 267 PAPER 0
320 238.99999999999997 408 238.99999999999997 408 351 320 351 PAPER 0
8 112 312 112 312 379 8 379 PAPER 0
83 0 323 0 323 258 83 258 PAPER 0
0 0 38 0 38 100 0 100 PAPER 0
0 93 29.999999999999996 93 29.999999999999996 199 0 199 PAPER 0
0 186 32 186 32 301 0 301 PAPER 0
0 264 33 264 33 388 0 388 PAPER 0
37 273 415 273 415 413 37 413 PAPER 0
100 22 192 22 192 171 100 171 PAPER 0
202 0 311 0 311 187 202 187 PAPER 0
80 47 199 47 199 149 80 149 PAPER 0