104 221 164 221 164 330 104 330 PAPER 0
258 260 286 260 286 314 258 314 PAPER 0
315 223 357 223 357 282 315 282 PAPER 0
341 184 371 184 371 234 341 234 PAPER 0
278 191 317 191 317 269 278 269 PAPER 0
225.99999999999997 198 279 198 279 270 225.99999999999997 270 PAPER 0
206 150 239.99999999999997 150 239.99999999999997 212 206 212 PAPER 0
239.99999999999997 143 279 143 279 218 239.99999999999997 218 PAPER 0
282 105 341 105 341 189 282 189 PAPER 0
272 157 293 157 293 195 272 195 PAPER 0
330 106.99999999999999 363 106.99999999999999 363 175 330 175 PAPER 0
329 62 368 62 368 114.00000000000001 329 114.00000000000001 PAPER 0
246 89 288 89 288 151 246 151 PAPER 0
207 84 255.00000000000003 84 255.00000000000003 159 207 159 PAPER 0
190 50 223 50 223 119.99999999999999 190 119.99999999999999 PAPER 0
223 26 267 26 267 98 223 98 PAPER 0
279 43 332 43 332 118 279 118 PAPER 0