65 2 276 2 276 117 65 117 PAPER 0
2 2 128 2 128 137 2 137 PAPER 0
34 44 246 44 246 213.99999999999997 34 213.99999999999997 PAPER 0
2 59.99999999999999 88 59.99999999999999 88 225 2 225 PAPER 0
19 143 220 143 220 308 19 308 PAPER 0
1 194 117 194 117 326 1 326 PAPER 0
2 302 116 302 116 384 2 384 PAPER 0
2 278 124 278 124 416 2 416 PAPER 0
243 2 399 2 399 132 243 132 PAPER 0
237 115 365 115 365 213.99999999999997 237 213.99999999999997 PAPER 0
358 106.99999999999999 415 106.99999999999999 415 213.99999999999997 358 213.99999999999997 PAPER 0
399 2 415 2 415 104 399 104 PAPER 0
219 213.99999999999997 357 213.99999999999997 357 302 219 302 PAPER 0
357 207 415 207 415 298 357 298 PAPER 0
217 304 355 304 355 394 217 394 PAPER 0
355 299 415 299 415 370 355 370 PAPER 0
353 369 415 369 415 415 353 415 PAPER 0
238.99999999999997 388 354 388 354 416 238.99999999999997 416 PAPER 0
121.00000000000001 366 237 366 237 416 121.00000000000001 416 PAPER 0
125 271 217 271 217 387 125 387 PAPER 0
1 1 415 1 415 415 1 415 PAPER 0