94 283 264 283 264 415 94 415 PAPER 0
2 321 140 321 140 415 2 415 PAPER 0
2 77 84 77 84 255.00000000000003 2 255.00000000000003 PAPER 0
2 171 174 171 174 321 2 321 PAPER 0
96 50 165 50 165 86 96 86 PAPER 0
13 37 193 37 193 170 13 170 PAPER 0
2 1 134 1 134 74 2 74 PAPER 0
89 1 222 1 222 56 89 56 PAPER 0
159 109 265 109 265 201 159 201 PAPER 0
138 209 270 209 270 311 138 311 PAPER 0
236 225 370 225 370 355 236 355 PAPER 0
255.00000000000003 345 415 345 415 415 255.00000000000003 415 PAPER 0
213.99999999999997 104 333 104 333 224 213.99999999999997 224 PAPER 0
164 5 268 5 268 133 164 133 PAPER 0
246 1 367 1 367 114.00000000000001 246 114.00000000000001 PAPER 0
274 145 370 145 370 242.00000000000003 274 242.00000000000003 PAPER 0
338 216.00000000000003 415 216.00000000000003 415 354 338 354 PAPER 0
332 72 412 72 412 161 332 161 PAPER 0
361 1 415 1 415 80 361 80 PAPER 0