18 82 263 82 263 316 18 316 PAPER 0
2 211 29 211 29 344 2 344 PAPER 0
2 294 46 294 46 364 2 364 PAPER 0
2 355 46 355 46 391 2 391 PAPER 0
2 379 46 379 46 407 2 407 PAPER 0
2 398 54.00000000000001 398 54.00000000000001 415 2 415 PAPER 0
42 299 248 299 248 346 42 346 PAPER 0
50 335 228.00000000000003 335 228.00000000000003 369 50 369 PAPER 0
46 366 208 366 208 386 46 386 PAPER 0
55 383 193 383 193 402 55 402 PAPER 0
50 397 178 397 178 415 50 415 PAPER 0
187 395 314 395 314 415 187 415 PAPER 0
208 378 346 378 346 402 208 402 PAPER 0
211 358 364 358 364 386 211 386 PAPER 0
232 336 407 336 407 370 232 370 PAPER 0
254.00000000000003 301 415 301 415 356 254.00000000000003 356 PAPER 0
262 103 415 103 415 325 262 325 PAPER 0
403 355 415 355 415 368 403 368 PAPER 0
370 369 415 369 415 390 370 390 PAPER 0
352 381 415 381 415 405 352 405 PAPER 0
318 395 416 395 416 413 318 413 PAPER 0