209 25 414 25 414 161 209 161 PAPER 0
209 2 414 2 414 29.999999999999996 209 29.999999999999996 PAPER 0
220 147 414 147 414 277 220 277 PAPER 0
218 246 414 246 414 350 218 350 PAPER 0
220 320 415 320 415 415 220 415 PAPER 0
2 2 209 2 209 48 2 48 PAPER 0
9 51 209 51 209 161 9 161 PAPER 0
33 139 213.99999999999997 139 213.99999999999997 251 33 251 PAPER 0
46 242.00000000000003 218 242.00000000000003 218 325 46 325 PAPER 0
59.99999999999999 298 220 298 220 384 59.99999999999999 384 PAPER 0
69 357 212 357 212 415 69 415 PAPER 0