2 2 134 2 134 61 2 61 PAPER 0
2 58 143 58 143 128 2 128 PAPER 0
3 88 53 88 53 185 3 185 PAPER 0
2 99 80 99 80 197 2 197 PAPER 0
64 123 150 123 150 183 64 183 PAPER 0
146 110 228.00000000000003 110 228.00000000000003 168 146 168 PAPER 0
137 59 235 59 235 112 137 112 PAPER 0
130 2 248 2 248 62 130 62 PAPER 0
125 1 234 1 234 47 125 47 PAPER 0
246 2 334 2 334 38 246 38 PAPER 0
328 2 416 2 416 50 328 50 PAPER 0
234 2 341 2 341 68 234 68 PAPER 0
238.99999999999997 67 301 67 301 109 238.99999999999997 109 PAPER 0
307 38 414 38 414 86 307 86 PAPER 0
301 83 387 83 387 118 301 118 PAPER 0
241.00000000000003 93 305 93 305 121.00000000000001 241.00000000000003 121.00000000000001 PAPER 0
148 114.00000000000001 228.00000000000003 114.00000000000001 228.00000000000003 155 148 155 PAPER 0
21 197 87 197 87 221 21 221 PAPER 0
3 229.00000000000003 53 229.00000000000003 53 265 3 265 PAPER 0
3 194 41 194 41 232 3 232 PAPER 0
32 220 104 220 104 258 32 258 PAPER 0
48 191 89 191 89 223 48 223 PAPER 0
80 186 118 186 118 242.00000000000003 80 242.00000000000003 PAPER 0
3 262 78 262 78 284 3 284 PAPER 0
64 265 94 265 94 291 64 291 PAPER 0
93 271 125 271 125 297 93 297 PAPER 0
116 292 144 292 144 312 116 312 PAPER 0
32 312 130 312 130 333 32 333 PAPER 0
93 233 125 233 125 268 93 268 PAPER 0
112 223 144 223 144 261 112 261 PAPER 0
114.00000000000001 207 171 207 171 242.00000000000003 114.00000000000001 242.00000000000003 PAPER 0
84 162 164 162 164 215.00000000000003 84 215.00000000000003 PAPER 0
164 161 221 161 221 205 164 205 PAPER 0
228.00000000000003 104 300 104 300 162 228.00000000000003 162 PAPER 0
289 111 367 111 367 139 289 139 PAPER 0
280 131 348 131 348 165 280 165 PAPER 0
273 162 337 162 337 192 273 192 PAPER 0
216.00000000000003 185 280 185 280 217 216.00000000000003 217 PAPER 0
219 163 273 163 273 197 219 197 PAPER 0
207 212 243 212 243 233 207 233 PAPER 0
162 208 213.99999999999997 208 213.99999999999997 238 162 238 PAPER 0
168 232 209 232 209 258 168 258 PAPER 0
137 235 171 235 171 262 137 262 PAPER 0
136 256 164 256 164 280 136 280 PAPER 0
175 259 205 259 205 274 175 274 PAPER 0
198 248 228.00000000000003 248 228.00000000000003 268 198 268 PAPER 0
207 226.99999999999997 238.99999999999997 226.99999999999997 238.99999999999997 248 207 248 PAPER 0
219 242.00000000000003 252.99999999999997 242.00000000000003 252.99999999999997 266 219 266 PAPER 0
232 217 282 217 282 245 232 245 PAPER 0
262 187 310 187 310 215.00000000000003 262 215.00000000000003 PAPER 0
291 173 343 173 343 215.00000000000003 291 215.00000000000003 PAPER 0
325 144 405 144 405 179 325 179 PAPER 0
338 133 415 133 415 155 338 155 PAPER 0
352 83 415 83 415 143 352 143 PAPER 0
382 152 415 152 415 194 382 194 PAPER 0
339 167 403 167 403 208 339 208 PAPER 0
369 194 407 194 407 220 369 220 PAPER 0
328 208 364 208 364 238 328 238 PAPER 0
287 204 339 204 339 236 287 236 PAPER 0
277 225.99999999999997 307 225.99999999999997 307 244 277 244 PAPER 0
250 235 330 235 330 267 250 267 PAPER 0
330 250 371 250 371 270 330 270 PAPER 0
352 232 415 232 415 261 352 261 PAPER 0
333 216.00000000000003 405 216.00000000000003 405 248 333 248 PAPER 0
384 178 415 178 415 230 384 230 PAPER 0
170 274 198 274 198 290 170 290 PAPER 0
187 283 203 283 203 297 187 297 PAPER 0
146 283 168 283 168 304 146 304 PAPER 0
269 271 341 271 341 307 269 307 PAPER 0