150 246 414 246 414 414 150 414 PAPER 0
303 300 414 300 414 414 303 414 PAPER 0
133 296 167 296 167 414 133 414 PAPER 0
0 172 78 172 78 414 0 414 PAPER 0
54.00000000000001 198 82 198 82 414 54.00000000000001 414 PAPER 0
124 133 237 133 237 294 124 294 PAPER 0
235 161 383 161 383 313 235 313 PAPER 0
91 133 383 133 383 390 91 390 PAPER 0
396 71 414 71 414 163 396 163 PAPER 0
390 70 414 70 414 307 390 307 PAPER 0
98 44 376 44 376 183 98 183 PAPER 0
1 1 91 1 91 83 1 83 PAPER 0
1 62.99999999999999 106 62.99999999999999 106 189 1 189 PAPER 0
354 1 414 1 414 112.99999999999999 354 112.99999999999999 PAPER 0
100 4 346 4 346 87 100 87 PAPER 0