1 134 159 134 159 414 1 414 PAPER 0
119.99999999999999 180 320 180 320 414 119.99999999999999 414 PAPER 0
312 234 415 234 415 414 312 414 PAPER 0
202 29 383 29 383 235 202 235 PAPER 0
53 29 231 29 231 218 53 218 PAPER 0
2 5 53 5 53 172 2 172 PAPER 0
1 1 69 1 69 62.99999999999999 1 62.99999999999999 PAPER 0
62.99999999999999 0 135 0 135 56 62.99999999999999 56 PAPER 0
134 1 296 1 296 70 134 70 PAPER 0
293 3 405 3 405 129 293 129 PAPER 0
322 1 415 1 415 238.99999999999997 322 238.99999999999997 PAPER 0
2 0 416 0 416 414 2 414 PAPER 0