202 275 374 275 374 413 202 413 PAPER 0
293 1 415 1 415 354 293 354 PAPER 0
357 352 415 352 415 414 357 414 PAPER 0
384 1 415 1 415 72 384 72 PAPER 0
273 184 365 184 365 377 273 377 PAPER 0
264 55 306 55 306 191 264 191 PAPER 0
158 1 316 1 316 99 158 99 PAPER 0
119.99999999999999 10 190 10 190 151 119.99999999999999 151 PAPER 0
131 67 286 67 286 413 131 413 PAPER 0
18 263 143 263 143 414 18 414 PAPER 0
1 1 138 1 138 273 1 273 PAPER 0
85 3 142 3 142 80 85 80 PAPER 0
108.00000000000001 137 174 137 174 273 108.00000000000001 273 PAPER 0
1 268 27.000000000000004 268 27.000000000000004 414 1 414 PAPER 0