244 228.00000000000003 414 228.00000000000003 414 394 244 394 PAPER 0
320 87 406 87 406 187 320 187 PAPER 0
386 16 411 16 411 56 386 56 PAPER 0
317 25 367 25 367 71 317 71 PAPER 0
274 19 310 19 310 57.00000000000001 274 57.00000000000001 PAPER 0
136 305 244 305 244 398 136 398 PAPER 0
1 279 93 279 93 408 1 408 PAPER 0
62 141 173 141 173 323 62 323 PAPER 0
171 110 327 110 327 270 171 270 PAPER 0
141 56 274 56 274 151 141 151 PAPER 0
2 65 135 65 135 160 2 160 PAPER 0
231 21 264 21 264 52 231 52 PAPER 0
174 17 220 17 220 52 174 52 PAPER 0
133 6 166 6 166 56 133 56 PAPER 0
91 21 123 21 123 50 91 50 PAPER 0
45 19 87 19 87 50 45 50 PAPER 0
3 23 38 23 38 61 3 61 PAPER 0