118 87 216.00000000000003 87 216.00000000000003 351 118 351 PAPER 0
139 286 223 286 223 414 139 414 PAPER 0
105 88 225 88 225 414 105 414 PAPER 0
98 224 134 224 134 414 98 414 PAPER 0
29.999999999999996 162 116 162 116 414 29.999999999999996 414 PAPER 0
207 404 391 404 391 415 207 415 PAPER 0
212 375 403 375 403 406 212 406 PAPER 0
216.00000000000003 360 386 360 386 377 216.00000000000003 377 PAPER 0
221 322 391 322 391 362 221 362 PAPER 0
225 303 391 303 391 323 225 323 PAPER 0
223 286 391 286 391 304 223 304 PAPER 0
216.00000000000003 262 391 262 391 284 216.00000000000003 284 PAPER 0
219 241.00000000000003 389 241.00000000000003 389 263 219 263 PAPER 0
216.00000000000003 211 391 211 391 238.99999999999997 216.00000000000003 238.99999999999997 PAPER 0
205 185 391 185 391 212 205 212 PAPER 0
198 159 391 159 391 187 198 187 PAPER 0
191 138 391 138 391 160 191 160 PAPER 0
148 97 394 97 394 141 148 141 PAPER 0
144 79 403 79 403 103 144 103 PAPER 0
145 49 391 49 391 79 145 79 PAPER 0
146 14.999999999999998 394 14.999999999999998 394 55 146 55 PAPER 0
143 0 393 0 393 20 143 20 PAPER 0