243 2 414 2 414 72 243 72 PAPER 0
328 58 414 58 414 140 328 140 PAPER 0
282 118 414 118 414 229.00000000000003 282 229.00000000000003 PAPER 0
280 259 414 259 414 357 280 357 PAPER 0
363 367 415 367 415 415 363 415 PAPER 0
188 366 339 366 339 415 188 415 PAPER 0
82 249 262 249 262 365 82 365 PAPER 0
148 166 291 166 291 262 148 262 PAPER 0
180 121.00000000000001 276 121.00000000000001 276 186 180 186 PAPER 0
73 79 232 79 232 182 73 182 PAPER 0
48 1 221 1 221 103 48 103 PAPER 0
1 8 66 8 66 108.00000000000001 1 108.00000000000001 PAPER 0
1 172 106.99999999999999 172 106.99999999999999 274 1 274 PAPER 0
1 296 71 296 71 415 1 415 PAPER 0