28 305 97 305 97 382 28 382 PAPER 0
2 241.00000000000003 58 241.00000000000003 58 339 2 339 PAPER 0
56 225.99999999999997 116 225.99999999999997 116 303 56 303 PAPER 0
127.00000000000001 322 177 322 177 410 127.00000000000001 410 PAPER 0
114.00000000000001 206 167 206 167 274 114.00000000000001 274 PAPER 0
122 286 191 286 191 363 122 363 PAPER 0
186 324 238 324 238 399 186 399 PAPER 0
194 266 244 266 244 332 194 332 PAPER 0
162 241.00000000000003 207 241.00000000000003 207 318 162 318 PAPER 0
169 174 229.00000000000003 174 229.00000000000003 268 169 268 PAPER 0
122 149 166 149 166 217 122 217 PAPER 0
84 172 124 172 124 228.00000000000003 84 228.00000000000003 PAPER 0
28 154 81 154 81 236 28 236 PAPER 0
238 324 278 324 278 408 238 408 PAPER 0
244 283 292 283 292 345 244 345 PAPER 0
230 219 278 219 278 301 230 301 PAPER 0
228.00000000000003 161 276 161 276 243 228.00000000000003 243 PAPER 0
193 112 243 112 243 170 193 170 PAPER 0
157 67 209 67 209 142 157 142 PAPER 0
109 54.00000000000001 169 54.00000000000001 169 125 109 125 PAPER 0
62.99999999999999 24 119 24 119 88 62.99999999999999 88 PAPER 0
2 48 47 48 47 142 2 142 PAPER 0
42 92 86 92 86 144 42 144 PAPER 0
72 95 122 95 122 168 72 168 PAPER 0
259 52 315 52 315 136 259 136 PAPER 0
236 99 300 99 300 176 236 176 PAPER 0
204 58 254.00000000000003 58 254.00000000000003 110 204 110 PAPER 0
333 161 391 161 391 249 333 249 PAPER 0
283 200 329 200 329 277 283 277 PAPER 0
277 257 315 257 315 313 277 313 PAPER 0
318 301 362 301 362 363 318 363 PAPER 0
323 247 369 247 369 305 323 305 PAPER 0
374 300 415 300 415 372 374 372 PAPER 0
368 231 415 231 415 303 368 303 PAPER 0
374 145 415 145 415 245 374 245 PAPER 0
312 45 366 45 366 122 312 122 PAPER 0
299 123 360 123 360 185 299 185 PAPER 0