320 320 372 320 372 380 320 380 PAPER 0
307 277 349 277 349 331 307 331 PAPER 0
270 311 314 311 314 375 270 375 PAPER 0
239.99999999999997 277 285 277 285 329 239.99999999999997 329 PAPER 0
269 251 301 251 301 301 269 301 PAPER 0
241.00000000000003 219 278 219 278 269 241.00000000000003 269 PAPER 0
177 225.99999999999997 238.99999999999997 225.99999999999997 238.99999999999997 294 177 294 PAPER 0
175 275 226.99999999999997 275 226.99999999999997 348 175 348 PAPER 0
219 339 267 339 267 407 219 407 PAPER 0
127.00000000000001 247 167 247 167 297 127.00000000000001 297 PAPER 0
102 18 134 18 134 52 102 52 PAPER 0
71 35 103 35 103 78 71 78 PAPER 0
152 67 180 67 180 125 152 125 PAPER 0
111 65 155 65 155 127.00000000000001 111 127.00000000000001 PAPER 0
84 86 108.00000000000001 86 108.00000000000001 129 84 129 PAPER 0
97 174 127.00000000000001 174 127.00000000000001 221 97 221 PAPER 0
119.99999999999999 211 148 211 148 245 119.99999999999999 245 PAPER 0
148 200 172 200 172 234 148 234 PAPER 0
127.00000000000001 172 161 172 161 212 127.00000000000001 212 PAPER 0
89 211 121.00000000000001 211 121.00000000000001 251 89 251 PAPER 0
78 202 100 202 100 236 78 236 PAPER 0
76 168 102 168 102 202 76 202 PAPER 0
155 146 177 146 177 180 155 180 PAPER 0
124 136 148 136 148 174 124 174 PAPER 0
99 125 127.00000000000001 125 127.00000000000001 168 99 168 PAPER 0
70 134 92 134 92 174 70 174 PAPER 0