19 69 111 69 111 153 19 153 PAPER 0
2 2 147 2 147 176 2 176 PAPER 0
90 2 217 2 217 67 90 67 PAPER 0
268 59.99999999999999 326 59.99999999999999 326 125 268 125 PAPER 0
251.99999999999997 2 415 2 415 216.00000000000003 251.99999999999997 216.00000000000003 PAPER 0
401 2 415 2 415 115 401 115 PAPER 0
254.00000000000003 49 346 49 346 221 254.00000000000003 221 PAPER 0
146 2 323 2 323 242.00000000000003 146 242.00000000000003 PAPER 0
143 2 286 2 286 252.99999999999997 143 252.99999999999997 PAPER 0
112.99999999999999 93 261 93 261 275 112.99999999999999 275 PAPER 0
93 119.99999999999999 225 119.99999999999999 225 285 93 285 PAPER 0
74 144 206 144 206 296 74 296 PAPER 0
47 159 190 159 190 313 47 313 PAPER 0
26 198 164 198 164 324 26 324 PAPER 0
5 206 148 206 148 334 5 334 PAPER 0
2 247 116 247 116 345 2 345 PAPER 0
2 281 39 281 39 333 2 333 PAPER 0
127.00000000000001 317 188 317 188 367 127.00000000000001 367 PAPER 0
50 346 145 346 145 414 50 414 PAPER 0
151 300 239.99999999999997 300 239.99999999999997 350 151 350 PAPER 0
182 256 304 256 304 333 182 333 PAPER 0
277 225 375 225 375 296 277 296 PAPER 0
324 167 415 167 415 297 324 297 PAPER 0
302 279 342 279 342 315 302 315 PAPER 0
348 366 415 366 415 415 348 415 PAPER 0
273 394 350 394 350 415 273 415 PAPER 0
350 272 415 272 415 357 350 357 PAPER 0
261 317 357 317 357 403 261 403 PAPER 0
178 343 264 343 264 415 178 415 PAPER 0
123 394 181 394 181 415 123 415 PAPER 0
42 386 99 386 99 415 42 415 PAPER 0
1 390 28 390 28 415 1 415 PAPER 0
2 324 17 324 17 397 2 397 PAPER 0