16 355 394 355 394 404 16 404 PLASTIC 0
19 369 47 369 47 388 19 388 PLASTIC 0
17 306 45 306 45 326 17 326 PLASTIC 0
83 241.00000000000003 112.99999999999999 241.00000000000003 112.99999999999999 265 83 265 PLASTIC 0
80 183 118 183 118 211 80 211 PLASTIC 0
83 131 121.00000000000001 131 121.00000000000001 162 83 162 PLASTIC 0
33 82 66 82 66 98 33 98 PLASTIC 0
29.999999999999996 25 58 25 58 41 29.999999999999996 41 PLASTIC 0
83 228.00000000000003 391 228.00000000000003 391 275 83 275 PLASTIC 0
16 292 394 292 394 341 16 341 PLASTIC 0
83 174 395 174 395 222 83 222 PLASTIC 0
83 124 391 124 391 165 83 165 PLASTIC 0
33 69 391 69 391 112.99999999999999 33 112.99999999999999 PLASTIC 0
29.999999999999996 8 394 8 394 55 29.999999999999996 55 PLASTIC 0