10 175 54.00000000000001 175 54.00000000000001 399 10 399 PLASTIC 0
20 173 41 173 41 205 20 205 PLASTIC 0
62.99999999999999 109 84 109 84 133 62.99999999999999 133 PLASTIC 0
50 109 98 109 98 397 50 397 PLASTIC 0
106 125.99999999999999 129 125.99999999999999 129 150 106 150 PLASTIC 0
96 123 140 123 140 406 96 406 PLASTIC 0
159 20 184 20 184 57.00000000000001 159 57.00000000000001 PLASTIC 0
141 22 203 22 203 404 141 404 PLASTIC 0
225.99999999999997 14.999999999999998 250 14.999999999999998 250 45 225.99999999999997 45 PLASTIC 0
204 14.999999999999998 267 14.999999999999998 267 404 204 404 PLASTIC 0
141 202 204 202 204 362 141 362 PLASTIC 0
207 238.99999999999997 265 238.99999999999997 265 337 207 337 PLASTIC 0
53 295 97 295 97 367 53 367 PLASTIC 0
281 82 303 82 303 136 281 136 PLASTIC 0
266 81 316 81 316 401 266 401 PLASTIC 0
265 242.00000000000003 314 242.00000000000003 314 362 265 362 PLASTIC 0
328 130 352 130 352 160 328 160 PLASTIC 0
314 131 362 131 362 407 314 407 PLASTIC 0
316 202 360 202 360 266 316 266 PLASTIC 0
373 182 395 182 395 209 373 209 PLASTIC 0
360 182 406 182 406 404 360 404 PLASTIC 0
359 271 405 271 405 359 359 359 PLASTIC 0