116 142 159 142 159 162 116 162 PLASTIC 0
109 203 152 203 152 223 109 223 PLASTIC 0
262 112 303 112 303 139 262 139 PLASTIC 0
291 128 332 128 332 156 291 156 PLASTIC 0
327 28 357 28 357 56 327 56 PLASTIC 0
371 159 414 159 414 183 371 183 PLASTIC 0
375 55 407 55 407 79 375 79 PLASTIC 0
359 292 393 292 393 318 359 318 PLASTIC 0
255.00000000000003 238 298 238 298 258 255.00000000000003 258 PLASTIC 0
168 288 200 288 200 309 168 309 PLASTIC 0
171 339 189 339 189 369 171 369 PLASTIC 0
5 336 37 336 37 354 5 354 PLASTIC 0
305 348 341 348 341 375 305 375 PLASTIC 0
357 381 391 381 391 404 357 404 PLASTIC 0
114.00000000000001 21 357 21 357 139 114.00000000000001 139 PLASTIC 0
61 2 139 2 139 73 61 73 PLASTIC 0
2 2 66 2 66 68 2 68 PLASTIC 0
2 68 114.00000000000001 68 114.00000000000001 357 2 357 PLASTIC 0
75 19 355 19 355 135 75 135 PLASTIC 0
62 2 144 2 144 73 62 73 PLASTIC 0
146 2 360 2 360 23 146 23 PLASTIC 0
362 2 387 2 387 16 362 16 PLASTIC 0
357 1 415 1 415 26 357 26 PLASTIC 0
357 89 415 89 415 184 357 184 PLASTIC 0
357 23 415 23 415 90 357 90 PLASTIC 0
116 112 307 112 307 288 116 288 PLASTIC 0
24 289 200 289 200 415 24 415 PLASTIC 0
129 342 267 342 267 415 129 415 PLASTIC 0
198 320 300 320 300 415 198 415 PLASTIC 0
296 343 339 343 339 413 296 413 PLASTIC 0
198 286 273 286 273 320 198 320 PLASTIC 0
327 355 415 355 415 415 327 415 PLASTIC 0
378 313 416 313 416 353 378 353 PLASTIC 0
316 202 415 202 415 318 316 318 PLASTIC 0
386 260 415 260 415 281 386 281 PLASTIC 0
362 238.99999999999997 416 238.99999999999997 416 315 362 315 PLASTIC 0
310 183 412 183 412 201 310 201 PLASTIC 0
313 93 415 93 415 183 313 183 PLASTIC 0
262 267 394 267 394 353 262 353 PLASTIC 0
216.00000000000003 204 415 204 415 347 216.00000000000003 347 PLASTIC 0
2 224 64 224 64 283 2 283 PLASTIC 0
1 1 415 1 415 416 1 416 PLASTIC 0