175 341 321 341 321 388 175 388 PLASTIC 0
112 267 205 267 205 321 112 321 PLASTIC 0
175 342 243 342 243 388 175 388 PLASTIC 0
257 266 373 266 373 339 257 339 PLASTIC 0
112 264 278 264 278 324 112 324 PLASTIC 0
238.99999999999997 193 362 193 362 265 238.99999999999997 265 PLASTIC 0
205 105 339 105 339 209 205 209 PLASTIC 0
105 203 248 203 248 256 105 256 PLASTIC 0
127.00000000000001 88 284 88 284 146 127.00000000000001 146 PLASTIC 0
64 21 162 21 162 77 64 77 PLASTIC 0
62 18 282 18 282 83 62 83 PLASTIC 0