319 49 363 49 363 284 319 284 PLASTIC 0
291 33 322 33 322 197 291 197 PLASTIC 0
261 18 291 18 291 138 261 138 PLASTIC 0
193 20 251 20 251 110 193 110 PLASTIC 0
150 66 177 66 177 102 150 102 PLASTIC 0
137 16 189 16 189 100 137 100 PLASTIC 0
111 28 150 28 150 213.99999999999997 111 213.99999999999997 PLASTIC 0
53 41 118 41 118 365 53 365 PLASTIC 0
88 89 142 89 142 401 88 401 PLASTIC 0
127.00000000000001 36 183 36 183 365 127.00000000000001 365 PLASTIC 0
185 202 201 202 201 232 185 232 PLASTIC 0
177 49 212 49 212 233 177 233 PLASTIC 0
155 100 211 100 211 398 155 398 PLASTIC 0
193 74 245 74 245 368 193 368 PLASTIC 0
225.99999999999997 66 278 66 278 398 225.99999999999997 398 PLASTIC 0
236 31 270 31 270 230 236 230 PLASTIC 0
263 51 307 51 307 314 263 314 PLASTIC 0
289 46 347 46 347 398 289 398 PLASTIC 0