277 20 395 20 395 300 277 300 PLASTIC 0
287 104 415 104 415 395 287 395 PLASTIC 0
369 233 415 233 415 389 369 389 PLASTIC 0
6 238 184 238 184 396 6 396 PLASTIC 0
14.999999999999998 198 79 198 79 394 14.999999999999998 394 PLASTIC 0
68 122 224 122 224 336 68 336 PLASTIC 0
203 87 288 87 288 394 203 394 PLASTIC 0
182 274 308 274 308 378 182 378 PLASTIC 0
95 1 277 1 277 169 95 169 PLASTIC 0
1 0 195 0 195 205 1 205 PLASTIC 0
0 1 101 1 101 114.00000000000001 0 114.00000000000001 PLASTIC 0
370 1 415 1 415 99 370 99 PLASTIC 0
299 1 371 1 371 91 299 91 PLASTIC 0