263 8 326 8 326 76 263 76 PLASTIC 0
263 35 289 35 289 67 263 67 PLASTIC 0
246 37 261 37 261 61 246 61 PLASTIC 0
246 29.999999999999996 298 29.999999999999996 298 86 246 86 PLASTIC 0
263 91 283 91 283 112.99999999999999 263 112.99999999999999 PLASTIC 0
265 128 285 128 285 150 265 150 PLASTIC 0
245 143 263 143 263 165 245 165 PLASTIC 0
261 84 325 84 325 124 261 124 PLASTIC 0
268 125.99999999999999 324 125.99999999999999 324 182 268 182 PLASTIC 0
246 141 305 141 305 185 246 185 PLASTIC 0
87 235 315 235 315 281 87 281 PLASTIC 0
76 274 298 274 298 316 76 316 PLASTIC 0
161 288 331 288 331 344 161 344 PLASTIC 0
84 348 326 348 326 415 84 415 PLASTIC 0
76 327 200 327 200 370 76 370 PLASTIC 0
86 248 102 248 102 272 86 272 PLASTIC 0
74 278 92 278 92 304 74 304 PLASTIC 0
159 305 187 305 187 331 159 331 PLASTIC 0
76 346 94 346 94 367 76 367 PLASTIC 0
83 372 96 372 96 394 83 394 PLASTIC 0