3 1 75 1 75 73 3 73 PLASTIC 0
26 35 80 35 80 97 26 97 PLASTIC 0
52 10 112 10 112 42 52 42 PLASTIC 0
69 1 226.99999999999997 1 226.99999999999997 49 69 49 PLASTIC 0
78 19 138 19 138 71 78 71 PLASTIC 0
210 41 224 41 224 49 210 49 PLASTIC 0
69 57.00000000000001 195 57.00000000000001 195 106.99999999999999 69 106.99999999999999 PLASTIC 0
187 53 212.99999999999997 53 212.99999999999997 65 187 65 PLASTIC 0
3 73 29 73 29 115 3 115 PLASTIC 0
26 96 72 96 72 115 26 115 PLASTIC 0
187 101 210 101 210 112.99999999999999 187 112.99999999999999 PLASTIC 0
178 48 348 48 348 112 178 112 PLASTIC 0
226.99999999999997 1 279 1 279 61 226.99999999999997 61 PLASTIC 0
187 1 233 1 233 35 187 35 PLASTIC 0
267 1 407 1 407 56 267 56 PLASTIC 0
3 112.99999999999999 41 112.99999999999999 41 125 3 125 PLASTIC 0
43 96 161 96 161 130 43 130 PLASTIC 0
18 116 38 116 38 128 18 128 PLASTIC 0
3 118 43 118 43 158 3 158 PLASTIC 0
3 158 37 158 37 192 3 192 PLASTIC 0
35 106.99999999999999 201 106.99999999999999 201 179 35 179 PLASTIC 0
141 62 226.99999999999997 62 226.99999999999997 108.00000000000001 141 108.00000000000001 PLASTIC 0
198 97 316 97 316 125 198 125 PLASTIC 0
296 64 365 64 365 106.99999999999999 296 106.99999999999999 PLASTIC 0
356 29.999999999999996 408 29.999999999999996 408 74 356 74 PLASTIC 0
362 62.99999999999999 416 62.99999999999999 416 106.99999999999999 362 106.99999999999999 PLASTIC 0
356 143 376 143 376 150 356 150 PLASTIC 0
319 104 373 104 373 148 319 148 PLASTIC 0
313 119 359 119 359 137 313 137 PLASTIC 0
350 119.99999999999999 362 119.99999999999999 362 127.00000000000001 350 127.00000000000001 PLASTIC 0
52 173 69 173 69 181 52 181 PLASTIC 0
43 173 149 173 149 243 43 243 PLASTIC 0
3 195 69 195 69 296 3 296 PLASTIC 0
38 195 61 195 61 202 38 202 PLASTIC 0
55 300 101 300 101 329 55 329 PLASTIC 0
20 282 103 282 103 330 20 330 PLASTIC 0
3 333 23 333 23 351 3 351 PLASTIC 0
3 297 43 297 43 351 3 351 PLASTIC 0
72 247 166 247 166 297 72 297 PLASTIC 0
155 225.99999999999997 209 225.99999999999997 209 251.99999999999997 155 251.99999999999997 PLASTIC 0
141 220 230 220 230 300 141 300 PLASTIC 0
221 190 301 190 301 248 221 248 PLASTIC 0
187 189 279 189 279 220 187 220 PLASTIC 0
129 148 192 148 192 236 129 236 PLASTIC 0
164 145 350 145 350 203 164 203 PLASTIC 0
164 145 216.00000000000003 145 216.00000000000003 169 164 169 PLASTIC 0
278 147 290 147 290 153 278 153 PLASTIC 0
186 127.00000000000001 290 127.00000000000001 290 155 186 155 PLASTIC 0
204 130 333 130 333 172 204 172 PLASTIC 0
193 115 287 115 287 141 193 141 PLASTIC 0
330 153 356 153 356 171 330 171 PLASTIC 0
350 161 415 161 415 182 350 182 PLASTIC 0
353 145 407 145 407 164 353 164 PLASTIC 0
384 140 415 140 415 155 384 155 PLASTIC 0
373 116 411 116 411 142 373 142 PLASTIC 0
378 180 415 180 415 204 378 204 PLASTIC 0
365 183 391 183 391 195 365 195 PLASTIC 0
311 378 415 378 415 416 311 416 PLASTIC 0
296 370 394 370 394 404 296 404 PLASTIC 0
310 340 404 340 404 376 310 376 PLASTIC 0
310 341 333 341 333 352 310 352 PLASTIC 0
365 299 391 299 391 304 365 304 PLASTIC 0
2 379 190 379 190 415 2 415 PLASTIC 0
3 306 209 306 209 380 3 380 PLASTIC 0
175 306 287 306 287 355 175 355 PLASTIC 0
195 282 304 282 304 322 195 322 PLASTIC 0
141 339 281 339 281 403 141 403 PLASTIC 0
172 371 310 371 310 412 172 412 PLASTIC 0
192 356 279 356 279 415 192 415 PLASTIC 0
189 381 330 381 330 415 189 415 PLASTIC 0
292 301 415 301 415 330 292 330 PLASTIC 0
290 304 304 304 304 310 290 310 PLASTIC 0
298 320 415 320 415 360 298 360 PLASTIC 0
399 358 415 358 415 375 399 375 PLASTIC 0
264 257 330 257 330 288 264 288 PLASTIC 0
230 255.00000000000003 273 255.00000000000003 273 280 230 280 PLASTIC 0
238 245 284 245 284 258 238 258 PLASTIC 0
284 248 393 248 393 296 284 296 PLASTIC 0
333 200 415 200 415 267 333 267 PLASTIC 0
308 199 336 199 336 219 308 219 PLASTIC 0
276 201 385 201 385 251 276 251 PLASTIC 0
307 264 415 264 415 301 307 301 PLASTIC 0
2 1 415 1 415 416 2 416 PLASTIC 0