321 136 371 136 371 170 321 170 PLASTIC 0
300 2 334 2 334 16 300 16 PLASTIC 0
350 2 414 2 414 49 350 49 PLASTIC 0
386 43 414 43 414 90 386 90 PLASTIC 0
146 58 362 58 362 158 146 158 PLASTIC 0
314 38 364 38 364 62 314 62 PLASTIC 0
298 24 348 24 348 50 298 50 PLASTIC 0
307 2 355 2 355 38 307 38 PLASTIC 0
359 55 389 55 389 77 359 77 PLASTIC 0
128 2 321 2 321 117 128 117 PLASTIC 0
34 2 193 2 193 59.99999999999999 34 59.99999999999999 PLASTIC 0
169 6 212 6 212 27.000000000000004 169 27.000000000000004 PLASTIC 0
191 2 219 2 219 11 191 11 PLASTIC 0
137 2 196 2 196 17 137 17 PLASTIC 0
29.999999999999996 11 132 11 132 75 29.999999999999996 75 PLASTIC 0
0 2 48 2 48 72 0 72 PLASTIC 0
0 72 98 72 98 144 0 144 PLASTIC 0
71 71 96 71 96 95 71 95 PLASTIC 0
82 94 106.99999999999999 94 106.99999999999999 116 82 116 PLASTIC 0
50 111 84 111 84 135 50 135 PLASTIC 0
55 115 169 115 169 177 55 177 PLASTIC 0
100 61 159 61 159 121.00000000000001 100 121.00000000000001 PLASTIC 0
1 162 155 162 155 296 1 296 PLASTIC 0
0 128 84 128 84 194 0 194 PLASTIC 0
0 152 29.999999999999996 152 29.999999999999996 220 0 220 PLASTIC 0
59 254.00000000000003 216.00000000000003 254.00000000000003 216.00000000000003 366 59 366 PLASTIC 0
153 244 189 244 189 274 153 274 PLASTIC 0
137 212 169 212 169 233 137 233 PLASTIC 0
112 226.99999999999997 310 226.99999999999997 310 313 112 313 PLASTIC 0
144 164 166 164 166 185 144 185 PLASTIC 0
153 160 346 160 346 280 153 280 PLASTIC 0
178 150 362 150 362 226.99999999999997 178 226.99999999999997 PLASTIC 0
228.00000000000003 135 280 135 280 201 228.00000000000003 201 PLASTIC 0
266 121.00000000000001 320 121.00000000000001 320 175 266 175 PLASTIC 0
321 110 414 110 414 174 321 174 PLASTIC 0
332 78 414 78 414 119.99999999999999 332 119.99999999999999 PLASTIC 0
316 162 414 162 414 186 316 186 PLASTIC 0
378 183 398 183 398 203 378 203 PLASTIC 0
334 182 398 182 398 212 334 212 PLASTIC 0
394 180 414 180 414 204 394 204 PLASTIC 0
275 182 359 182 359 229.00000000000003 275 229.00000000000003 PLASTIC 0
350 229.00000000000003 393 229.00000000000003 393 252.99999999999997 350 252.99999999999997 PLASTIC 0
307 224 395 224 395 254.00000000000003 307 254.00000000000003 PLASTIC 0
357 201 414 201 414 233 357 233 PLASTIC 0
334 247 414 247 414 282 334 282 PLASTIC 0
148 167 344 167 344 283 148 283 PLASTIC 0
302 277 414 277 414 324 302 324 PLASTIC 0
405 280 414 280 414 322 405 322 PLASTIC 0
223 294 414 294 414 371 223 371 PLASTIC 0
213.99999999999997 313 234 313 234 337 213.99999999999997 337 PLASTIC 0
191 256 307 256 307 310 191 310 PLASTIC 0
0 293 132 293 132 360 0 360 PLASTIC 0
102 401 134 401 134 413 102 413 PLASTIC 0
136 372 164 372 164 387 136 387 PLASTIC 0
155 380 185 380 185 411 155 411 PLASTIC 0
250 377 278 377 278 400 250 400 PLASTIC 0
280 363 292 363 292 378 280 378 PLASTIC 0
384 410 397 410 397 415 384 415 PLASTIC 0
384 366 415 366 415 415 384 415 PLASTIC 0
343 367 388 367 388 415 343 415 PLASTIC 0
268 369 357 369 357 415 268 415 PLASTIC 0
255.00000000000003 361 296 361 296 392 255.00000000000003 392 PLASTIC 0
196 337 262 337 262 383 196 383 PLASTIC 0
187 368 255.00000000000003 368 255.00000000000003 392 187 392 PLASTIC 0
170 378 280 378 280 415 170 415 PLASTIC 0
122 381 185 381 185 415 122 415 PLASTIC 0
9 351 137 351 137 412 9 412 PLASTIC 0
0 357 42 357 42 415 0 415 PLASTIC 0
45 375 128 375 128 415 45 415 PLASTIC 0
0 1 415 1 415 415 0 415 PLASTIC 0