246 327 414 327 414 415 246 415 PLASTIC 0
230 381 414 381 414 415 230 415 PLASTIC 0
1 328 250 328 250 409 1 409 PLASTIC 0
1 382 248 382 248 415 1 415 PLASTIC 0
7 291 257 291 257 362 7 362 PLASTIC 0
1 0 216.00000000000003 0 216.00000000000003 14 1 14 PLASTIC 0
207 0 414 0 414 21 207 21 PLASTIC 0
326 21 414 21 414 95 326 95 PLASTIC 0
71 56 344 56 344 133 71 133 PLASTIC 0
148 156 173 156 173 178 148 178 PLASTIC 0
127.00000000000001 235 155 235 155 262 127.00000000000001 262 PLASTIC 0
359 280 409 280 409 304 359 304 PLASTIC 0
1 0 18 0 18 13 1 13 PLASTIC 0
68 56 96 56 96 80 68 80 PLASTIC 0
112 97 148 97 148 112.99999999999999 112 112.99999999999999 PLASTIC 0
162 61 178 61 178 83 162 83 PLASTIC 0
14 123 46 123 46 147 14 147 PLASTIC 0
29.999999999999996 180 62 180 62 201 29.999999999999996 201 PLASTIC 0
1 243 43 243 43 261 1 261 PLASTIC 0
1 287 18 287 18 309 1 309 PLASTIC 0
200 333 228.00000000000003 333 228.00000000000003 359 200 359 PLASTIC 0
255.00000000000003 300 414 300 414 377 255.00000000000003 377 PLASTIC 0
198 219 414 219 414 312 198 312 PLASTIC 0
248 283 407 283 407 415 248 415 PLASTIC 0
41 146 148 146 148 292 41 292 PLASTIC 0
132 168 414 168 414 265 132 265 PLASTIC 0
144 206 414 206 414 288 144 288 PLASTIC 0
0 230 48 230 48 292 0 292 PLASTIC 0
1 136 55 136 55 262 1 262 PLASTIC 0
1 14.999999999999998 218 14.999999999999998 218 91 1 91 PLASTIC 0
1 0 118 0 118 33 1 33 PLASTIC 0
1 0 268 0 268 81 1 81 PLASTIC 0
264 3 366 3 366 79 264 79 PLASTIC 0
344 45 362 45 362 71 344 71 PLASTIC 0
336 97 414 97 414 138 336 138 PLASTIC 0
150 138 414 138 414 200 150 200 PLASTIC 0
1 101 100 101 100 156 1 156 PLASTIC 0
1 0 415 0 415 415 1 415 PLASTIC 0