317 203 393 203 393 409 317 409 PLASTIC 0
379 231 415 231 415 367 379 367 PLASTIC 0
381 144 415 144 415 246 381 246 PLASTIC 0
286 131 384 131 384 245 286 245 PLASTIC 0
330 72 380 72 380 151 330 151 PLASTIC 0
324 0 394 0 394 72 324 72 PLASTIC 0
359 50 409 50 409 156 359 156 PLASTIC 0
263 8 333 8 333 112 263 112 PLASTIC 0
226.99999999999997 0 315 0 315 50 226.99999999999997 50 PLASTIC 0
185 0 247 0 247 99 185 99 PLASTIC 0
200 33 266 33 266 164 200 164 PLASTIC 0
150 129 247 129 247 238 150 238 PLASTIC 0
243 151 277 151 277 212.99999999999997 243 212.99999999999997 PLASTIC 0
242.00000000000003 203 264 203 264 223 242.00000000000003 223 PLASTIC 0
103 206 186 206 186 332 103 332 PLASTIC 0
95 278 252.99999999999997 278 252.99999999999997 414 95 414 PLASTIC 0
238.99999999999997 367 297 367 297 414 238.99999999999997 414 PLASTIC 0
254.00000000000003 327 352 327 352 413 254.00000000000003 413 PLASTIC 0
0 298 110 298 110 414 0 414 PLASTIC 0
19 203 117 203 117 317 19 317 PLASTIC 0
43 29.999999999999996 199 29.999999999999996 199 204 43 204 PLASTIC 0
147 0 205 0 205 59.99999999999999 147 59.99999999999999 PLASTIC 0
93 1 157 1 157 45 93 45 PLASTIC 0
61 0 97 0 97 50 61 50 PLASTIC 0
29 1 65 1 65 45 29 45 PLASTIC 0
0 0 46 0 46 84 0 84 PLASTIC 0
6 48 103 48 103 206 6 206 PLASTIC 0
0 65 28 65 28 174 0 174 PLASTIC 0
1 156 53 156 53 317 1 317 PLASTIC 0
1 0 415 0 415 414 1 414 PLASTIC 0