350 372 414 372 414 407 350 407 PLASTIC 0
270 386 414 386 414 415 270 415 PLASTIC 0
268 387 290 387 290 403 268 403 PLASTIC 0
246 379 310 379 310 415 246 415 PLASTIC 0
248 346 278 346 278 366 248 366 PLASTIC 0
218 394 262 394 262 415 218 415 PLASTIC 0
176 388 220 388 220 415 176 415 PLASTIC 0
129 396 171 396 171 412 129 412 PLASTIC 0
62 383 139 383 139 415 62 415 PLASTIC 0
8 384 82 384 82 415 8 415 PLASTIC 0
8 356 92 356 92 387 8 387 PLASTIC 0
94 364 134 364 134 390 94 390 PLASTIC 0
117 366 181 366 181 394 117 394 PLASTIC 0
156 348 206 348 206 382 156 382 PLASTIC 0
203 355 255.00000000000003 355 255.00000000000003 394 203 394 PLASTIC 0
256 340 300 340 300 380 256 380 PLASTIC 0
292 338 384 338 384 383 292 383 PLASTIC 0
300 372 334 372 334 390 300 390 PLASTIC 0
367 336 414 336 414 372 367 372 PLASTIC 0
396 323 414 323 414 348 396 348 PLASTIC 0
305 287 414 287 414 354 305 354 PLASTIC 0
198 277 265 277 265 341 198 341 PLASTIC 0
252.99999999999997 219 335 219 335 318 252.99999999999997 318 PLASTIC 0
260 314 307 314 307 340 260 340 PLASTIC 0
141 290 252.99999999999997 290 252.99999999999997 362 141 362 PLASTIC 0
94 276 206 276 206 376 94 376 PLASTIC 0
0 212.99999999999997 127.00000000000001 212.99999999999997 127.00000000000001 360 0 360 PLASTIC 0
0 272 94 272 94 379 0 379 PLASTIC 0
0 322 18 322 18 364 0 364 PLASTIC 0
5 212 35 212 35 224 5 224 PLASTIC 0
164 275 198 275 198 295 164 295 PLASTIC 0
179 249 212.99999999999997 249 212.99999999999997 263 179 263 PLASTIC 0
233 259 263 259 263 279 233 279 PLASTIC 0
208 234 272 234 272 277 208 277 PLASTIC 0
176 135 290 135 290 263 176 263 PLASTIC 0
159 260 221 260 221 294 159 294 PLASTIC 0
139 280 203 280 203 341 139 341 PLASTIC 0
149 234 181 234 181 251.99999999999997 149 251.99999999999997 PLASTIC 0
139 171 199 171 199 252.99999999999997 139 252.99999999999997 PLASTIC 0
149 133 223 133 223 191 149 191 PLASTIC 0
174 176 208 176 208 194 174 194 PLASTIC 0
77 191 154 191 154 277 77 277 PLASTIC 0
37 217 121.00000000000001 217 121.00000000000001 292 37 292 PLASTIC 0
344 1 414 1 414 71 344 71 PLASTIC 0
389 71 414 71 414 111 389 111 PLASTIC 0
308 96 414 96 414 134 308 134 PLASTIC 0
392 125.99999999999999 414 125.99999999999999 414 156 392 156 PLASTIC 0
290 131 404 131 404 167 290 167 PLASTIC 0
354 159 414 159 414 202 354 202 PLASTIC 0
382 198 414 198 414 234 382 234 PLASTIC 0
379 243 413 243 413 259 379 259 PLASTIC 0
396 248 414 248 414 272 396 272 PLASTIC 0
295 208 374 208 374 266 295 266 PLASTIC 0
332 259 414 259 414 289 332 289 PLASTIC 0
330 277 372 277 372 316 330 316 PLASTIC 0
290 174 414 174 414 242.00000000000003 290 242.00000000000003 PLASTIC 0
238 116 324 116 324 236 238 236 PLASTIC 0
228.00000000000003 31 399 31 399 87 228.00000000000003 87 PLASTIC 0
255.00000000000003 2 337 2 337 59.99999999999999 255.00000000000003 59.99999999999999 PLASTIC 0
193 44 243 44 243 66 193 66 PLASTIC 0
186 12 218 12 218 34 186 34 PLASTIC 0
85 87 119 87 119 105 85 105 PLASTIC 0
14.999999999999998 13 52 13 52 24 14.999999999999998 24 PLASTIC 0
0 19 27.000000000000004 19 27.000000000000004 35 0 35 PLASTIC 0
23 39 65 39 65 68 23 68 PLASTIC 0
69 121.00000000000001 99 121.00000000000001 99 141 69 141 PLASTIC 0
0 154 32 154 32 174 0 174 PLASTIC 0
198 1 277 1 277 109 198 109 PLASTIC 0
136 99 230 99 230 151 136 151 PLASTIC 0
104 134 158 134 158 166 104 166 PLASTIC 0
100 165 154 165 154 187 100 187 PLASTIC 0
0 194 10 194 10 210 0 210 PLASTIC 0
5 142 141 142 141 213.99999999999997 5 213.99999999999997 PLASTIC 0
5 110 79 110 79 164 5 164 PLASTIC 0
0 88 102 88 102 141 0 141 PLASTIC 0
0 64 119 64 119 110 0 110 PLASTIC 0
97 12 223 12 223 88 97 88 PLASTIC 0
64 1 166 1 166 71 64 71 PLASTIC 0
47 2 99 2 99 34 47 34 PLASTIC 0
0 7 55 7 55 88 0 88 PLASTIC 0
97 80 179 80 179 156 97 156 PLASTIC 0
159 57.00000000000001 211 57.00000000000001 211 96 159 96 PLASTIC 0
0 1 414 1 414 415 0 415 PLASTIC 0