2 0 350 0 350 59.99999999999999 2 59.99999999999999 PLASTIC 0
48 36 178 36 178 116 48 116 PLASTIC 0
3 104 117 104 117 268 3 268 PLASTIC 0
170 48 254.00000000000003 48 254.00000000000003 106 170 106 PLASTIC 0
3 267 147 267 147 415 3 415 PLASTIC 0
2 310 32 310 32 414 2 414 PLASTIC 0
93 19 415 19 415 290 93 290 PLASTIC 0
272 92 415 92 415 207 272 207 PLASTIC 0
306 384 415 384 415 415 306 415 PLASTIC 0
146 288 415 288 415 415 146 415 PLASTIC 0
62 3 316 3 316 245 62 245 PLASTIC 0
404 0 415 0 415 14.999999999999998 404 14.999999999999998 PLASTIC 0
345 0 415 0 415 28 345 28 PLASTIC 0
2 0 415 0 415 415 2 415 PLASTIC 0