3 349 207 349 207 415 3 415 PLASTIC 0
232 167 388 167 388 285 232 285 PLASTIC 0
2 127.00000000000001 388 127.00000000000001 388 325 2 325 PLASTIC 0
235 362 317 362 317 415 235 415 PLASTIC 0
2 322 314 322 314 415 2 415 PLASTIC 0
225 275 319 275 319 287 225 287 PLASTIC 0
3 271 325 271 325 324 3 324 PLASTIC 0
238 125 307 125 307 171 238 171 PLASTIC 0
242.00000000000003 39 342 39 342 118 242.00000000000003 118 PLASTIC 0
242.00000000000003 1 308 1 308 41 242.00000000000003 41 PLASTIC 0
95 119.99999999999999 307 119.99999999999999 307 180 95 180 PLASTIC 0
3 6 340 6 340 152 3 152 PLASTIC 0
2 1 307 1 307 51 2 51 PLASTIC 0