2 3 66 3 66 203 2 203 PLASTIC 0
57.00000000000001 2 157 2 157 270 57.00000000000001 270 PLASTIC 0
127.00000000000001 2 231 2 231 191 127.00000000000001 191 PLASTIC 0
216.00000000000003 3 308 3 308 266 216.00000000000003 266 PLASTIC 0
270 3 410 3 410 203 270 203 PLASTIC 0
159 115 238.99999999999997 115 238.99999999999997 327 159 327 PLASTIC 0
14 101 104 101 104 333 14 333 PLASTIC 0
2 205 54.00000000000001 205 54.00000000000001 373 2 373 PLASTIC 0
1 308 25 308 25 415 1 415 PLASTIC 0
37 328 96 328 96 415 37 415 PLASTIC 0
79 263 135 263 135 415 79 415 PLASTIC 0
112 182 181 182 181 376 112 376 PLASTIC 0
231 189 312 189 312 373 231 373 PLASTIC 0
283 133 389 133 389 329 283 329 PLASTIC 0
365 2 415 2 415 267 365 267 PLASTIC 0
358 209 415 209 415 369 358 369 PLASTIC 0
297 246 377 246 377 412 297 412 PLASTIC 0
250 310 319 310 319 415 250 415 PLASTIC 0
177 267 254.00000000000003 267 254.00000000000003 415 177 415 PLASTIC 0
142 308 209 308 209 415 142 415 PLASTIC 0
353 321 415 321 415 415 353 415 PLASTIC 0