318 354 414 354 414 415 318 415 PLASTIC 0
151 368 323 368 323 415 151 415 PLASTIC 0
307 375 405 375 405 415 307 415 PLASTIC 0
10 362 261 362 261 415 10 415 PLASTIC 0
1 328 83 328 83 415 1 415 PLASTIC 0
1 292 10 292 10 334 1 334 PLASTIC 0
0 266 414 266 414 374 0 374 PLASTIC 0
1 237 137 237 137 291 1 291 PLASTIC 0
388 263 414 263 414 361 388 361 PLASTIC 0
1 156 402 156 402 281 1 281 PLASTIC 0
404 204 414 204 414 284 404 284 PLASTIC 0
26 71 414 71 414 211 26 211 PLASTIC 0
1 0 75 0 75 160 1 160 PLASTIC 0
121.00000000000001 1 213.99999999999997 1 213.99999999999997 49 121.00000000000001 49 PLASTIC 0
54.00000000000001 0 125.99999999999999 0 125.99999999999999 65 54.00000000000001 65 PLASTIC 0
65 1 244 1 244 77 65 77 PLASTIC 0
166 24 328 24 328 111 166 111 PLASTIC 0
242.00000000000003 0 414 0 414 65 242.00000000000003 65 PLASTIC 0
314 74 382 74 382 110 314 110 PLASTIC 0
368 53 414 53 414 124 368 124 PLASTIC 0
0 1 414 1 414 415 0 415 PLASTIC 0