3 218 196 218 196 292 3 292 PLASTIC 0
3 144 137 144 137 415 3 415 PLASTIC 0
80 293 371 293 371 404 80 404 PLASTIC 0
141 256 198 256 198 292 141 292 PLASTIC 0
319 355 371 355 371 395 319 395 PLASTIC 0
350 168 393 168 393 202 350 202 PLASTIC 0
3 141 391 141 391 221 3 221 PLASTIC 0
213.99999999999997 59 248 59 248 95 213.99999999999997 95 PLASTIC 0
2 53 248 53 248 135 2 135 PLASTIC 0
395 92 415 92 415 129 395 129 PLASTIC 0
7 79 414 79 414 167 7 167 PLASTIC 0
91 1 415 1 415 97 91 97 PLASTIC 0
3 8 112 8 112 58 3 58 PLASTIC 0
128 224 416 224 416 324 128 324 PLASTIC 0
282 319 415 319 415 398 282 398 PLASTIC 0