39 335 273 335 273 397 39 397 PLASTIC 0
28 285 212 285 212 343 28 343 PLASTIC 0
16 225 208 225 208 287 16 287 PLASTIC 0
12 174 196 174 196 234 12 234 PLASTIC 0
1 124 191 124 191 182 1 182 PLASTIC 0
333 255.00000000000003 393 255.00000000000003 393 298 333 298 PLASTIC 0
295 342 381 342 381 415 295 415 PLASTIC 0
41 352 99 352 99 386 41 386 PLASTIC 0
28 294 88 294 88 324 28 324 PLASTIC 0
18 237 74 237 74 271 18 271 PLASTIC 0
12 188 66 188 66 220 12 220 PLASTIC 0
2 137 52 137 52 165 2 165 PLASTIC 0
132 275 356 275 356 346 132 346 PLASTIC 0
210 165 375 165 375 271 210 271 PLASTIC 0
323 165 377 165 377 215.00000000000003 323 215.00000000000003 PLASTIC 0
304 106.99999999999999 360 106.99999999999999 360 151 304 151 PLASTIC 0
282 51 334 51 334 101 282 101 PLASTIC 0
267 2 315 2 315 52 267 52 PLASTIC 0
198 106 358 106 358 238.99999999999997 198 238.99999999999997 PLASTIC 0
195 53 335 53 335 198 195 198 PLASTIC 0
175 0 315 0 315 133 175 133 PLASTIC 0