152 345 384 345 384 392 152 392 PLASTIC 0
77 310 373 310 373 360 77 360 PLASTIC 0
128 284 382 284 382 324 128 324 PLASTIC 0
98 229.00000000000003 394 229.00000000000003 394 288 98 288 PLASTIC 0
87 193 219 193 219 247 87 247 PLASTIC 0
143 192 384 192 384 238.99999999999997 143 238.99999999999997 PLASTIC 0
132 157 386 157 386 203 132 203 PLASTIC 0
182 118 414 118 414 176 182 176 PLASTIC 0
130 96 380 96 380 144 130 144 PLASTIC 0
132 65 378 65 378 100 132 100 PLASTIC 0
134 24 380 24 380 68 134 68 PLASTIC 0
130 35 164 35 164 59 130 59 PLASTIC 0
130 73 162 73 162 93 130 93 PLASTIC 0
125 110 157 110 157 132 125 132 PLASTIC 0
180 129 212 129 212 155 180 155 PLASTIC 0
132 167 162 167 162 191 132 191 PLASTIC 0
146 197 171 197 171 219 146 219 PLASTIC 0
89 208 111 208 111 230 89 230 PLASTIC 0
103 248 157 248 157 274 103 274 PLASTIC 0
127.00000000000001 290 157 290 157 312 127.00000000000001 312 PLASTIC 0
75 322 100 322 100 345 75 345 PLASTIC 0
155 357 180 357 180 381 155 381 PLASTIC 0