345 171 380 171 380 355 345 355 PLASTIC 0
304 86 348 86 348 362 304 362 PLASTIC 0
261 79 313 79 313 369 261 369 PLASTIC 0
222 160 264 160 264 358 222 358 PLASTIC 0
153 72 239.99999999999997 72 239.99999999999997 348 153 348 PLASTIC 0
130 182 164 182 164 355 130 355 PLASTIC 0
89 76 131 76 131 342 89 342 PLASTIC 0
43 77 92 77 92 353 43 353 PLASTIC 0
20 174 58 174 58 360 20 360 PLASTIC 0
354 171 372 171 372 191 354 191 PLASTIC 0
311 86 331 86 331 112.99999999999999 311 112.99999999999999 PLASTIC 0
279 77 302 77 302 99 279 99 PLASTIC 0
235 160 252.99999999999997 160 252.99999999999997 202 235 202 PLASTIC 0
179 70 235 70 235 106 179 106 PLASTIC 0
139 180 157 180 157 202 139 202 PLASTIC 0
99 74 117 74 117 101 99 101 PLASTIC 0
59 77 81 77 81 99 59 99 PLASTIC 0
28 171 48 171 48 191 28 191 PLASTIC 0