94 2 318 2 318 127.00000000000001 94 127.00000000000001 PLASTIC 0
35 149 125 149 125 213.99999999999997 35 213.99999999999997 PLASTIC 0
144 2 386 2 386 234 144 234 PLASTIC 0
35 2 135 2 135 213.99999999999997 35 213.99999999999997 PLASTIC 0
37 149 129 149 129 327 37 327 PLASTIC 0
37 304 79 304 79 365 37 365 PLASTIC 0
36 273 234 273 234 415 36 415 PLASTIC 0
96 187 225.99999999999997 187 225.99999999999997 301 96 301 PLASTIC 0
176 313 355 313 355 415 176 415 PLASTIC 0
235 270 371 270 371 415 235 415 PLASTIC 0
338 89 390 89 390 145 338 145 PLASTIC 0
385 108.00000000000001 415 108.00000000000001 415 152 385 152 PLASTIC 0
265 138 415 138 415 323 265 323 PLASTIC 0
387 2 415 2 415 108.00000000000001 387 108.00000000000001 PLASTIC 0
329 309 416 309 416 415 329 415 PLASTIC 0
29.999999999999996 0 416 0 416 415 29.999999999999996 415 PLASTIC 0