11 58 89 58 89 254.00000000000003 11 254.00000000000003 PLASTIC 0
78 61 115 61 115 196 78 196 PLASTIC 0
112.99999999999999 59.99999999999999 155 59.99999999999999 155 200 112.99999999999999 200 PLASTIC 0
119.99999999999999 183 146 183 146 198 119.99999999999999 198 PLASTIC 0
89 185 106.99999999999999 185 106.99999999999999 198 89 198 PLASTIC 0
35 235 70 235 70 252.99999999999997 35 252.99999999999997 PLASTIC 0
176 278 215.00000000000003 278 215.00000000000003 300 176 300 PLASTIC 0
130 379 174 379 174 405 130 405 PLASTIC 0
266 344 318 344 318 374 266 374 PLASTIC 0
335 276 375 276 375 304 335 304 PLASTIC 0
261 269 289 269 289 289 261 289 PLASTIC 0
78 85 224 85 224 403 78 403 PLASTIC 0
125.99999999999999 62.99999999999999 244 62.99999999999999 244 301 125.99999999999999 301 PLASTIC 0
241.00000000000003 62.99999999999999 307 62.99999999999999 307 289 241.00000000000003 289 PLASTIC 0
300 58 404 58 404 302 300 302 PLASTIC 0
225.99999999999997 222 339 222 339 370 225.99999999999997 370 PLASTIC 0