87 358 349 358 349 410 87 410 PLASTIC 0
87 373 119 373 119 394 87 394 PLASTIC 0
166 359 334 359 334 411 166 411 PLASTIC 0
57.00000000000001 293 337 293 337 343 57.00000000000001 343 PLASTIC 0
125.99999999999999 293 193 293 193 343 125.99999999999999 343 PLASTIC 0
40 229.00000000000003 352 229.00000000000003 352 277 40 277 PLASTIC 0
151 230 275 230 275 276 151 276 PLASTIC 0
40 247 72 247 72 269 40 269 PLASTIC 0
198 161 312 161 312 211 198 211 PLASTIC 0
82 162 337 162 337 212 82 212 PLASTIC 0
57.00000000000001 106 89 106 89 128 57.00000000000001 128 PLASTIC 0
55 89 317 89 317 139 55 139 PLASTIC 0
112 38 139 38 139 62.99999999999999 112 62.99999999999999 PLASTIC 0
114.00000000000001 27.000000000000004 337 27.000000000000004 337 74 114.00000000000001 74 PLASTIC 0
194 29 248 29 248 72 194 72 PLASTIC 0
106.99999999999999 90 317 90 317 136 106.99999999999999 136 PLASTIC 0