329 228.00000000000003 364 228.00000000000003 364 251.99999999999997 329 251.99999999999997 PLASTIC 0
292 45 322 45 322 61 292 61 PLASTIC 0
207 12 237 12 237 28 207 28 PLASTIC 0
137 8 165 8 165 26 137 26 PLASTIC 0
59 73 87 73 87 91 59 91 PLASTIC 0
255.00000000000003 238.99999999999997 290 238.99999999999997 290 259 255.00000000000003 259 PLASTIC 0
183 225.99999999999997 217 225.99999999999997 217 246 183 246 PLASTIC 0
112.99999999999999 243 145 243 145 263 112.99999999999999 263 PLASTIC 0
41 246 76 246 76 266 41 266 PLASTIC 0
266 45 346 45 346 211 266 211 PLASTIC 0
198 11 246 11 246 205 198 205 PLASTIC 0
128 10 174 10 174 202 128 202 PLASTIC 0
43 74 109 74 109 207 43 207 PLASTIC 0
322 229.00000000000003 380 229.00000000000003 380 401 322 401 PLASTIC 0
248 238.99999999999997 302 238.99999999999997 302 396 248 396 PLASTIC 0
174 228.00000000000003 230 228.00000000000003 230 400 174 400 PLASTIC 0
100 244 154 244 154 400 100 400 PLASTIC 0
29.999999999999996 248 89 248 89 400 29.999999999999996 400 PLASTIC 0