3 2 303 2 303 62.99999999999999 3 62.99999999999999 PLASTIC 0
285 2 347 2 347 36 285 36 PLASTIC 0
300 13 415 13 415 62 300 62 PLASTIC 0
346 0 415 0 415 29.999999999999996 346 29.999999999999996 PLASTIC 0
259 34 381 34 381 80 259 80 PLASTIC 0
229.00000000000003 48 342 48 342 108.00000000000001 229.00000000000003 108.00000000000001 PLASTIC 0
3 58 285 58 285 147 3 147 PLASTIC 0
5 143 275 143 275 233 5 233 PLASTIC 0
2 234 266 234 266 323 2 323 PLASTIC 0
2 321 262 321 262 415 2 415 PLASTIC 0
178 207 322 207 322 269 178 269 PLASTIC 0
202 121.00000000000001 324 121.00000000000001 324 188 202 188 PLASTIC 0
171 292 312 292 312 354 171 354 PLASTIC 0
148 376 306 376 306 415 148 415 PLASTIC 0
255.00000000000003 337 352 337 352 392 255.00000000000003 392 PLASTIC 0
264 251 361 251 361 321 264 321 PLASTIC 0
273 177 368 177 368 238 273 238 PLASTIC 0
282 109 377 109 377 164 282 164 PLASTIC 0
301 32 382 32 382 106 301 106 PLASTIC 0
349 13 415 13 415 64 349 64 PLASTIC 0
346 0 415 0 415 29 346 29 PLASTIC 0
382 62 416 62 416 104 382 104 PLASTIC 0
335 87 415 87 415 134 335 134 PLASTIC 0
374 132 415 132 415 173 374 173 PLASTIC 0
328 156 409 156 409 202 328 202 PLASTIC 0
368 199 416 199 416 236 368 236 PLASTIC 0
322 225 400 225 400 271 322 271 PLASTIC 0
360 262 415 262 415 305 360 305 PLASTIC 0
312 303 398 303 398 342 312 342 PLASTIC 0
349 335 415 335 415 379 349 379 PLASTIC 0
305 377 389 377 389 415 305 415 PLASTIC 0
383 407 416 407 416 415 383 415 PLASTIC 0
383 376 415 376 415 406 383 406 PLASTIC 0
243 2 299 2 299 42 243 42 PLASTIC 0
303 2 345 2 345 24 303 24 PLASTIC 0
383 25 415 25 415 59.99999999999999 383 59.99999999999999 PLASTIC 0
345 45 382 45 382 79 345 79 PLASTIC 0
298 66 340 66 340 103 298 103 PLASTIC 0
231 81 284 81 284 121.00000000000001 231 121.00000000000001 PLASTIC 0
282 140 328 140 328 176 282 176 PLASTIC 0
335 118 377 118 377 155 335 155 PLASTIC 0
382 97 416 97 416 129 382 129 PLASTIC 0
409 74 415 74 415 101 409 101 PLASTIC 0
409 138 415 138 415 168 409 168 PLASTIC 0
407 203 415 203 415 234 407 234 PLASTIC 0
372 164 409 164 409 195 372 195 PLASTIC 0
222 168 270 168 270 210 222 210 PLASTIC 0
273 219 321 219 321 257 273 257 PLASTIC 0
324 191 368 191 368 223 324 223 PLASTIC 0
363 232 400 232 400 263 363 263 PLASTIC 0
319 269 363 269 363 303 319 303 PLASTIC 0
212.99999999999997 256 264 256 264 299 212.99999999999997 299 PLASTIC 0
206 348 262 348 262 392 206 392 PLASTIC 0
264 305 312 305 312 343 264 343 PLASTIC 0
356 308 396 308 396 340 356 340 PLASTIC 0
395 271 415 271 415 300 395 300 PLASTIC 0
395 337 415 337 415 372 395 372 PLASTIC 0
349 377 386 377 386 413 349 413 PLASTIC 0
258 390 306 390 306 415 258 415 PLASTIC 0
312 349 349 349 349 382 312 382 PLASTIC 0