25 73 91 73 91 183 25 183 PLASTIC 0
54.00000000000001 71 91 71 91 259 54.00000000000001 259 PLASTIC 0
89 89 119.99999999999999 89 119.99999999999999 247 89 247 PLASTIC 0
142 78 157 78 157 108.00000000000001 142 108.00000000000001 PLASTIC 0
103 71 159 71 159 141 103 141 PLASTIC 0
127.00000000000001 320 145 320 145 344 127.00000000000001 344 PLASTIC 0
173 322 188 322 188 338 173 338 PLASTIC 0
163 285 179 285 179 306 163 306 PLASTIC 0
207 317 222 317 222 329 207 329 PLASTIC 0
204 233 220 233 220 254.00000000000003 204 254.00000000000003 PLASTIC 0
218 64 251.99999999999997 64 251.99999999999997 238 218 238 PLASTIC 0
229.00000000000003 198 249 198 249 264 229.00000000000003 264 PLASTIC 0
201 221 232 221 232 329 201 329 PLASTIC 0
164 273 201 273 201 339 164 339 PLASTIC 0
119.99999999999999 115 158 115 158 341 119.99999999999999 341 PLASTIC 0
151 225.99999999999997 165 225.99999999999997 165 245 151 245 PLASTIC 0
141 50 176 50 176 245 141 245 PLASTIC 0
196 59 224 59 224 257 196 257 PLASTIC 0
167 56 211 56 211 282 167 282 PLASTIC 0