2 21 80 21 80 69 2 69 PLASTIC 0
2 3 77 3 77 25 2 25 PLASTIC 0
2 71 38 71 38 82 2 82 PLASTIC 0
2 78 22 78 22 129 2 129 PLASTIC 0
33 64 73 64 73 104 33 104 PLASTIC 0
72 2 127.00000000000001 2 127.00000000000001 31 72 31 PLASTIC 0
77 2 159 2 159 80 77 80 PLASTIC 0
48 87 125 87 125 277 48 277 PLASTIC 0
2 111 41 111 41 238.99999999999997 2 238.99999999999997 PLASTIC 0
2 111 49 111 49 159 2 159 PLASTIC 0
25 124 65 124 65 224 25 224 PLASTIC 0
47 188 117 188 117 350 47 350 PLASTIC 0
2 225.99999999999997 55 225.99999999999997 55 290 2 290 PLASTIC 0
2 264 77 264 77 310 2 310 PLASTIC 0
2 312 67 312 67 398 2 398 PLASTIC 0
12 348 117 348 117 416 12 416 PLASTIC 0
2 288 59 288 59 403 2 403 PLASTIC 0
88 312 172 312 172 415 88 415 PLASTIC 0
100 188 157 188 157 330 100 330 PLASTIC 0
110 23 162 23 162 193 110 193 PLASTIC 0
140 2 205 2 205 179 140 179 PLASTIC 0
208 2 258 2 258 40 208 40 PLASTIC 0
187 22 242.00000000000003 22 242.00000000000003 159 187 159 PLASTIC 0
185 153 248 153 248 308 185 308 PLASTIC 0
147 162 220 162 220 328 147 328 PLASTIC 0
151 238.99999999999997 203 238.99999999999997 203 372 151 372 PLASTIC 0
156 383 202 383 202 415 156 415 PLASTIC 0
179 281 315 281 315 403 179 403 PLASTIC 0
210 251.99999999999997 315 251.99999999999997 315 345 210 345 PLASTIC 0
335 281 415 281 415 394 335 394 PLASTIC 0
296 316 390 316 390 415 296 415 PLASTIC 0
307 380 344 380 344 415 307 415 PLASTIC 0
269 383 312 383 312 415 269 415 PLASTIC 0
266 336 301 336 301 392 266 392 PLASTIC 0
372 373 415 373 415 415 372 415 PLASTIC 0
380 303 416 303 416 385 380 385 PLASTIC 0
315 295 371 295 371 326 315 326 PLASTIC 0
313 243 398 243 398 301 313 301 PLASTIC 0
396 237 415 237 415 291 396 291 PLASTIC 0
341 17 415 17 415 237 341 237 PLASTIC 0
348 3 414 3 414 56 348 56 PLASTIC 0
215.00000000000003 25 352 25 352 151 215.00000000000003 151 PLASTIC 0
255.00000000000003 3 307 3 307 78 255.00000000000003 78 PLASTIC 0
296 2 348 2 348 59.99999999999999 296 59.99999999999999 PLASTIC 0
301 102 383 102 383 233 301 233 PLASTIC 0
230 148 333 148 333 241.00000000000003 230 241.00000000000003 PLASTIC 0
211 233 311 233 311 341 211 341 PLASTIC 0
340 18 385 18 385 175 340 175 PLASTIC 0
1 1 415 1 415 415 1 415 PLASTIC 0