0 2 415 2 415 415 0 415 PLASTIC 0
358 5 414 5 414 75 358 75 PLASTIC 0
364 3 414 3 414 14.999999999999998 364 14.999999999999998 PLASTIC 0
327 2 365 2 365 52 327 52 PLASTIC 0
279 2 325 2 325 29 279 29 PLASTIC 0
258 2 298 2 298 62 258 62 PLASTIC 0
308 25 356 25 356 106 308 106 PLASTIC 0
398 59 414 59 414 119 398 119 PLASTIC 0
370 86 395 86 395 117 370 117 PLASTIC 0
356 94 383 94 383 146 356 146 PLASTIC 0
325 94 367 94 367 132 325 132 PLASTIC 0
289 92 325 92 325 154 289 154 PLASTIC 0
290 62.99999999999999 308 62.99999999999999 308 111 290 111 PLASTIC 0
251.99999999999997 62 306 62 306 102 251.99999999999997 102 PLASTIC 0
198 62 254.00000000000003 62 254.00000000000003 106 198 106 PLASTIC 0
198 13 236 13 236 75 198 75 PLASTIC 0
226.99999999999997 2 263 2 263 58 226.99999999999997 58 PLASTIC 0
152 2 229.00000000000003 2 229.00000000000003 46 152 46 PLASTIC 0
341 143 414 143 414 177 341 177 PLASTIC 0
381 106 415 106 415 148 381 148 PLASTIC 0
383 179 414 179 414 197 383 197 PLASTIC 0
376 202 414 202 414 229.00000000000003 376 229.00000000000003 PLASTIC 0
337 184 401 184 401 248 337 248 PLASTIC 0
317 169 348 169 348 221 317 221 PLASTIC 0
306 131 346 131 346 177 306 177 PLASTIC 0
396 231 414 231 414 260 396 260 PLASTIC 0
383 243 414 243 414 289 383 289 PLASTIC 0
366 287 412 287 412 343 366 343 PLASTIC 0
385 349 412 349 412 391 385 391 PLASTIC 0
400 331 414 331 414 360 400 360 PLASTIC 0
387 387 415 387 415 415 387 415 PLASTIC 0
360 356 387 356 387 404 360 404 PLASTIC 0
337 289 395 289 395 370 337 370 PLASTIC 0
325 286 375 286 375 329 325 329 PLASTIC 0
321 251.99999999999997 371 251.99999999999997 371 302 321 302 PLASTIC 0
318 243 343 243 343 277 318 277 PLASTIC 0
281 204 335 204 335 254.00000000000003 281 254.00000000000003 PLASTIC 0
289 181 318 181 318 215.00000000000003 289 215.00000000000003 PLASTIC 0
264 152 308 152 308 196 264 196 PLASTIC 0
237 129 291 129 291 183 237 183 PLASTIC 0
273 119 302 119 302 159 273 159 PLASTIC 0
215.00000000000003 100 285 100 285 146 215.00000000000003 146 PLASTIC 0
148 44 194 44 194 100 148 100 PLASTIC 0
116 2 152 2 152 62 116 62 PLASTIC 0
87 2 131 2 131 36 87 36 PLASTIC 0
48 2 90 2 90 44 48 44 PLASTIC 0
23 2 52 2 52 38 23 38 PLASTIC 0
0 2 27.000000000000004 2 27.000000000000004 36 0 36 PLASTIC 0
291 378 328 378 328 415 291 415 PLASTIC 0
322 380 357 380 357 415 322 415 PLASTIC 0
306 343 342 343 342 383 306 383 PLASTIC 0
296 325 312 325 312 358 296 358 PLASTIC 0
272 300 308 300 308 350 272 350 PLASTIC 0
256 258 296 258 296 316 256 316 PLASTIC 0
229.00000000000003 251.99999999999997 265 251.99999999999997 265 294 229.00000000000003 294 PLASTIC 0
223 204 261 204 261 254.00000000000003 223 254.00000000000003 PLASTIC 0
206 179 246 179 246 221 206 221 PLASTIC 0
220 168 258 168 258 206 220 206 PLASTIC 0
189 139 223 139 223 177 189 177 PLASTIC 0
173 110 202 110 202 156 173 156 PLASTIC 0
144 92 173 92 173 140 144 140 PLASTIC 0
115 54.00000000000001 142 54.00000000000001 142 96 115 96 PLASTIC 0
96 38 119 38 119 82 96 82 PLASTIC 0
75 33 102 33 102 71 75 71 PLASTIC 0
42 52 78 52 78 88 42 88 PLASTIC 0
37 29 79 29 79 62.99999999999999 37 62.99999999999999 PLASTIC 0
6 31 42 31 42 79 6 79 PLASTIC 0
1 29 17 29 17 77 1 77 PLASTIC 0
2 71 48 71 48 121.00000000000001 2 121.00000000000001 PLASTIC 0
38 79 84 79 84 115 38 115 PLASTIC 0
75 75 109 75 109 115 75 115 PLASTIC 0
69 96 117 96 117 132 69 132 PLASTIC 0
94 102 132 102 132 154 94 154 PLASTIC 0
119 108.00000000000001 159 108.00000000000001 159 162 119 162 PLASTIC 0
127.00000000000001 144 169 144 169 192 127.00000000000001 192 PLASTIC 0
150 146 188 146 188 210 150 210 PLASTIC 0
135 191 185 191 185 233 135 233 PLASTIC 0
165 204 221 204 221 254.00000000000003 165 254.00000000000003 PLASTIC 0
152 238.99999999999997 204 238.99999999999997 204 279 152 279 PLASTIC 0
200 251.99999999999997 236 251.99999999999997 236 294 200 294 PLASTIC 0
156 281 218 281 218 329 156 329 PLASTIC 0
200 285 238 285 238 360 200 360 PLASTIC 0
225 300 271 300 271 346 225 346 PLASTIC 0
217 335 269 335 269 393 217 393 PLASTIC 0
254.00000000000003 350 302 350 302 416 254.00000000000003 416 PLASTIC 0
202 362 263 362 263 415 202 415 PLASTIC 0
177 348 208 348 208 416 177 416 PLASTIC 0
166 326 206 326 206 362 166 362 PLASTIC 0
139 362 182 362 182 415 139 415 PLASTIC 0
144 314 169 314 169 370 144 370 PLASTIC 0
125 316 150 316 150 352 125 352 PLASTIC 0
125 279 165 279 165 325 125 325 PLASTIC 0
116 267 150 267 150 296 116 296 PLASTIC 0
108.00000000000001 246 154 246 154 275 108.00000000000001 275 PLASTIC 0
92 236 134 236 134 254.00000000000003 92 254.00000000000003 PLASTIC 0
92 183 138 183 138 235 92 235 PLASTIC 0
77 160 119 160 119 204 77 204 PLASTIC 0
62 133 104 133 104 171 62 171 PLASTIC 0
3 112.99999999999999 69 112.99999999999999 69 171 3 171 PLASTIC 0
0 171 77 171 77 235 0 235 PLASTIC 0
32 198 92 198 92 273 32 273 PLASTIC 0
1 233 123 233 123 312 1 312 PLASTIC 0
0 308 149 308 149 415 0 415 PLASTIC 0