257 315 288 315 288 359 257 359 PLASTIC 0
263 353 301 353 301 403 263 403 PLASTIC 0
301 357 340 357 340 407 301 407 PLASTIC 0
340 351 376 351 376 395 340 395 PLASTIC 0
374 349 413 349 413 391 374 391 PLASTIC 0
353 296 391 296 391 346 353 346 PLASTIC 0
322 302 354 302 354 346 322 346 PLASTIC 0
290 304 322 304 322 346 290 346 PLASTIC 0
47 64 127.00000000000001 64 127.00000000000001 338 47 338 PLASTIC 0
9 36 64 36 64 304 9 304 PLASTIC 0
54.00000000000001 13 100 13 100 110 54.00000000000001 110 PLASTIC 0
90 34 137 34 137 138 90 138 PLASTIC 0
130 57.00000000000001 192 57.00000000000001 192 338 130 338 PLASTIC 0
190 53 260 53 260 327 190 327 PLASTIC 0
160 32 207 32 207 131 160 131 PLASTIC 0
123 4 169 4 169 97 123 97 PLASTIC 0
192 9 238 9 238 95 192 95 PLASTIC 0
236 28 282 28 282 286 236 286 PLASTIC 0