237 33 413 33 413 99 237 99 PLASTIC 0
269 1 413 1 413 33 269 33 PLASTIC 0
127.00000000000001 27.000000000000004 303 27.000000000000004 303 131 127.00000000000001 131 PLASTIC 0
124 1 309 1 309 33 124 33 PLASTIC 0
18 35 156 35 156 85 18 85 PLASTIC 0
1 1 202 1 202 53 1 53 PLASTIC 0
1 1 70 1 70 31 1 31 PLASTIC 0
1 53 93 53 93 157 1 157 PLASTIC 0
9 92 139 92 139 172 9 172 PLASTIC 0
84 74 211 74 211 134 84 134 PLASTIC 0
133 125 245 125 245 161 133 161 PLASTIC 0
1 155 197 155 197 219 1 219 PLASTIC 0
125 154 356 154 356 267 125 267 PLASTIC 0
266 112.99999999999999 414 112.99999999999999 414 199 266 199 PLASTIC 0
246 91 414 91 414 160 246 160 PLASTIC 0
239.99999999999997 233 414 233 414 311 239.99999999999997 311 PLASTIC 0
257 192 413 192 413 254.00000000000003 257 254.00000000000003 PLASTIC 0
1 218 266 218 266 374 1 374 PLASTIC 0
1 188 70 188 70 234 1 234 PLASTIC 0
0 328 246 328 246 409 0 409 PLASTIC 0
237 299 413 299 413 400 237 400 PLASTIC 0
156 336 414 336 414 415 156 415 PLASTIC 0
11 387 197 387 197 415 11 415 PLASTIC 0
1 356 56 356 56 415 1 415 PLASTIC 0
1 1 413 1 413 415 1 415 PLASTIC 0