2 316 170 316 170 414 2 414 PLASTIC 0
2 201 33 201 33 321 2 321 PLASTIC 0
13 44 124 44 124 414 13 414 PLASTIC 0
23 47 64 47 64 105 23 105 PLASTIC 0
124 251.99999999999997 160 251.99999999999997 160 318 124 318 PLASTIC 0
114.00000000000001 83 149 83 149 132 114.00000000000001 132 PLASTIC 0
215.00000000000003 25 249 25 249 67 215.00000000000003 67 PLASTIC 0
322 186 358 186 358 232 322 232 PLASTIC 0
290 0 324 0 324 20 290 20 PLASTIC 0
259 0 339 0 339 414 259 414 PLASTIC 0
194 22 284 22 284 414 194 414 PLASTIC 0
124 251.99999999999997 196 251.99999999999997 196 414 124 414 PLASTIC 0
91 0 193 0 193 380 91 380 PLASTIC 0
20 0 132 0 132 265 20 265 PLASTIC 0
2 0 29.999999999999996 0 29.999999999999996 127.00000000000001 2 127.00000000000001 PLASTIC 0
2 59 28 59 28 218 2 218 PLASTIC 0
182 0 283 0 283 49 182 49 PLASTIC 0
289 189 381 189 381 414 289 414 PLASTIC 0
317 0 415 0 415 376 317 376 PLASTIC 0
354 284 409 284 409 414 354 414 PLASTIC 0
369 0 415 0 415 175 369 175 PLASTIC 0
2 0 416 0 416 414 2 414 PLASTIC 0