132 284 370 284 370 364 132 364 PLASTIC 0
111 156 397 156 397 244 111 244 PLASTIC 0
95 274 263 274 263 310 95 310 PLASTIC 0
114.00000000000001 248 260 248 260 292 114.00000000000001 292 PLASTIC 0
111 211 338 211 338 255.00000000000003 111 255.00000000000003 PLASTIC 0
108.00000000000001 92 384 92 384 170 108.00000000000001 170 PLASTIC 0
130 73 378 73 378 111 130 111 PLASTIC 0
138 17 340 17 340 87 138 87 PLASTIC 0
262 234 376 234 376 358 262 358 PLASTIC 0
130 314 168 314 168 343 130 343 PLASTIC 0
98 278 122 278 122 301 98 301 PLASTIC 0
114.00000000000001 264 133 264 133 279 114.00000000000001 279 PLASTIC 0
122 221 160 221 160 243 122 243 PLASTIC 0
111 192 146 192 146 224 111 224 PLASTIC 0
108.00000000000001 112 132 112 132 140 108.00000000000001 140 PLASTIC 0
130 79 160 79 160 102 130 102 PLASTIC 0
135 53 157 53 157 71 135 71 PLASTIC 0