99 21 135 21 135 57.00000000000001 99 57.00000000000001 PLASTIC 0
131 25 153 25 153 55 131 55 PLASTIC 0
0 23 8 23 8 61 0 61 PLASTIC 0
68 112 80 112 80 128 68 128 PLASTIC 0
145 37 165 37 165 69 145 69 PLASTIC 0
162 39 182 39 182 77 162 77 PLASTIC 0
154 21 174 21 174 39 154 39 PLASTIC 0
174 20 194 20 194 50 174 50 PLASTIC 0
184 7 194 7 194 21 184 21 PLASTIC 0
180 53 206 53 206 75 180 75 PLASTIC 0
194 27.000000000000004 218 27.000000000000004 218 55 194 55 PLASTIC 0
218 39 295 39 295 98 218 98 PLASTIC 0
258 14 300 14 300 82 258 82 PLASTIC 0
237 2 277 2 277 32 237 32 PLASTIC 0
229.00000000000003 12 252.99999999999997 12 252.99999999999997 44 229.00000000000003 44 PLASTIC 0
211 19 232 19 232 37 211 37 PLASTIC 0
280 3 298 3 298 21 280 21 PLASTIC 0
294 2 342 2 342 55 294 55 PLASTIC 0
335 21 377 21 377 55 335 55 PLASTIC 0
351 3 386 3 386 21 351 21 PLASTIC 0
378 12 410 12 410 46 378 46 PLASTIC 0
401 37 415 37 415 69 401 69 PLASTIC 0
362 48 403 48 403 105 362 105 PLASTIC 0
386 68 414 68 414 114.00000000000001 386 114.00000000000001 PLASTIC 0
374 103 398 103 398 128 374 128 PLASTIC 0
359 106.99999999999999 377 106.99999999999999 377 132 359 132 PLASTIC 0
294 43 338 43 338 141 294 141 PLASTIC 0
335 53 350 53 350 71 335 71 PLASTIC 0
196 205 238 205 238 293 196 293 PLASTIC 0
221 287 248 287 248 325 221 325 PLASTIC 0
248 284 283 284 283 325 248 325 PLASTIC 0
277 287 303 287 303 330 277 330 PLASTIC 0
288 291 304 291 304 311 288 311 PLASTIC 0
301 291 325 291 325 305 301 305 PLASTIC 0
301 243 333 243 333 291 301 291 PLASTIC 0
332 287 344 287 344 309 332 309 PLASTIC 0
339 287 360 287 360 339 339 339 PLASTIC 0
356 287 382 287 382 312 356 312 PLASTIC 0
289 305 347 305 347 367 289 367 PLASTIC 0
283 325 293 325 293 359 283 359 PLASTIC 0
251 321 283 321 283 362 251 362 PLASTIC 0