333 177 373 177 373 334 333 334 PLASTIC 0
359 152 381 152 381 316 359 316 PLASTIC 0
368 148 389 148 389 316 368 316 PLASTIC 0
369 146 381 146 381 166 369 166 PLASTIC 0
362 155 374 155 374 169 362 169 PLASTIC 0
345 177 361 177 361 191 345 191 PLASTIC 0
330 143 350 143 350 184 330 184 PLASTIC 0
319 150 339 150 339 184 319 184 PLASTIC 0
307 177 347 177 347 325 307 325 PLASTIC 0
274 182 309 182 309 325 274 325 PLASTIC 0
274 166 292 166 292 207 274 207 PLASTIC 0
286 144 312 144 312 203 286 203 PLASTIC 0
248 141 274 141 274 203 248 203 PLASTIC 0
244 171 276 171 276 323 244 323 PLASTIC 0
215.00000000000003 182 247 182 247 339 215.00000000000003 339 PLASTIC 0
220 182 241.00000000000003 182 241.00000000000003 202 220 202 PLASTIC 0
248 173 266 173 266 195 248 195 PLASTIC 0
277 169 292 169 292 189 277 189 PLASTIC 0
282 180 303 180 303 202 282 202 PLASTIC 0
289 141 304 141 304 159 289 159 PLASTIC 0
319 153 333 153 333 169 319 169 PLASTIC 0
329 143 344 143 344 159 329 159 PLASTIC 0
252.99999999999997 141 267 141 267 157 252.99999999999997 157 PLASTIC 0
238 155 254.00000000000003 155 254.00000000000003 189 238 189 PLASTIC 0
238 153 258 153 258 203 238 203 PLASTIC 0
223 162 238 162 238 178 223 178 PLASTIC 0
221 132 236 132 236 150 221 150 PLASTIC 0
219 130 238.99999999999997 130 238.99999999999997 162 219 162 PLASTIC 0
204 146 224 146 224 203 204 203 PLASTIC 0
194 201 210 201 210 223 194 223 PLASTIC 0
185 202 215.00000000000003 202 215.00000000000003 330 185 330 PLASTIC 0
185 146 211 146 211 298 185 298 PLASTIC 0
192 146 204 146 204 164 192 164 PLASTIC 0
167 132 202 132 202 318 167 318 PLASTIC 0
170 134 196 134 196 191 170 191 PLASTIC 0
174 89 189 89 189 106.99999999999999 174 106.99999999999999 PLASTIC 0
125.99999999999999 80 144 80 144 98 125.99999999999999 98 PLASTIC 0
82 82 100 82 100 100 82 100 PLASTIC 0
39 87 59 87 59 106.99999999999999 39 106.99999999999999 PLASTIC 0
37 171 61 171 61 209 37 209 PLASTIC 0
64 168 82 168 82 184 64 184 PLASTIC 0
68 213.99999999999997 83 213.99999999999997 83 236 68 236 PLASTIC 0
100 228.00000000000003 116 228.00000000000003 116 252.99999999999997 100 252.99999999999997 PLASTIC 0
117 141 135 141 135 159 117 159 PLASTIC 0
161 178 176 178 176 198 161 198 PLASTIC 0
153 180 185 180 185 323 153 323 PLASTIC 0
93 141 158 141 158 323 93 323 PLASTIC 0
94 228.00000000000003 124 228.00000000000003 124 328 94 328 PLASTIC 0
65 216.00000000000003 89 216.00000000000003 89 325 65 325 PLASTIC 0
62 171 88 171 88 325 62 325 PLASTIC 0
35 175 62.99999999999999 175 62.99999999999999 318 35 318 PLASTIC 0
29 89 70 89 70 296 29 296 PLASTIC 0
70 82 111 82 111 202 70 202 PLASTIC 0
115 82 156 82 156 178 115 178 PLASTIC 0
157 91 203 91 203 177 157 177 PLASTIC 0