324 346 356 346 356 394 324 394 PLASTIC 0
296 400 327 400 327 415 296 415 PLASTIC 0
287 377 311 377 311 413 287 413 PLASTIC 0
311 370 328 370 328 392 311 392 PLASTIC 0
290 355 320 355 320 379 290 379 PLASTIC 0
303 337 333 337 333 360 303 360 PLASTIC 0
311 326 328 326 328 341 311 341 PLASTIC 0
328 308 348 308 348 334 328 334 PLASTIC 0
346 317 354 317 354 325 346 325 PLASTIC 0
346 298 363 298 363 320 346 320 PLASTIC 0
341 289 356 289 356 309 341 309 PLASTIC 0
343 283 367 283 367 294 343 294 PLASTIC 0
333 268 376 268 376 288 333 288 PLASTIC 0
371 265 391 265 391 276 371 276 PLASTIC 0
371 244 405 244 405 273 371 273 PLASTIC 0
386 232 401 232 401 254.00000000000003 386 254.00000000000003 PLASTIC 0
380 217 402 217 402 238 380 238 PLASTIC 0
386 195 408 195 408 216.00000000000003 386 216.00000000000003 PLASTIC 0
373 170 403 170 403 204 373 204 PLASTIC 0
376 156 414 156 414 184 376 184 PLASTIC 0
409 148 415 148 415 159 409 159 PLASTIC 0
376 138 408 138 408 156 376 156 PLASTIC 0
371 121.00000000000001 399 121.00000000000001 399 145 371 145 PLASTIC 0
354 97 388 97 388 135 354 135 PLASTIC 0
352 109 374 109 374 130 352 130 PLASTIC 0
376 80 393 80 393 98 376 98 PLASTIC 0
373 96 397 96 397 122 373 122 PLASTIC 0
388 111 408 111 408 132 388 132 PLASTIC 0
394 112.99999999999999 415 112.99999999999999 415 145 394 145 PLASTIC 0
401 88 415 88 415 118 401 118 PLASTIC 0
392 51 415 51 415 88 392 88 PLASTIC 0
392 35 415 35 415 58 392 58 PLASTIC 0
388 2 412 2 412 34 388 34 PLASTIC 0
357 2 397 2 397 28 357 28 PLASTIC 0
343 2 393 2 393 58 343 58 PLASTIC 0
350 36 388 36 388 68 350 68 PLASTIC 0
371 62 391 62 391 84 371 84 PLASTIC 0
322 25 354 25 354 55 322 55 PLASTIC 0
313 2 341 2 341 29.999999999999996 313 29.999999999999996 PLASTIC 0
294 2 322 2 322 24 294 24 PLASTIC 0
288 2 303 2 303 16 288 16 PLASTIC 0
234 47 284 47 284 131 234 131 PLASTIC 0
232 27.000000000000004 272 27.000000000000004 272 69 232 69 PLASTIC 0
208 2 260 2 260 23 208 23 PLASTIC 0
215.00000000000003 5 223 5 223 16 215.00000000000003 16 PLASTIC 0
198 8 215.00000000000003 8 215.00000000000003 19 198 19 PLASTIC 0
202 8 238 8 238 59.99999999999999 202 59.99999999999999 PLASTIC 0
195 2 215.00000000000003 2 215.00000000000003 7 195 7 PLASTIC 0
234 2 266 2 266 39 234 39 PLASTIC 0
268 2 285 2 285 20 268 20 PLASTIC 0
283 20 315 20 315 66 283 66 PLASTIC 0
270 29 294 29 294 59 270 59 PLASTIC 0
268 58 302 58 302 96 268 96 PLASTIC 0
155 2 211 2 211 42 155 42 PLASTIC 0
121.00000000000001 2 189 2 189 82 121.00000000000001 82 PLASTIC 0
45 2 116 2 116 55 45 55 PLASTIC 0
45 37 67 37 67 53 45 53 PLASTIC 0
11 81 103 81 103 135 11 135 PLASTIC 0
2 18 26 18 26 87 2 87 PLASTIC 0
2 2 64 2 64 28 2 28 PLASTIC 0
7 41 54.00000000000001 41 54.00000000000001 103 7 103 PLASTIC 0
52 2 142 2 142 79 52 79 PLASTIC 0
95 65 135 65 135 121.00000000000001 95 121.00000000000001 PLASTIC 0
135 71 197 71 197 101 135 101 PLASTIC 0
119.99999999999999 84 180 84 180 137 119.99999999999999 137 PLASTIC 0
152 92 178 92 178 112.99999999999999 152 112.99999999999999 PLASTIC 0
181 116 221 116 221 152 181 152 PLASTIC 0
180 103 212 103 212 121.00000000000001 180 121.00000000000001 PLASTIC 0
197 95 210 95 210 103 197 103 PLASTIC 0
189 77 217 77 217 95 189 95 PLASTIC 0
182 42 208 42 208 76 182 76 PLASTIC 0
202 52 234 52 234 86 202 86 PLASTIC 0
223 122 268 122 268 158 223 158 PLASTIC 0
230 109 266 109 266 130 230 130 PLASTIC 0
212 139 232 139 232 169 212 169 PLASTIC 0
191 148 245 148 245 192 191 192 PLASTIC 0
118 130 204 130 204 159 118 159 PLASTIC 0
80 119 114.00000000000001 119 114.00000000000001 145 80 145 PLASTIC 0
114.00000000000001 108.00000000000001 148 108.00000000000001 148 134 114.00000000000001 134 PLASTIC 0
2 114.00000000000001 82 114.00000000000001 82 159 2 159 PLASTIC 0
26 144 76 144 76 188 26 188 PLASTIC 0
73 145 125 145 125 185 73 185 PLASTIC 0
119.99999999999999 146 197 146 197 204 119.99999999999999 204 PLASTIC 0
101 179 148 179 148 201 101 201 PLASTIC 0
2 188 75 188 75 244 2 244 PLASTIC 0
62 191 77 191 77 204 62 204 PLASTIC 0
2 178 45 178 45 207 2 207 PLASTIC 0
2 179 26 179 26 193 2 193 PLASTIC 0
2 274 22 274 22 288 2 288 PLASTIC 0
3 184 99 184 99 288 3 288 PLASTIC 0
2 212 94 212 94 304 2 304 PLASTIC 0
2 278 56 278 56 338 2 338 PLASTIC 0
2 365 19 365 19 379 2 379 PLASTIC 0
3 305 69 305 69 379 3 379 PLASTIC 0
2 392 26 392 26 410 2 410 PLASTIC 0
2 351 59.99999999999999 351 59.99999999999999 407 2 407 PLASTIC 0
26 371 118 371 118 411 26 411 PLASTIC 0
58 350 94 350 94 381 58 381 PLASTIC 0
84 344 118 344 118 373 84 373 PLASTIC 0
114.00000000000001 312 178 312 178 352 114.00000000000001 352 PLASTIC 0
167 309 180 309 180 320 167 320 PLASTIC 0
131 344 146 344 146 359 131 359 PLASTIC 0
146 337 176 337 176 395 146 395 PLASTIC 0
118 345 148 345 148 413 118 413 PLASTIC 0
61 380 119 380 119 415 61 415 PLASTIC 0
67 304 97 304 97 325 67 325 PLASTIC 0
123 320 131 320 131 331 123 331 PLASTIC 0
69 320 135 320 135 351 69 351 PLASTIC 0
101 270 139 270 139 312 101 312 PLASTIC 0
58 233 146 233 146 304 58 304 PLASTIC 0
99 203 172 203 172 248 99 248 PLASTIC 0
182 171 234 171 234 243 182 243 PLASTIC 0
172 208 189 208 189 222 172 222 PLASTIC 0
163 209 191 209 191 238 163 238 PLASTIC 0
150 238 167 238 167 248 150 248 PLASTIC 0
133 249 178 249 178 297 133 297 PLASTIC 0
105 256 178 256 178 320 105 320 PLASTIC 0
166 236 204 236 204 296 166 296 PLASTIC 0
191 238.99999999999997 208 238.99999999999997 208 259 191 259 PLASTIC 0
204 234 288 234 288 294 204 294 PLASTIC 0
243 188 277 188 277 241.00000000000003 243 241.00000000000003 PLASTIC 0
221 166 259 166 259 213.99999999999997 221 213.99999999999997 PLASTIC 0
249 140 283 140 283 180 249 180 PLASTIC 0
273 122 311 122 311 159 273 159 PLASTIC 0
277 96 309 96 309 124 277 124 PLASTIC 0
174 296 200 296 200 341 174 341 PLASTIC 0
189 304 221 304 221 350 189 350 PLASTIC 0
160 343 224 343 224 415 160 415 PLASTIC 0
139 405 172 405 172 415 139 415 PLASTIC 0
204 325 266 325 266 363 204 363 PLASTIC 0
260 326 268 326 268 336 260 336 PLASTIC 0
196 352 234 352 234 381 196 381 PLASTIC 0
236 347 266 347 266 408 236 408 PLASTIC 0
226.99999999999997 405 245 405 245 415 226.99999999999997 415 PLASTIC 0
212 374 241.00000000000003 374 241.00000000000003 415 212 415 PLASTIC 0
249 390 280 390 280 415 249 415 PLASTIC 0
266 344 288 344 288 392 266 392 PLASTIC 0
270 296 298 296 298 362 270 362 PLASTIC 0
215.00000000000003 286 271 286 271 338 215.00000000000003 338 PLASTIC 0
277 378 299 378 299 416 277 416 PLASTIC 0
360 276 415 276 415 333 360 333 PLASTIC 0
270 296 298 296 298 360 270 360 PLASTIC 0
294 282 330 282 330 336 294 336 PLASTIC 0
288 304 303 304 303 314 288 314 PLASTIC 0
290 266 314 266 314 312 290 312 PLASTIC 0
294 238.99999999999997 332 238.99999999999997 332 267 294 267 PLASTIC 0
313 263 333 263 333 281 313 281 PLASTIC 0
329 217 365 217 365 270 329 270 PLASTIC 0
358 251.99999999999997 371 251.99999999999997 371 265 358 265 PLASTIC 0
360 238 373 238 373 251 360 251 PLASTIC 0
360 231 382 231 382 241.00000000000003 360 241.00000000000003 PLASTIC 0
365 217 378 217 378 230 365 230 PLASTIC 0
356 172 401 172 401 217 356 217 PLASTIC 0
341 180 369 180 369 201 341 201 PLASTIC 0
331 161 371 161 371 185 331 185 PLASTIC 0
343 143 373 143 373 164 343 164 PLASTIC 0
333 109 361 109 361 145 333 145 PLASTIC 0
322 89 344 89 344 112.99999999999999 322 112.99999999999999 PLASTIC 0
333 59.99999999999999 371 59.99999999999999 371 94 333 94 PLASTIC 0
303 68 341 68 341 90 303 90 PLASTIC 0
320 57.00000000000001 333 57.00000000000001 333 68 320 68 PLASTIC 0
311 101 333 101 333 137 311 137 PLASTIC 0
298 130 354 130 354 175 298 175 PLASTIC 0
292 151 324 151 324 175 292 175 PLASTIC 0
275 187 315 187 315 224 275 224 PLASTIC 0
298 175 324 175 324 196 298 196 PLASTIC 0
277 161 307 161 307 191 277 191 PLASTIC 0
300 190 324 190 324 219 300 219 PLASTIC 0
324 185 341 185 341 212.99999999999997 324 212.99999999999997 PLASTIC 0
328 198 352 198 352 251 328 251 PLASTIC 0
298 220 328 220 328 241.00000000000003 298 241.00000000000003 PLASTIC 0
273 220 301 220 301 248 273 248 PLASTIC 0
1 1 361 1 361 415 1 415 PLASTIC 0
341 1 415 1 415 278 341 278 PLASTIC 0