335 148 370 148 370 174 335 174 PLASTIC 0
335 124 361 124 361 148 335 148 PLASTIC 0
335 92 370 92 370 122 335 122 PLASTIC 0
348 80 364 80 364 97 348 97 PLASTIC 0
193 305 379 305 379 402 193 402 PLASTIC 0
250 175 366 175 366 363 250 363 PLASTIC 0
228.00000000000003 172 326 172 326 305 228.00000000000003 305 PLASTIC 0
18 297 280 297 280 355 18 355 PLASTIC 0
35 166 324 166 324 218 35 218 PLASTIC 0
24 105 335 105 335 169 24 169 PLASTIC 0
13 39 359 39 359 114.00000000000001 13 114.00000000000001 PLASTIC 0