31 2 233 2 233 20 31 20 PLASTIC 0
180 2 228.00000000000003 2 228.00000000000003 10 180 10 PLASTIC 0
53 2 279 2 279 50 53 50 PLASTIC 0
122 2 312 2 312 52 122 52 PLASTIC 0
219 21 415 21 415 80 219 80 PLASTIC 0
307 1 415 1 415 34 307 34 PLASTIC 0
64 56 294 56 294 87 64 87 PLASTIC 0
225.99999999999997 89 368 89 368 153 225.99999999999997 153 PLASTIC 0
29 66 288 66 288 117 29 117 PLASTIC 0
11 121.00000000000001 208 121.00000000000001 208 179 11 179 PLASTIC 0
133 117 297 117 297 171 133 171 PLASTIC 0
296 78 415 78 415 167 296 167 PLASTIC 0
51 169 315 169 315 207 51 207 PLASTIC 0
186 180 281 180 281 224 186 224 PLASTIC 0
40 174 188 174 188 226.99999999999997 40 226.99999999999997 PLASTIC 0
184 233 217 233 217 263 184 263 PLASTIC 0
173 211 295 211 295 252.99999999999997 173 252.99999999999997 PLASTIC 0
13 215.00000000000003 215.00000000000003 215.00000000000003 215.00000000000003 281 13 281 PLASTIC 0
40 250 288 250 288 306 40 306 PLASTIC 0
49 304 301 304 301 385 49 385 PLASTIC 0
217 237 381 237 381 312 217 312 PLASTIC 0
307 159 415 159 415 245 307 245 PLASTIC 0
307 248 415 248 415 298 307 298 PLASTIC 0
237 285 415 285 415 375 237 375 PLASTIC 0
90 341 415 341 415 410 90 410 PLASTIC 0