50 346 415 346 415 400 50 400 PLASTIC 0
51 278 389 278 389 334 51 334 PLASTIC 0
51 211 335 211 335 265 51 265 PLASTIC 0
48 150 355 150 355 202 48 202 PLASTIC 0
49 83 373 83 373 137 49 137 PLASTIC 0
49 14.999999999999998 373 14.999999999999998 373 67 49 67 PLASTIC 0
338 351 416 351 416 397 338 397 PLASTIC 0
355 294 388 294 388 322 355 322 PLASTIC 0
299 225.99999999999997 335 225.99999999999997 335 252.99999999999997 299 252.99999999999997 PLASTIC 0
317 164 355 164 355 190 317 190 PLASTIC 0
335 97 373 97 373 123 335 123 PLASTIC 0
340 29.999999999999996 376 29.999999999999996 376 54.00000000000001 340 54.00000000000001 PLASTIC 0