1 14 375 14 375 69 1 69 PLASTIC 0
1 18 54.00000000000001 18 54.00000000000001 65 1 65 PLASTIC 0
3 95 37 95 37 123 3 123 PLASTIC 0
59 164 93 164 93 190 59 190 PLASTIC 0
39 226.99999999999997 77 226.99999999999997 77 252.99999999999997 39 252.99999999999997 PLASTIC 0
18 293 56 293 56 319 18 319 PLASTIC 0
18 363 54.00000000000001 363 54.00000000000001 387 18 387 PLASTIC 0
59 151 373 151 373 205 59 205 PLASTIC 0
3 83 378 83 378 137 3 137 PLASTIC 0
41 216.00000000000003 373 216.00000000000003 373 266 41 266 PLASTIC 0
21 280 375 280 375 332 21 332 PLASTIC 0
18 348 378 348 378 402 18 402 PLASTIC 0