187 359 245 359 245 393 187 393 PLASTIC 0
174 296 225.99999999999997 296 225.99999999999997 328 174 328 PLASTIC 0
150 233 204 233 204 270 150 270 PLASTIC 0
139 176 187 176 187 206 139 206 PLASTIC 0
128 119.99999999999999 176 119.99999999999999 176 150 128 150 PLASTIC 0
119 65 169 65 169 93 119 93 PLASTIC 0
109 13 159 13 159 43 109 43 PLASTIC 0
261 87 315 87 315 119 261 119 PLASTIC 0
292 163 346 163 346 195 292 195 PLASTIC 0
337 243 389 243 389 278 337 278 PLASTIC 0
357 339 409 339 409 376 357 376 PLASTIC 0
263 22 317 22 317 56 263 56 PLASTIC 0
28 350 244 350 244 400 28 400 PLASTIC 0
87 313 409 313 409 400 87 400 PLASTIC 0
93 222 389 222 389 302 93 302 PLASTIC 0
89 145 346 145 346 212.99999999999997 89 212.99999999999997 PLASTIC 0
89 72 315 72 315 131 89 131 PLASTIC 0
93 13 315 13 315 65 93 65 PLASTIC 0
28 289 228.00000000000003 289 228.00000000000003 337 28 337 PLASTIC 0
29.999999999999996 230 204 230 204 278 29.999999999999996 278 PLASTIC 0
28 171 187 171 187 212.99999999999997 28 212.99999999999997 PLASTIC 0
28 115 176 115 176 155 28 155 PLASTIC 0
28 59 166 59 166 98 28 98 PLASTIC 0
26 11 159 11 159 45 26 45 PLASTIC 0