17 357 95 357 95 414 17 414 PLASTIC 0
2 325 24 325 24 414 2 414 PLASTIC 0
8 337 46 337 46 384 8 384 PLASTIC 0
29.999999999999996 268 110 268 110 340 29.999999999999996 340 PLASTIC 0
29.999999999999996 314 38 314 38 332 29.999999999999996 332 PLASTIC 0
58 263 74 263 74 290 58 290 PLASTIC 0
48 252.99999999999997 66 252.99999999999997 66 283 48 283 PLASTIC 0
6 270 50 270 50 304 6 304 PLASTIC 0
7 290 14.999999999999998 290 14.999999999999998 302 7 302 PLASTIC 0
51 144 77 144 77 213.99999999999997 51 213.99999999999997 PLASTIC 0
76 161 102 161 102 215.00000000000003 76 215.00000000000003 PLASTIC 0
93 211 114.00000000000001 211 114.00000000000001 263 93 263 PLASTIC 0
93 166 121.00000000000001 166 121.00000000000001 206 93 206 PLASTIC 0
85 129 129 129 129 171 85 171 PLASTIC 0
110 151 130 151 130 188 110 188 PLASTIC 0
128 106.99999999999999 162 106.99999999999999 162 203 128 203 PLASTIC 0
118 176 171 176 171 238 118 238 PLASTIC 0
114.00000000000001 221 128 221 128 236 114.00000000000001 236 PLASTIC 0
135 298 146 298 146 320 135 320 PLASTIC 0
105 382 116 382 116 404 105 404 PLASTIC 0
111 404 121.00000000000001 404 121.00000000000001 414 111 414 PLASTIC 0
112.99999999999999 396 139 396 139 414 112.99999999999999 414 PLASTIC 0
105 270 212.99999999999997 270 212.99999999999997 401 105 401 PLASTIC 0
238 285 348 285 348 359 238 359 PLASTIC 0
245 230 331 230 331 292 245 292 PLASTIC 0
238.99999999999997 275 255.00000000000003 275 255.00000000000003 295 238.99999999999997 295 PLASTIC 0
212 215.00000000000003 280 215.00000000000003 280 337 212 337 PLASTIC 0
334 367 345 367 345 387 334 387 PLASTIC 0
272 367 347 367 347 414 272 414 PLASTIC 0
334 347 344 347 344 367 334 367 PLASTIC 0
287 344 343 344 343 384 287 384 PLASTIC 0
262 312 320 312 320 394 262 394 PLASTIC 0
238 374 270 374 270 414 238 414 PLASTIC 0
361 307 415 307 415 376 361 376 PLASTIC 0
341 257 415 257 415 322 341 322 PLASTIC 0
332 225 386 225 386 295 332 295 PLASTIC 0
290 176 348 176 348 258 290 258 PLASTIC 0
261 174 290 174 290 225.99999999999997 261 225.99999999999997 PLASTIC 0
251 142 262 142 262 154 251 154 PLASTIC 0
242.00000000000003 144 262 144 262 178 242.00000000000003 178 PLASTIC 0
180 144 256 144 256 216.00000000000003 180 216.00000000000003 PLASTIC 0
162 139 191 139 191 176 162 176 PLASTIC 0
174 179 194 179 194 216.00000000000003 174 216.00000000000003 PLASTIC 0
185 201 192 201 192 216.00000000000003 185 216.00000000000003 PLASTIC 0
206 206 251.99999999999997 206 251.99999999999997 238 206 238 PLASTIC 0
272 139 312 139 312 189 272 189 PLASTIC 0
259 42 337 42 337 136 259 136 PLASTIC 0
258 112 274 112 274 139 258 139 PLASTIC 0
241.00000000000003 37 313 37 313 109 241.00000000000003 109 PLASTIC 0
243 75 251 75 251 102 243 102 PLASTIC 0
224 22 322 22 322 72 224 72 PLASTIC 0
200 72 251.99999999999997 72 251.99999999999997 116 200 116 PLASTIC 0
149 40 219 40 219 87 149 87 PLASTIC 0
159 97 231 97 231 151 159 151 PLASTIC 0
202 129 291 129 291 171 202 171 PLASTIC 0
346 198 390 198 390 239.99999999999997 346 239.99999999999997 PLASTIC 0
338 166 377 166 377 200 338 200 PLASTIC 0
309 134 334 134 334 184 309 184 PLASTIC 0
342 70 370 70 370 174 342 174 PLASTIC 0
315 5 372 5 372 79 315 79 PLASTIC 0
344 0 373 0 373 10 344 10 PLASTIC 0
291 0 331 0 331 25 291 25 PLASTIC 0
369 12 387 12 387 42 369 42 PLASTIC 0
358 53 384 53 384 97 358 97 PLASTIC 0
395 59 415 59 415 104 395 104 PLASTIC 0
386 0 416 0 416 89 386 89 PLASTIC 0
386 72 394 72 394 87 386 87 PLASTIC 0
390 13 402 13 402 47 390 47 PLASTIC 0
383 0 401 0 401 37 383 37 PLASTIC 0
369 89 408 89 408 131 369 131 PLASTIC 0
372 116 410 116 410 186 372 186 PLASTIC 0
405 141 415 141 415 189 405 189 PLASTIC 0
380 161 412 161 412 203 380 203 PLASTIC 0
402 190 415 190 415 263 402 263 PLASTIC 0
402 239.99999999999997 412 239.99999999999997 412 260 402 260 PLASTIC 0