345 29.999999999999996 393 29.999999999999996 393 264 345 264 PLASTIC 0
357 238.99999999999997 384 238.99999999999997 384 264 357 264 PLASTIC 0
310 43 360 43 360 341 310 341 PLASTIC 0
321 319 343 319 343 339 321 339 PLASTIC 0
290 261 312 261 312 289 290 289 PLASTIC 0
250 259 274 259 274 316 250 316 PLASTIC 0
208 312 229.00000000000003 312 229.00000000000003 332 208 332 PLASTIC 0
199 251 220 251 220 273 199 273 PLASTIC 0
167 259 191 259 191 284 167 284 PLASTIC 0
131 209 153 209 153 237 131 237 PLASTIC 0
108.00000000000001 266 132 266 132 284 108.00000000000001 284 PLASTIC 0
73 260 93 260 93 282 73 282 PLASTIC 0
35 260 57.00000000000001 260 57.00000000000001 282 35 282 PLASTIC 0
228.00000000000003 28 286 28 286 316 228.00000000000003 316 PLASTIC 0
282 29.999999999999996 323 29.999999999999996 323 289 282 289 PLASTIC 0
195 213.99999999999997 245 213.99999999999997 245 330 195 330 PLASTIC 0
197 43 231 43 231 273 197 273 PLASTIC 0
156 32 202 32 202 284 156 284 PLASTIC 0
118 29.999999999999996 173 29.999999999999996 173 237 118 237 PLASTIC 0
94 39 144 39 144 287 94 287 PLASTIC 0
62.99999999999999 41 100 41 100 282 62.99999999999999 282 PLASTIC 0
26 37 70 37 70 282 26 282 PLASTIC 0