293 96 366 96 366 295 293 295 PLASTIC 0
242.00000000000003 83 360 83 360 191 242.00000000000003 191 PLASTIC 0
160 57.00000000000001 241.00000000000003 57.00000000000001 241.00000000000003 315 160 315 PLASTIC 0
92 78 172 78 172 321 92 321 PLASTIC 0
72 112 109 112 109 300 72 300 PLASTIC 0
41 109 77 109 77 297 41 297 PLASTIC 0
119 336 141 336 141 362 119 362 PLASTIC 0
103 259 152 259 152 367 103 367 PLASTIC 0
173 243 202 243 202 329 173 329 PLASTIC 0
152 248 178 248 178 326 152 326 PLASTIC 0
197 287 226.99999999999997 287 226.99999999999997 315 197 315 PLASTIC 0
115 290 145 290 145 321 115 321 PLASTIC 0
83 271 105 271 105 297 83 297 PLASTIC 0
56 272 74 272 74 292 56 292 PLASTIC 0
223 274 245 274 245 308 223 308 PLASTIC 0
270 293 284 293 284 313 270 313 PLASTIC 0
252.99999999999997 166 285 166 285 316 252.99999999999997 316 PLASTIC 0
279 235 311 235 311 331 279 331 PLASTIC 0
281 302 303 302 303 326 281 326 PLASTIC 0
318 261 344 261 344 300 318 300 PLASTIC 0