140 344 394 344 394 394 140 394 PLASTIC 0
137 357 165 357 165 380 137 380 PLASTIC 0
140 293 190 293 190 317 140 317 PLASTIC 0
139 279 391 279 391 329 139 329 PLASTIC 0
135 219 393 219 393 265 135 265 PLASTIC 0
135 231 169 231 169 251.99999999999997 135 251.99999999999997 PLASTIC 0
137 168 176 168 176 192 137 192 PLASTIC 0
140 156 394 156 394 202 140 202 PLASTIC 0
140 97 170 97 170 118 140 118 PLASTIC 0
140 85 389 85 389 133 140 133 PLASTIC 0
135 32 174 32 174 53 135 53 PLASTIC 0
135 20 391 20 391 66 135 66 PLASTIC 0