38 220 140 220 140 398 38 398 PLASTIC 0
62 219 105 219 105 273 62 273 PLASTIC 0
88 27.000000000000004 129 27.000000000000004 129 68 88 68 PLASTIC 0
43 29.999999999999996 140 29.999999999999996 140 196 43 196 PLASTIC 0
194 20 228.00000000000003 20 228.00000000000003 50 194 50 PLASTIC 0
301 29.999999999999996 341 29.999999999999996 341 69 301 69 PLASTIC 0
322 232 360 232 360 271 322 271 PLASTIC 0
201 219 236 219 236 255.00000000000003 201 255.00000000000003 PLASTIC 0
153 21 268 21 268 201 153 201 PLASTIC 0
156 218 265 218 265 400 156 400 PLASTIC 0
291 237 371 237 371 385 291 385 PLASTIC 0
280 32 380 32 380 207 280 207 PLASTIC 0