3 2 127.00000000000001 2 127.00000000000001 62 3 62 PLASTIC 0
101 2 302 2 302 104 101 104 PLASTIC 0
3 49 129 49 129 97 3 97 PLASTIC 0
79 2 177 2 177 46 79 46 PLASTIC 0
3 46 112.99999999999999 46 112.99999999999999 114.00000000000001 3 114.00000000000001 PLASTIC 0
3 59 65 59 65 212.99999999999997 3 212.99999999999997 PLASTIC 0
59.99999999999999 103 364 103 364 171 59.99999999999999 171 PLASTIC 0
65 167 409 167 409 241.00000000000003 65 241.00000000000003 PLASTIC 0
24 208 320 208 320 298 24 298 PLASTIC 0
334 52 415 52 415 137 334 137 PLASTIC 0
215.00000000000003 1 415 1 415 112 215.00000000000003 112 PLASTIC 0
99 270 225 270 225 326 99 326 PLASTIC 0
3 239.99999999999997 175 239.99999999999997 175 396 3 396 PLASTIC 0
2 333 101 333 101 415 2 415 PLASTIC 0
131 314 254.00000000000003 314 254.00000000000003 415 131 415 PLASTIC 0
275 136 415 136 415 351 275 351 PLASTIC 0
248 300 371 300 371 415 248 415 PLASTIC 0
345 259 415 259 415 416 345 416 PLASTIC 0
2 1 415 1 415 415 2 415 PLASTIC 0