83 40 372 40 372 90 83 90 PLASTIC 0
353 54.00000000000001 375 54.00000000000001 375 79 353 79 PLASTIC 0
84 101 382 101 382 150 84 150 PLASTIC 0
360 115 384 115 384 139 360 139 PLASTIC 0
84 160 397 160 397 212.99999999999997 84 212.99999999999997 PLASTIC 0
370 174 397 174 397 200 370 200 PLASTIC 0
372 234 396 234 396 258 372 258 PLASTIC 0
340 289 394 289 394 314 340 314 PLASTIC 0
287 346 309 346 309 373 287 373 PLASTIC 0
84 222 397 222 397 271 84 271 PLASTIC 0
88 277 394 277 394 325 88 325 PLASTIC 0
88 334 306 334 306 386 88 386 PLASTIC 0