46 297 385 297 385 370 46 370 PLASTIC 0
351 314 385 314 385 350 351 350 PLASTIC 0
354 225.99999999999997 385 225.99999999999997 385 266 354 266 PLASTIC 0
42 210 385 210 385 286 42 286 PLASTIC 0
42 121.00000000000001 385 121.00000000000001 385 200 42 200 PLASTIC 0
187 124 262 124 262 196 187 196 PLASTIC 0
194 212 264 212 264 284 194 284 PLASTIC 0
354 142 385 142 385 178 354 178 PLASTIC 0
96 299 169 299 169 369 96 369 PLASTIC 0
42 35 383 35 383 111 42 111 PLASTIC 0
98 35 184 35 184 109 98 109 PLASTIC 0
352 53 383 53 383 91 352 91 PLASTIC 0