69 282 97 282 97 322 69 322 PLASTIC 0
96 216.00000000000003 114.00000000000001 216.00000000000003 114.00000000000001 260 96 260 PLASTIC 0
9 193 38 193 38 233 9 233 PLASTIC 0
96 35 121.00000000000001 35 121.00000000000001 69 96 69 PLASTIC 0
45 29.999999999999996 67 29.999999999999996 67 55 45 55 PLASTIC 0
171 29.999999999999996 193 29.999999999999996 193 72 171 72 PLASTIC 0
255.00000000000003 53 277 53 277 87 255.00000000000003 87 PLASTIC 0
262 18 283 18 283 50 262 50 PLASTIC 0
219 59.99999999999999 243 59.99999999999999 243 85 219 85 PLASTIC 0
319 275 343 275 343 312 319 312 PLASTIC 0
298 260 322 260 322 290 298 290 PLASTIC 0
306 359 326 359 326 401 306 401 PLASTIC 0
370 347 386 347 386 379 370 379 PLASTIC 0
399 156 415 156 415 181 399 181 PLASTIC 0
364 82 382 82 382 142 364 142 PLASTIC 0
258 268 279 268 279 302 258 302 PLASTIC 0
219 250 241.00000000000003 250 241.00000000000003 290 219 290 PLASTIC 0
243 335 261 335 261 357 243 357 PLASTIC 0
269 389 293 389 293 414 269 414 PLASTIC 0
10 302 37 302 37 362 10 362 PLASTIC 0
143 208 167 208 167 238 143 238 PLASTIC 0
173 258 197 258 197 288 173 288 PLASTIC 0
193 211 219 211 219 243 193 243 PLASTIC 0
21 29.999999999999996 42 29.999999999999996 42 90 21 90 PLASTIC 0
17 151 35 151 35 176 17 176 PLASTIC 0
399 270 415 270 415 300 399 300 PLASTIC 0
393 270 415 270 415 414 393 414 PLASTIC 0
351 342 394 342 394 414 351 414 PLASTIC 0
364 255.00000000000003 400 255.00000000000003 400 342 364 342 PLASTIC 0
391 156 415 156 415 268 391 268 PLASTIC 0
392 1 415 1 415 156 392 156 PLASTIC 0
366 139 402 139 402 255.00000000000003 366 255.00000000000003 PLASTIC 0
365 45 407 45 407 139 365 139 PLASTIC 0
358 1 395 1 395 67 358 67 PLASTIC 0
350 212.99999999999997 379 212.99999999999997 379 283 350 283 PLASTIC 0
338 258 366 258 366 322 338 322 PLASTIC 0
330 313 362 313 362 409 330 409 PLASTIC 0
321 1 383 1 383 131 321 131 PLASTIC 0
298 92 370 92 370 176 298 176 PLASTIC 0
305 176 366 176 366 283 305 283 PLASTIC 0
291 248 334 248 334 402 291 402 PLASTIC 0
276 112 330 112 330 402 276 402 PLASTIC 0
276 0 312 0 312 92 276 92 PLASTIC 0
261 97 303 97 303 216.00000000000003 261 216.00000000000003 PLASTIC 0
264 1 283 1 283 57.00000000000001 264 57.00000000000001 PLASTIC 0
250 1 278 1 278 84 250 84 PLASTIC 0
217 0 252.99999999999997 0 252.99999999999997 92 217 92 PLASTIC 0
233 92 267 92 267 178 233 178 PLASTIC 0
198 1 232 1 232 164 198 164 PLASTIC 0
178 69 218 69 218 245 178 245 PLASTIC 0
216.00000000000003 181 250 181 250 252.99999999999997 216.00000000000003 252.99999999999997 PLASTIC 0
255.00000000000003 212.99999999999997 276 212.99999999999997 276 243 255.00000000000003 243 PLASTIC 0
230 211 276 211 276 342 230 342 PLASTIC 0
233 337 281 337 281 414 233 414 PLASTIC 0
170 1 210 1 210 70 170 70 PLASTIC 0
154 186 166 186 166 218 154 218 PLASTIC 0
1 1 40 1 40 179 1 179 PLASTIC 0
87 322 133 322 133 414 87 414 PLASTIC 0
135 327 171 327 171 413 135 413 PLASTIC 0
135 208 175 208 175 414 135 414 PLASTIC 0
171 320 228.00000000000003 320 228.00000000000003 414 171 414 PLASTIC 0
178 285 200 285 200 379 178 379 PLASTIC 0
194 248 229.00000000000003 248 229.00000000000003 332 194 332 PLASTIC 0
128 1 182 1 182 211 128 211 PLASTIC 0
49 278 98 278 98 414 49 414 PLASTIC 0
85 218 145 218 145 330 85 330 PLASTIC 0
122 171 143 171 143 221 122 221 PLASTIC 0
105 1 150 1 150 57.00000000000001 105 57.00000000000001 PLASTIC 0
115 37 151 37 151 218 115 218 PLASTIC 0
85 65 119.99999999999999 65 119.99999999999999 164 85 164 PLASTIC 0
78 1 106.99999999999999 1 106.99999999999999 70 78 70 PLASTIC 0
40 27.000000000000004 56 27.000000000000004 56 94 40 94 PLASTIC 0
42 79 103 79 103 238 42 238 PLASTIC 0
40 0 82 0 82 82 40 82 PLASTIC 0
1 165 11 165 11 364 1 364 PLASTIC 0
0 315 6 315 6 369 0 369 PLASTIC 0
3 327 61 327 61 413 3 413 PLASTIC 0
8 191 35 191 35 285 8 285 PLASTIC 0
1 0 415 0 415 414 1 414 PLASTIC 0