18 179 132 179 132 410 18 410 PLASTIC 0
141 213.99999999999997 207 213.99999999999997 207 404 141 404 PLASTIC 0
155 213.99999999999997 191 213.99999999999997 191 241.00000000000003 155 241.00000000000003 PLASTIC 0
65 179 88 179 88 191 65 191 PLASTIC 0
215.00000000000003 235 279 235 279 403 215.00000000000003 403 PLASTIC 0
226.99999999999997 235 263 235 263 258 226.99999999999997 258 PLASTIC 0
281 245 329 245 329 405 281 405 PLASTIC 0
290 245 322 245 322 263 290 263 PLASTIC 0
336 259 400 259 400 403 336 403 PLASTIC 0
350 258 386 258 386 285 350 285 PLASTIC 0
29 12 61 12 61 139 29 139 PLASTIC 0
38 12 54.00000000000001 12 54.00000000000001 26 38 26 PLASTIC 0
65 10 97 10 97 137 65 137 PLASTIC 0
73 12 89 12 89 26 73 26 PLASTIC 0
109 12 127.00000000000001 12 127.00000000000001 26 109 26 PLASTIC 0
102 12 132 12 132 137 102 137 PLASTIC 0
138 12 170 12 170 139 138 139 PLASTIC 0
147 12 161 12 161 28 147 28 PLASTIC 0
195 27.000000000000004 236 27.000000000000004 236 189 195 189 PLASTIC 0
209 27.000000000000004 221 27.000000000000004 221 41 209 41 PLASTIC 0
245 27.000000000000004 288 27.000000000000004 288 191 245 191 PLASTIC 0
259 25 275 25 275 43 259 43 PLASTIC 0
298 27.000000000000004 339 27.000000000000004 339 191 298 191 PLASTIC 0
313 27.000000000000004 327 27.000000000000004 327 41 313 41 PLASTIC 0
352 12 395 12 395 191 352 191 PLASTIC 0
366 12 380 12 380 24 366 24 PLASTIC 0