273 143 414 143 414 415 273 415 PLASTIC 0
55 392 285 392 285 415 55 415 PLASTIC 0
41 286 350 286 350 404 41 404 PLASTIC 0
221 216.00000000000003 369 216.00000000000003 369 292 221 292 PLASTIC 0
0 220 319 220 319 326 0 326 PLASTIC 0
1 289 238.99999999999997 289 238.99999999999997 415 1 415 PLASTIC 0
75 266 127.00000000000001 266 127.00000000000001 297 75 297 PLASTIC 0
46 353 98 353 98 394 46 394 PLASTIC 0
223 254.00000000000003 275 254.00000000000003 275 294 223 294 PLASTIC 0
26 136 414 136 414 218 26 218 PLASTIC 0
166 50 414 50 414 133 166 133 PLASTIC 0
341 1 414 1 414 136 341 136 PLASTIC 0
218 3 414 3 414 59 218 59 PLASTIC 0
0 76 18 76 18 96 0 96 PLASTIC 0
0 93 21 93 21 125.99999999999999 0 125.99999999999999 PLASTIC 0
171 56 203 56 203 96 171 96 PLASTIC 0
0 74 344 74 344 159 0 159 PLASTIC 0
0 1 127.00000000000001 1 127.00000000000001 46 0 46 PLASTIC 0
0 1 321 1 321 94 0 94 PLASTIC 0
0 1 415 1 415 415 0 415 PLASTIC 0