375 2 415 2 415 190 375 190 PLASTIC 0
307 2 393 2 393 122 307 122 PLASTIC 0
0 2 221 2 221 83 0 83 PLASTIC 0
0 21 197 21 197 133 0 133 PLASTIC 0
0 83 136 83 136 172 0 172 PLASTIC 0
52 89 208 89 208 292 52 292 PLASTIC 0
167 37 295 37 295 197 167 197 PLASTIC 0
171 2 315 2 315 52 171 52 PLASTIC 0
322 2 415 2 415 190 322 190 PLASTIC 0
284 205 415 205 415 300 284 300 PLASTIC 0
367 156 415 156 415 340 367 340 PLASTIC 0
235 294 415 294 415 415 235 415 PLASTIC 0
222 166 380 166 380 319 222 319 PLASTIC 0
178 191 299 191 299 325 178 325 PLASTIC 0
0 136 139 136 139 415 0 415 PLASTIC 0
25 186 62.99999999999999 186 62.99999999999999 292 25 292 PLASTIC 0
79 198 235 198 235 415 79 415 PLASTIC 0
163 174 223 174 223 232 163 232 PLASTIC 0
0 1 415 1 415 416 0 416 PLASTIC 0