369 329 415 329 415 415 369 415 PLASTIC 0
348 329 377 329 377 401 348 401 PLASTIC 0
319 322 348 322 348 392 319 392 PLASTIC 0
221 298 264 298 264 384 221 384 PLASTIC 0
182 324 223 324 223 415 182 415 PLASTIC 0
174 252.99999999999997 228.00000000000003 252.99999999999997 228.00000000000003 337 174 337 PLASTIC 0
24 302 74 302 74 381 24 381 PLASTIC 0
3 3 62.99999999999999 3 62.99999999999999 89 3 89 PLASTIC 0
75 3 105 3 105 28 75 28 PLASTIC 0
59.99999999999999 20 116 20 116 104 59.99999999999999 104 PLASTIC 0
36 33 79 33 79 106.99999999999999 36 106.99999999999999 PLASTIC 0
26 82 86 82 86 171 26 171 PLASTIC 0
6 106 46 106 46 176 6 176 PLASTIC 0
13 70 27.000000000000004 70 27.000000000000004 106.99999999999999 13 106.99999999999999 PLASTIC 0
2 129 27.000000000000004 129 27.000000000000004 238 2 238 PLASTIC 0
12 176 68 176 68 270 12 270 PLASTIC 0
8 252.99999999999997 42 252.99999999999997 42 313 8 313 PLASTIC 0
1 260 21 260 21 320 1 320 PLASTIC 0
1 310 25 310 25 364 1 364 PLASTIC 0
11 347 36 347 36 401 11 401 PLASTIC 0
2 362 10 362 10 406 2 406 PLASTIC 0
37 369 86 369 86 415 37 415 PLASTIC 0
91 329 135 329 135 411 91 411 PLASTIC 0
96 245 140 245 140 334 96 334 PLASTIC 0
52 225 99 225 99 302 52 302 PLASTIC 0
62.99999999999999 169 103 169 103 225.99999999999997 62.99999999999999 225.99999999999997 PLASTIC 0
93 127.00000000000001 143 127.00000000000001 143 221 93 221 PLASTIC 0
85 104 117 104 117 151 85 151 PLASTIC 0
119 70 175 70 175 184 119 184 PLASTIC 0
122 42 169 42 169 109 122 109 PLASTIC 0
106.99999999999999 3 154 3 154 33 106.99999999999999 33 PLASTIC 0
106 23 154 23 154 65 106 65 PLASTIC 0
143 173 186 173 186 245 143 245 PLASTIC 0
136 218 170 218 170 275 136 275 PLASTIC 0
132 277 166 277 166 349 132 349 PLASTIC 0
134 346 175 346 175 415 134 415 PLASTIC 0
223 359 286 359 286 415 223 415 PLASTIC 0
277 376 320 376 320 415 277 415 PLASTIC 0
266 300 326 300 326 394 266 394 PLASTIC 0
259 181 341 181 341 315 259 315 PLASTIC 0
246 200 282 200 282 270 246 270 PLASTIC 0
258 87 301 87 301 157 258 157 PLASTIC 0
255.00000000000003 129 289 129 289 196 255.00000000000003 196 PLASTIC 0
217 65 269 65 269 203 217 203 PLASTIC 0
211 3 255.00000000000003 3 255.00000000000003 70 211 70 PLASTIC 0
182 3 213.99999999999997 3 213.99999999999997 67 182 67 PLASTIC 0
153 3 200 3 200 82 153 82 PLASTIC 0
173 62 215.00000000000003 62 215.00000000000003 129 173 129 PLASTIC 0
172 119 213.99999999999997 119 213.99999999999997 191 172 191 PLASTIC 0
172 183 208 183 208 255.00000000000003 172 255.00000000000003 PLASTIC 0
204 181 251 181 251 265 204 265 PLASTIC 0
223 225.99999999999997 262 225.99999999999997 262 290 223 290 PLASTIC 0
376 235 415 235 415 310 376 310 PLASTIC 0
318 186 380 186 380 308 318 308 PLASTIC 0
283 129 344 129 344 211 283 211 PLASTIC 0
344 97 409 97 409 211 344 211 PLASTIC 0
353 44 415 44 415 192 353 192 PLASTIC 0
339 3 369 3 369 92 339 92 PLASTIC 0
285 3 351 3 351 109 285 109 PLASTIC 0
369 3 401 3 401 50 369 50 PLASTIC 0
251 3 290 3 290 95 251 95 PLASTIC 0
296 69 348 69 348 146 296 146 PLASTIC 0
1 2 415 2 415 415 1 415 PLASTIC 0