357 364 403 364 403 414 357 414 PLASTIC 0
403 336 415 336 415 414 403 414 PLASTIC 0
360 298 412 298 412 368 360 368 PLASTIC 0
363 252.99999999999997 415 252.99999999999997 415 305 363 305 PLASTIC 0
372 248 396 248 396 280 372 280 PLASTIC 0
385 203 415 203 415 257 385 257 PLASTIC 0
306 307 376 307 376 414 306 414 PLASTIC 0
350 384 372 384 372 414 350 414 PLASTIC 0
333 262 363 262 363 310 333 310 PLASTIC 0
356 223 394 223 394 289 356 289 PLASTIC 0
290 139 392 139 392 230 290 230 PLASTIC 0
292 141 301 141 301 155 292 155 PLASTIC 0
389 155 415 155 415 203 389 203 PLASTIC 0
362 89 400 89 400 153 362 153 PLASTIC 0
397 87 415 87 415 153 397 153 PLASTIC 0
385 5 415 5 415 89 385 89 PLASTIC 0
257 0 406 0 406 87 257 87 PLASTIC 0
215.00000000000003 0 385 0 385 123 215.00000000000003 123 PLASTIC 0
212 5 228.00000000000003 5 228.00000000000003 35 212 35 PLASTIC 0
286 159 312 159 312 193 286 193 PLASTIC 0
274 157 310 157 310 219 274 219 PLASTIC 0
266 232 292 232 292 266 266 266 PLASTIC 0
238 209 291 209 291 277 238 277 PLASTIC 0
217 259 338 259 338 334 217 334 PLASTIC 0
202 293 279 293 279 371 202 371 PLASTIC 0
254.00000000000003 334 307 334 307 414 254.00000000000003 414 PLASTIC 0
247 377 268 377 268 407 247 407 PLASTIC 0
251.99999999999997 396 288 396 288 414 251.99999999999997 414 PLASTIC 0
168 282 250 282 250 414 168 414 PLASTIC 0
195 384 241.00000000000003 384 241.00000000000003 414 195 414 PLASTIC 0
150 357 200 357 200 414 150 414 PLASTIC 0
109 384 153 384 153 414 109 414 PLASTIC 0
118 294 159 294 159 403 118 403 PLASTIC 0
160 321 180 321 180 357 160 357 PLASTIC 0
99 245 238 245 238 323 99 323 PLASTIC 0
76 310 119.99999999999999 310 119.99999999999999 412 76 412 PLASTIC 0
42 389 68 389 68 414 42 414 PLASTIC 0
254.00000000000003 176 272 176 272 213.99999999999997 254.00000000000003 213.99999999999997 PLASTIC 0
125 176 271 176 271 296 125 296 PLASTIC 0
170 176 186 176 186 213.99999999999997 170 213.99999999999997 PLASTIC 0
121.00000000000001 152 185 152 185 213.99999999999997 121.00000000000001 213.99999999999997 PLASTIC 0
173 141 252.99999999999997 141 252.99999999999997 195 173 195 PLASTIC 0
188 73 291 73 291 143 188 143 PLASTIC 0
216.00000000000003 37 304 37 304 119 216.00000000000003 119 PLASTIC 0
0 366 44 366 44 414 0 414 PLASTIC 0
44 323 92 323 92 401 44 401 PLASTIC 0
0 230 64 230 64 373 0 373 PLASTIC 0
0 259 34 259 34 339 0 339 PLASTIC 0
0 186 90 186 90 282 0 282 PLASTIC 0
0 98 64 98 64 218 0 218 PLASTIC 0
62 85 83 85 83 121.00000000000001 62 121.00000000000001 PLASTIC 0
105 70 127.00000000000001 70 127.00000000000001 98 105 98 PLASTIC 0
73 0 125.99999999999999 0 125.99999999999999 100 73 100 PLASTIC 0
41 0 93 0 93 123 41 123 PLASTIC 0
0 1 41 1 41 73 0 73 PLASTIC 0
0 0 3 0 3 25 0 25 PLASTIC 0
0 62.99999999999999 46 62.99999999999999 46 148 0 148 PLASTIC 0
144 0 165 0 165 29.999999999999996 144 29.999999999999996 PLASTIC 0
115 0 163 0 163 59 115 59 PLASTIC 0
114.00000000000001 5 218 5 218 137 114.00000000000001 137 PLASTIC 0
150 114.00000000000001 182 114.00000000000001 182 157 150 157 PLASTIC 0
188 1 213.99999999999997 1 213.99999999999997 5 188 5 PLASTIC 0
168 1 242.00000000000003 1 242.00000000000003 23 168 23 PLASTIC 0
125.99999999999999 114.00000000000001 156 114.00000000000001 156 155 125.99999999999999 155 PLASTIC 0
79 134 141 134 141 232 79 232 PLASTIC 0
71 87 117 87 117 157 71 157 PLASTIC 0
64 230 124 230 124 316 64 316 PLASTIC 0
0 0 415 0 415 414 0 414 PLASTIC 0