207 1 325 1 325 25 207 25 PLASTIC 0
3 2 318 2 318 84 3 84 PLASTIC 0
3 41 306 41 306 158 3 158 PLASTIC 0
3 104 287 104 287 277 3 277 PLASTIC 0
210 112.99999999999999 332 112.99999999999999 332 163 210 163 PLASTIC 0
165 164 320 164 320 254.00000000000003 165 254.00000000000003 PLASTIC 0
3 239.99999999999997 304 239.99999999999997 304 378 3 378 PLASTIC 0
163 236 327 236 327 298 163 298 PLASTIC 0
2 322 318 322 318 415 2 415 PLASTIC 0
164 384 330 384 330 415 164 415 PLASTIC 0
287 2 323 2 323 22 287 22 PLASTIC 0
280 24 316 24 316 74 280 74 PLASTIC 0
258 87 308 87 308 143 258 143 PLASTIC 0
296 112.99999999999999 332 112.99999999999999 332 161 296 161 PLASTIC 0
231 155 285 155 285 223 231 223 PLASTIC 0
277 178 315 178 315 230 277 230 PLASTIC 0
257 268 301 268 301 328 257 328 PLASTIC 0
291 249 327 249 327 299 291 299 PLASTIC 0
280 328 320 328 320 382 280 382 PLASTIC 0
291 400 327 400 327 415 291 415 PLASTIC 0